500.0	219772.0
519.904	214796.0
539.808	209819.0
559.712	204843.0
579.616	199866.0
599.52	194890.0
619.424	189914.0
639.328	184937.0
659.232	179961.0
679.136	174985.0
699.04	170008.0
718.944	165032.0
738.848	160055.0
758.752	155079.0
778.656	150103.0
798.56	145126.0
818.464	140150.0
838.368	135173.0
858.272	130197.0
878.176	125221.0
898.08	120244.0
917.984	115268.0
937.888	110291.0
957.792	105315.0
977.696	100339.0
997.599	95362.3
1017.5	90385.9
1037.41	85812.4
1057.31	81429.5
1077.22	77494.3
1097.12	83705.7
1117.02	80020.4
1136.93	76713.9
1156.83	73667.0
1176.74	70707.6
1196.64	67911.9
1216.54	65328.7
1236.45	62765.5
1256.35	60406.4
1276.26	58217.0
1296.16	56115.7
1316.06	54111.9
1335.97	52218.2
1355.87	50411.1
1375.78	48661.9
1395.68	47020.9
1415.58	45493.9
1435.49	43972.8
1455.39	42537.0
1475.3	41171.0
1495.2	39883.0
1515.1	38639.8
1535.01	37399.6
1554.91	36175.8
1574.81	35064.7
1594.72	33988.4
1614.62	32947.1
1634.53	31964.2
1654.43	31008.8
1674.33	30095.1
1694.24	29216.7
1714.14	28371.6
1734.05	27561.7
1753.95	26774.4
1773.85	26054.9
1793.76	25348.1
1813.66	24657.6
1833.57	23990.1
1853.47	23333.4
1873.37	22723.9
1893.28	22123.3
1913.18	21561.4
1933.09	21009.1
1952.99	20484.2
1972.89	19970.7
1992.8	19478.6
2012.7	18983.3
2032.61	18510.1
2052.51	18047.7
2072.41	17599.8
2092.32	17162.5
2112.22	16740.0
2132.13	16332.3
2152.03	15945.9
2171.93	15565.6
2191.84	15199.5
2211.74	14838.6
2231.65	14500.5
2251.55	14163.2
2271.45	13848.2
2291.36	13533.2
2311.26	13236.2
2331.17	12943.3
2351.07	12660.0
2370.97	12384.5
2390.88	12114.7
2410.78	11863.0
2430.69	11611.3
2450.59	11369.1
2470.49	11128.2
2490.4	10897.8
2510.3	10677.1
2530.21	10456.9
2550.11	10246.5
2570.01	10036.1
2589.92	9838.62
2609.82	9649.73
2629.73	9461.08
2649.63	9278.81
2669.53	9096.55
2689.44	8920.57
2709.34	8751.56
2729.25	8582.55
2749.15	8424.59
2769.05	8268.42
2788.96	8113.54
2808.86	7966.13
2828.77	7818.72
2848.67	7676.62
2868.57	7541.41
2888.48	7406.21
2908.38	7276.72
2928.29	7150.7
2948.19	7024.68
2968.09	6902.88
2988.0	6782.41
3007.9	6661.46
3027.81	6547.41
3047.71	6434.26
3067.61	6321.11
3087.52	6214.96
3107.42	6109.33
3127.33	6003.7
3147.23	5904.47
3167.13	5805.84
3187.04	5707.2
3206.94	5615.34
3226.85	5524.67
3246.75	5433.99
3266.65	5346.45
3286.56	5260.33
3306.46	5174.22
3326.37	5091.65
3346.27	5012.35
3366.17	4933.04
3386.08	4855.09
3405.98	4781.08
3425.89	4707.08
3445.79	4633.07
3465.69	4564.38
3485.6	4496.03
3505.5	4427.68
3525.41	4361.15
3545.31	4296.28
3565.21	4231.41
3585.12	4167.1
3605.02	4107.46
3624.92	4047.83
3644.83	3988.19
3664.73	3931.05
3684.64	3875.65
3704.54	3820.26
3724.45	3764.86
3744.35	3713.13
3764.25	3661.5
3784.16	3609.87
3804.06	3559.22
3823.96	3510.8
3843.87	3462.38
3863.77	3413.96
3883.68	3367.72
3903.58	3323.02
3923.48	3278.33
3943.39	3233.63
3963.29	3190.56
3983.2	3147.98
4003.1	3105.61
4023.0	3064.37
4042.91	3024.82
4062.81	2985.46
4082.72	2946.09
4102.62	2906.73
4122.52	2869.59
4142.43	2832.62
4162.33	2795.65
4182.24	2758.68
4202.14	2724.41
4222.04	2690.4
4241.95	2656.39
4261.85	2622.39
4281.76	2589.83
4301.66	2557.66
4321.56	2525.49
4341.47	2493.31
4361.37	2462.72
4381.28	2433.1
4401.18	2403.47
4421.08	2373.84
4440.99	2345.0
4460.89	2317.61
4480.8	2290.22
4500.7	2262.83
4520.6	2235.44
4540.51	2209.48
4560.41	2183.55
4580.32	2157.63
4600.22	2131.7
4620.12	2106.93
4640.03	2083.08
4659.93	2059.23
4679.84	2035.38
4699.74	2011.6
4719.64	1989.37
4739.55	1967.14
4759.45	1944.91
4779.36	1922.68
4799.26	1901.1
4819.16	1880.42
4839.07	1859.74
4858.97	1839.07
4878.88	1818.39
4898.78	1798.73
4918.68	1779.51
4938.59	1760.3
4958.49	1741.09
4978.4	1721.87
4998.3	1703.23
5018.2	1685.39
5038.11	1667.63
5058.01	1649.86
5077.92	1632.09
5097.82	1615.19
5117.72	1598.28
5137.63	1581.38
5157.53	1564.48
5177.44	1547.61
5197.34	1531.88
5217.24	1516.15
5237.15	1500.42
5257.05	1484.69
5276.96	1468.96
5296.86	1454.3
5316.76	1439.69
5336.67	1425.09
5356.57	1410.49
5376.48	1395.88
5396.38	1382.21
5416.28	1368.82
5436.19	1355.43
5456.09	1342.03
5476.0	1328.64
5495.9	1315.59
5515.8	1302.95
5535.71	1290.31
5555.61	1277.68
5575.52	1265.04
5595.42	1252.47
5615.32	1240.68
5635.23	1228.9
5655.13	1217.11
5675.04	1205.33
5694.94	1193.55
5714.84	1182.31
5734.75	1171.44
5754.65	1160.58
5774.55	1149.71
5794.46	1138.85
5814.36	1127.98
5834.27	1117.79
5854.17	1107.62
5874.07	1097.45
5893.98	1087.28
5913.88	1077.11
5933.79	1067.17
5953.69	1057.78
5973.59	1048.39
5993.5	1039.0
6013.4	1029.46
6033.31	1019.86
6053.21	1010.63
6073.11	1001.82
6093.02	993.016
6112.92	984.211
6132.83	975.405
6152.73	966.6
6172.63	958.102
6192.54	949.934
6212.44	941.765
6232.35	933.596
6252.25	925.427
6272.15	917.259
6292.06	909.306
6311.96	901.611
6331.87	893.916
6351.77	886.221
6371.67	878.527
6391.58	870.832
6411.48	863.294
6431.39	856.169
6451.29	849.043
6471.19	841.918
6491.1	834.792
6511.0	827.667
6530.91	820.541
6550.81	813.924
6570.71	807.309
6590.62	800.694
6610.52	794.078
6630.43	787.463
6650.33	780.848
6670.23	774.489
6690.14	768.326
6710.04	762.164
6729.95	756.002
6749.85	749.839
6769.75	743.677
6789.66	737.53
6809.56	731.824
6829.47	726.118
6849.37	720.413
6869.27	714.707
6889.18	709.001
6909.08	703.296
6928.99	697.721
6948.89	692.388
6968.79	687.055
6988.7	681.721
7008.6	676.388
7028.51	671.055
7048.41	665.722
7068.31	660.615
7088.22	655.679
7108.12	650.743
7128.03	645.808
7147.93	640.872
7167.83	635.937
7187.74	631.001
7207.64	626.285
7227.55	621.694
7247.45	617.103
7267.35	612.512
7287.26	607.921
7307.16	603.33
7327.07	598.74
7346.97	594.321
7366.87	590.043
7386.78	585.764
7406.68	581.486
7426.59	577.207
7446.49	572.929
7466.39	568.651
7486.3	564.481
7506.2	560.499
7526.1	556.516
7546.01	552.534
7565.91	548.552
7585.82	544.57
7605.72	540.588
7625.63	536.615
7645.53	532.942
7665.43	529.269
7685.34	525.596
7705.24	521.923
7725.15	518.25
7745.05	514.577
7764.95	510.904
7784.86	507.353
7804.76	503.929
7824.67	500.504
7844.57	497.079
7864.47	493.655
7884.38	490.23
7904.28	486.805
7924.18	483.381
7944.09	480.074
7963.99	476.786
7983.9	473.499
8003.8	470.241
8023.7	467.108
8043.61	463.975
8063.51	460.842
8083.42	457.72
8103.32	454.735
8123.23	451.751
8143.13	448.767
8163.03	445.782
8182.94	442.798
8202.84	439.813
8222.74	436.829
8242.65	433.871
8262.55	431.09
8282.46	428.308
8302.36	425.526
8322.26	422.744
8342.17	419.962
8362.07	417.181
8381.98	414.399
8401.88	411.626
8421.78	409.039
8441.69	406.452
8461.59	403.866
8481.5	401.279
8501.4	398.692
8521.3	396.105
8541.21	393.519
8561.11	390.932
8581.02	388.489
8600.92	386.08
8620.82	383.671
8640.73	381.263
8660.63	378.854
8680.54	376.446
8700.44	374.037
8720.34	371.628
8740.25	369.296
8760.15	367.072
8780.06	364.849
8799.96	362.625
8819.86	360.401
8839.77	358.177
8859.67	355.953
8879.58	353.73
8899.48	351.506
8919.38	349.374
8939.29	347.261
8959.19	345.148
8979.1	548.887
8999.0	2481.73
9018.9	2469.01
9038.81	2456.3
9058.71	2443.58
9078.62	2430.92
9098.52	2418.95
9118.42	2406.99
9138.33	2395.03
9158.23	2383.06
9178.14	2371.1
9198.04	2359.14
9217.94	2347.17
9237.85	2335.21
9257.75	2323.32
9277.66	2311.93
9297.56	2300.54
9317.46	2289.15
9337.37	2277.76
9357.27	2266.37
9377.17	2254.97
9397.08	2243.58
9416.98	2232.19
9436.89	2220.83
9456.79	2210.18
9476.7	2199.52
9496.6	2188.87
9516.5	2178.21
9536.41	2167.56
9556.31	2156.9
9576.21	2146.25
9596.12	2135.59
9616.02	2124.94
9635.93	2114.75
9655.83	2104.68
9675.74	2094.61
9695.64	2084.54
9715.54	2074.48
9735.45	2064.41
9755.35	2054.34
9775.25	2044.27
9795.16	2034.2
9815.06	2024.3
9834.97	2014.71
9854.87	2005.11
9874.77	1995.52
9894.68	1985.92
9914.58	1976.33
9934.49	1966.73
9954.39	1957.14
9974.29	1947.54
9994.2	1937.95
10014.1	1928.86
10034.0	1919.99
10053.9	1911.12
10073.8	1902.25
10093.7	1893.37
10113.6	1884.5
10133.5	1875.63
10153.4	1866.75
10173.3	1857.88
10193.2	1849.01
10213.1	1840.06
10233.0	1831.08
10253.0	1822.09
10272.9	1813.11
10292.8	1804.13
10312.7	1795.14
10332.6	1786.16
10352.5	1777.17
10372.4	1768.19
10392.3	1759.33
10412.2	1751.44
10432.1	1743.56
10452.0	1735.67
10471.9	1727.78
10491.8	1719.89
10511.7	1712.01
10531.6	1704.12
10551.5	1696.23
10571.4	1688.35
10591.3	1680.46
10611.2	1672.75
10631.1	1665.19
10651.0	1657.62
10670.9	1650.06
10690.8	1642.49
10710.7	1634.93
10730.6	1627.36
10750.5	1619.8
10770.5	1612.23
10790.4	1604.67
10810.3	1597.1
10830.2	1589.78
10850.1	1582.46
10870.0	1575.13
10889.9	1567.81
10909.8	1560.49
10929.7	1553.16
10949.6	1545.84
10969.5	1538.51
10989.4	1531.19
11009.3	1523.87
11029.2	1516.69
11049.1	1509.69
11069.0	1502.69
11088.9	1495.69
11108.8	1488.68
11128.7	1481.68
11148.6	1474.68
11168.5	1467.68
11188.4	1460.68
11208.3	1453.68
11228.2	1446.67
11248.1	1440.17
11268.1	1433.72
11288.0	1427.27
11307.9	1420.81
11327.8	1414.36
11347.7	1407.91
11367.6	1401.45
11387.5	1395.0
11407.4	1388.55
11427.3	1382.09
11447.2	1375.64
11467.1	1369.68
11487.0	1363.8
11506.9	1357.92
11526.8	1352.05
11546.7	1346.17
11566.6	1340.29
11586.5	1334.41
11606.4	1328.53
11626.3	1322.65
11646.2	1316.77
11666.1	1310.9
11686.0	1305.03
11705.9	1299.19
11725.8	1293.35
11745.7	1287.51
11765.7	1281.68
11785.6	1275.84
11805.5	1270.0
11825.4	1264.16
11845.3	1258.32
11865.2	1252.48
11885.1	1246.64
11905.0	1240.96
11924.9	1235.75
11944.8	1230.54
11964.7	1225.33
11984.6	1220.12
12004.5	1214.91
12024.4	1209.7
12044.3	1204.49
12064.2	1199.27
12084.1	1194.06
12104.0	1188.85
12123.9	1183.64
12143.8	1178.44
12163.7	1173.3
12183.6	1168.16
12203.5	1163.01
12223.4	1157.87
12243.3	1152.72
12263.3	1147.58
12283.2	1142.44
12303.1	1137.29
12323.0	1132.15
12342.9	1127.01
12362.8	1121.86
12382.7	1117.11
12402.6	1112.58
12422.5	1108.05
12442.4	1103.52
12462.3	1098.99
12482.2	1094.46
12502.1	1089.93
12522.0	1085.4
12541.9	1080.87
12561.8	1076.34
12581.7	1071.81
12601.6	1067.28
12621.5	1062.76
12641.4	1058.25
12661.3	1053.74
12681.2	1049.24
12701.1	1044.73
12721.0	1040.22
12740.9	1035.72
12760.9	1031.21
12780.8	1026.7
12800.7	1022.19
12820.6	1017.69
12840.5	1013.18
12860.4	1008.68
12880.3	1004.63
12900.2	1000.57
12920.1	996.514
12940.0	992.458
12959.9	988.401
12979.8	984.345
12999.7	980.289
13019.6	976.233
13039.5	972.177
13059.4	968.12
13079.3	964.064
13099.2	960.008
13119.1	956.083
13139.0	952.313
13158.9	948.542
13178.8	944.772
13198.7	941.002
13218.6	937.232
13238.5	933.462
13258.5	929.691
13278.4	925.921
13298.3	922.151
13318.2	918.381
13338.1	914.611
13358.0	910.84
13377.9	907.147
13397.8	903.572
13417.7	899.997
13437.6	896.422
13457.5	892.847
13477.4	889.271
13497.3	885.696
13517.2	882.121
13537.1	878.546
13557.0	874.971
13576.9	871.395
13596.8	867.82
13616.7	864.245
13636.6	860.768
13656.5	857.488
13676.4	854.208
13696.3	850.928
13716.2	847.648
13736.1	844.368
13756.1	841.088
13776.0	837.808
13795.9	834.528
13815.8	831.248
13835.7	827.967
13855.6	824.688
13875.5	821.408
13895.4	818.128
13915.3	814.982
13935.2	811.877
13955.1	808.773
13975.0	805.668
13994.9	802.563
14014.8	799.458
14034.7	796.354
14054.6	793.249
14074.5	790.144
14094.4	787.039
14114.3	783.934
14134.2	780.83
14154.1	777.725
14174.0	774.673
14193.9	771.83
14213.8	768.987
14233.7	766.144
14253.7	763.301
14273.6	760.458
14293.5	757.615
14313.4	754.772
14333.3	751.929
14353.2	749.086
14373.1	746.244
14393.0	743.401
14412.9	740.557
14432.8	737.715
14452.7	734.891
14472.6	732.193
14492.5	729.495
14512.4	726.797
14532.3	724.099
14552.2	721.401
14572.1	718.702
14592.0	716.004
14611.9	713.306
14631.8	710.608
14651.7	707.91
14671.6	705.212
14691.5	702.514
14711.4	699.816
14731.3	697.132
14751.3	694.64
14771.2	692.149
14791.1	689.658
14811.0	687.166
14830.9	684.675
14850.8	682.184
14870.7	679.692
14890.6	677.201
14910.5	674.71
14930.4	672.218
14950.3	669.727
14970.2	667.236
14990.1	664.744
15010.0	662.443
15029.9	660.219
15049.8	657.882
15069.7	655.545
15089.6	653.208
15109.5	650.871
15129.4	648.534
15149.3	646.197
15169.2	643.86
15189.1	641.523
15209.0	639.186
15228.9	636.849
15248.8	634.512
15268.8	632.175
15288.7	629.838
15308.6	627.501
15328.5	625.346
15348.4	623.205
15368.3	621.065
15388.2	618.924
15408.1	616.783
15428.0	614.642
15447.9	612.501
15467.8	610.361
15487.7	608.22
15507.6	606.079
15527.5	603.938
15547.4	601.798
15567.3	599.657
15587.2	597.516
15607.1	595.375
15627.0	593.387
15646.9	591.424
15666.8	589.461
15686.7	587.499
15706.6	585.536
15726.5	583.573
15746.5	581.611
15766.4	579.648
15786.3	577.685
15806.2	575.723
15826.1	573.76
15846.0	571.797
15865.9	569.834
15885.8	567.872
15905.7	565.909
15925.6	563.975
15945.5	562.116
15965.4	560.257
15985.3	558.398
16005.2	556.539
16025.1	554.68
16045.0	552.821
16064.9	550.962
16084.8	549.103
16104.7	547.243
16124.6	545.385
16144.5	543.525
16164.4	541.666
16184.3	539.807
16204.2	537.948
16224.1	536.089
16244.0	534.295
16264.0	532.529
16283.9	530.762
16303.8	528.996
16323.7	527.23
16343.6	525.463
16363.5	523.697
16383.4	521.93
16403.3	520.164
16423.2	518.398
16443.1	516.631
16463.0	514.865
16482.9	513.098
16502.8	511.332
16522.7	509.565
16542.6	507.824
16562.5	506.252
16582.4	504.68
16602.3	503.108
16622.2	501.535
16642.1	499.963
16662.0	498.391
16681.9	496.818
16701.8	495.246
16721.7	493.674
16741.6	492.101
16761.6	490.529
16781.5	488.957
16801.4	487.385
16821.3	485.812
16841.2	484.24
16861.1	482.668
16881.0	481.14
16900.9	479.65
16920.8	478.16
16940.7	476.669
16960.6	475.179
16980.5	473.689
17000.4	472.198
17020.3	470.708
17040.2	469.218
17060.1	467.727
17080.0	466.237
17099.9	464.747
17119.8	463.256
17139.7	461.766
17159.6	460.276
17179.5	458.785
17199.4	457.295
17219.3	455.879
17239.2	454.466
17259.2	453.052
17279.1	451.638
17299.0	450.225
17318.9	448.811
17338.8	447.398
17358.7	445.984
17378.6	444.571
17398.5	443.157
17418.4	441.744
17438.3	440.33
17458.2	438.917
17478.1	437.503
17498.0	436.09
17517.9	434.676
17537.8	433.321
17557.7	432.056
17577.6	430.79
17597.5	429.525
17617.4	428.26
17637.3	426.995
17657.2	425.73
17677.1	424.465
17697.0	423.2
17716.9	421.934
17736.8	420.669
17756.8	419.404
17776.7	418.139
17796.6	416.874
17816.5	415.609
17836.4	414.343
17856.3	413.078
17876.2	411.813
17896.1	410.599
17916.0	409.396
17935.9	408.194
17955.8	406.992
17975.7	405.789
17995.6	404.587
18015.5	403.384
18035.4	402.182
18055.3	400.98
18075.2	399.777
18095.1	398.575
18115.0	397.373
18134.9	396.17
18154.8	394.968
18174.7	393.765
18194.6	392.563
18214.5	391.361
18234.4	390.171
18254.3	389.027
18274.3	387.882
18294.2	386.738
18314.1	385.593
18334.0	384.449
18353.9	383.305
18373.8	382.16
18393.7	381.016
18413.6	379.871
18433.5	378.727
18453.4	377.582
18473.3	376.438
18493.2	375.293
18513.1	374.149
18533.0	373.005
18552.9	371.86
18572.8	370.716
18592.7	369.649
18612.6	368.626
18632.5	367.602
18652.4	366.579
18672.3	365.556
18692.2	364.533
18712.1	363.51
18732.0	362.486
18752.0	361.463
18771.9	360.44
18791.8	359.417
18811.7	358.394
18831.6	357.371
18851.5	356.347
18871.4	355.324
18891.3	354.301
18911.2	353.278
18931.1	352.255
18951.0	351.234
18970.9	350.256
18990.8	349.279
19010.7	348.301
19030.6	347.324
19050.5	346.346
19070.4	345.369
19090.3	344.391
19110.2	343.414
19130.1	342.436
19150.0	341.459
19169.9	340.481
19189.8	339.504
19209.7	338.526
19229.6	337.548
19249.5	336.571
19269.5	335.593
19289.4	334.616
19309.3	333.638
19329.2	332.686
19349.1	331.764
19369.0	330.841
19388.9	329.918
19408.8	328.995
19428.7	328.073
19448.6	327.15
19468.5	326.227
19488.4	325.305
19508.3	324.382
19528.2	323.459
19548.1	322.536
19568.0	321.614
19587.9	320.691
19607.8	319.768
19627.7	318.846
19647.6	317.923
19667.5	317.0
19687.4	316.078
19707.3	315.227
19727.2	314.388
19747.2	313.548
19767.1	312.708
19787.0	311.869
19806.9	311.029
19826.8	310.19
19846.7	309.35
19866.6	308.511
19886.5	307.671
19906.4	306.831
19926.3	305.992
19946.2	305.152
19966.1	304.313
19986.0	303.473
20005.9	302.638
20025.8	301.814
20045.7	300.99
20065.6	300.166
20085.5	299.351
20105.4	298.558
20125.3	297.765
20145.2	296.972
20165.1	296.179
20185.0	295.386
20204.9	294.593
20224.8	293.8
20244.7	293.007
20264.7	292.214
20284.6	291.42
20304.5	290.627
20324.4	289.834
20344.3	289.041
20364.2	288.248
20384.1	287.455
20404.0	286.662
20423.9	285.869
20443.8	285.076
20463.7	284.283
20483.6	283.529
20503.5	282.794
20523.4	282.059
20543.3	281.324
20563.2	280.589
20583.1	279.854
20603.0	279.118
20622.9	278.383
20642.8	277.648
20662.7	276.913
20682.6	276.178
20702.5	275.442
20722.4	274.707
20742.3	273.972
20762.3	273.237
20782.2	272.502
20802.1	271.766
20822.0	271.031
20841.9	270.296
20861.8	269.561
20881.7	268.858
20901.6	268.178
20921.5	267.498
20941.4	266.818
20961.3	266.137
20981.2	265.457
21001.1	264.777
21021.0	264.097
21040.9	263.417
21060.8	262.737
21080.7	262.056
21100.6	261.376
21120.5	260.696
21140.4	260.016
21160.3	259.336
21180.2	258.656
21200.1	257.975
21220.0	257.295
21239.9	256.615
21259.9	255.935
21279.8	255.255
21299.7	254.626
21319.6	253.999
21339.5	253.371
21359.4	252.743
21379.3	252.115
21399.2	251.488
21419.1	250.86
21439.0	250.232
21458.9	249.604
21478.8	248.977
21498.7	248.349
21518.6	247.721
21538.5	247.093
21558.4	246.466
21578.3	245.838
21598.2	245.21
21618.1	244.582
21638.0	243.955
21657.9	243.327
21677.8	242.699
21697.7	242.071
21717.6	241.469
21737.5	240.869
21757.5	240.269
21777.4	239.67
21797.3	239.07
21817.2	238.471
21837.1	237.871
21857.0	237.272
21876.9	236.672
21896.8	236.072
21916.7	235.473
21936.6	234.873
21956.5	234.274
21976.4	233.674
21996.3	233.075
22016.2	232.475
22036.1	231.875
22056.0	231.276
22075.9	230.676
22095.8	230.077
22115.7	229.477
22135.6	228.91
22155.5	228.352
22175.4	227.794
22195.3	227.236
22215.2	226.678
22235.1	226.119
22255.1	225.561
22275.0	225.003
22294.9	224.445
22314.8	223.887
22334.7	223.329
22354.6	222.771
22374.5	222.213
22394.4	221.654
22414.3	221.096
22434.2	220.538
22454.1	219.98
22474.0	219.422
22493.9	218.864
22513.8	218.306
22533.7	217.747
22553.6	217.197
22573.5	216.683
22593.4	216.168
22613.3	215.653
22633.2	215.138
22653.1	214.624
22673.0	214.109
22692.9	213.594
22712.8	213.08
22732.7	212.565
22752.7	212.05
22772.6	211.535
22792.5	211.021
22812.4	210.506
22832.3	209.991
22852.2	209.477
22872.1	208.962
22892.0	208.447
22911.9	207.932
22931.8	207.418
22951.7	206.903
22971.6	206.388
22991.5	205.876
23011.4	205.399
23031.3	204.923
23051.2	204.446
23071.1	203.969
23091.0	203.492
23110.9	203.015
23130.8	202.538
23150.7	202.061
23170.6	201.584
23190.5	201.107
23210.4	200.63
23230.3	200.153
23250.3	199.676
23270.2	199.199
23290.1	198.722
23310.0	198.245
23329.9	197.768
23349.8	197.291
23369.7	196.814
23389.6	196.337
23409.5	195.86
23429.4	195.383
23449.3	194.921
23469.2	194.476
23489.1	194.032
23509.0	193.587
23528.9	193.143
23548.8	192.698
23568.7	192.254
23588.6	191.809
23608.5	191.365
23628.4	190.92
23648.3	190.475
23668.2	190.031
23688.1	189.586
23708.0	189.142
23727.9	188.697
23747.8	188.253
23767.8	187.808
23787.7	187.363
23807.6	186.919
23827.5	186.474
23847.4	186.03
23867.3	185.585
23887.2	185.141
23907.1	184.708
23927.0	184.298
23946.9	183.888
23966.8	183.478
23986.7	183.069
24006.6	182.659
24026.5	182.249
24046.4	181.839
24066.3	181.429
24086.2	181.019
24106.1	180.609
24126.0	180.199
24145.9	179.789
24165.8	179.379
24185.7	178.969
24205.6	178.559
24225.5	178.149
24245.4	177.739
24265.4	177.329
24285.3	176.919
24305.2	176.51
24325.1	176.1
24345.0	175.69
24364.9	175.28
24384.8	174.889
24404.7	174.505
24424.6	174.122
24444.5	173.738
24464.4	173.354
24484.3	172.97
24504.2	172.586
24524.1	172.203
24544.0	171.819
24563.9	171.435
24583.8	171.051
24603.7	170.667
24623.6	170.284
24643.5	169.9
24663.4	169.516
24683.3	169.132
24703.2	168.749
24723.1	168.365
24743.0	167.981
24763.0	167.597
24782.9	167.213
24802.8	166.83
24822.7	166.446
24842.6	166.062
24862.5	165.691
24882.4	165.329
24902.3	164.966
24922.2	164.603
24942.1	164.241
24962.0	163.878
24981.9	163.515
25001.8	163.153
25021.7	162.79
25041.6	162.427
25061.5	162.065
25081.4	161.702
25101.3	161.339
25121.2	160.977
25141.1	160.614
25161.0	160.251
25180.9	159.889
25200.8	159.526
25220.7	159.163
25240.6	158.801
25260.6	158.438
25280.5	158.075
25300.4	157.713
25320.3	157.35
25340.2	157.005
25360.1	156.677
25380.0	156.349
25399.9	156.022
25419.8	155.694
25439.7	155.366
25459.6	155.038
25479.5	154.71
25499.4	154.382
25519.3	154.054
25539.2	153.726
25559.1	153.399
25579.0	153.071
25598.9	152.743
25618.8	152.415
25638.7	152.087
25658.6	151.759
25678.5	151.431
25698.4	151.103
25718.3	150.776
25738.2	150.448
25758.2	150.12
25778.1	149.792
25798.0	149.464
25817.9	149.136
25837.8	148.814
25857.7	148.499
25877.6	148.185
25897.5	147.87
25917.4	147.556
25937.3	147.242
25957.2	146.927
25977.1	146.613
25997.0	146.299
26016.9	145.984
26036.8	145.67
26056.7	145.356
26076.6	145.041
26096.5	144.727
26116.4	144.413
26136.3	144.098
26156.2	143.784
26176.1	143.469
26196.0	143.155
26215.9	142.841
26235.8	142.526
26255.8	142.212
26275.7	141.898
26295.6	141.583
26315.5	141.269
26335.4	140.962
26355.3	140.676
26375.2	140.39
26395.1	140.104
26415.0	139.818
26434.9	139.532
26454.8	139.246
26474.7	138.96
26494.6	138.674
26514.5	138.388
26534.4	138.102
26554.3	137.816
26574.2	137.53
26594.1	137.244
26614.0	136.958
26633.9	136.672
26653.8	136.386
26673.7	136.1
26693.6	135.814
26713.5	135.528
26733.4	135.242
26753.4	134.956
26773.3	134.67
26793.2	134.384
26813.1	134.098
26833.0	133.812
26852.9	133.528
26872.8	133.258
26892.7	132.989
26912.6	132.719
26932.5	132.449
26952.4	132.179
26972.3	131.91
26992.2	131.64
27012.1	131.37
27032.0	131.1
27051.9	130.831
27071.8	130.561
27091.7	130.291
27111.6	130.021
27131.5	129.751
27151.4	129.482
27171.3	129.212
27191.2	128.942
27211.1	128.672
27231.0	128.403
27251.0	128.133
27270.9	127.863
27290.8	127.593
27310.7	127.324
27330.6	127.054
27350.5	126.784
27370.4	126.515
27390.3	126.267
27410.2	126.02
27430.1	125.773
27450.0	125.526
27469.9	125.278
27489.8	125.031
27509.7	124.784
27529.6	124.537
27549.5	124.289
27569.4	124.042
27589.3	123.795
27609.2	123.548
27629.1	123.3
27649.0	123.053
27668.9	122.806
27688.8	122.559
27708.7	122.311
27728.6	122.064
27748.5	121.817
27768.5	121.57
27788.4	121.322
27808.3	121.075
27828.2	120.828
27848.1	120.581
27868.0	120.333
27887.9	120.086
27907.8	119.839
27927.7	119.603
27947.6	119.368
27967.5	119.133
27987.4	118.899
28007.3	118.664
28027.2	118.429
28047.1	118.194
28067.0	117.96
28086.9	117.725
28106.8	117.49
28126.7	117.255
28146.6	117.021
28166.5	116.786
28186.4	116.551
28206.3	116.316
28226.2	116.082
28246.1	115.847
28266.1	115.612
28286.0	115.378
28305.9	115.143
28325.8	114.908
28345.7	114.673
28365.6	114.439
28385.5	114.204
28405.4	113.969
28425.3	113.734
28445.2	113.5
28465.1	113.283
28485.0	113.071
28504.9	112.86
28524.8	112.649
28544.7	112.438
28564.6	112.226
28584.5	112.015
28604.4	111.804
28624.3	111.593
28644.2	111.381
28664.1	111.17
28684.0	110.959
28703.9	110.748
28723.8	110.536
28743.8	110.325
28763.7	110.114
28783.6	109.902
28803.5	109.691
28823.4	109.48
28843.3	109.269
28863.2	109.057
28883.1	108.846
28903.0	108.635
28922.9	108.424
28942.8	108.212
28962.7	108.001
28982.6	107.79
29002.5	107.579
29022.4	107.375
29042.3	107.177
29062.2	106.978
29082.1	106.779
29102.0	106.581
29121.9	106.382
29141.8	106.183
29161.7	105.985
29181.6	105.786
29201.5	105.587
29221.4	105.389
29241.3	105.19
29261.3	104.991
29281.2	104.793
29301.1	104.594
29321.0	104.395
29340.9	104.197
29360.8	103.998
29380.7	103.799
29400.6	103.601
29420.5	103.402
29440.4	103.203
29460.3	103.005
29480.2	102.806
29500.1	102.607
29520.0	102.409
29539.9	102.21
29559.8	102.011
29579.7	101.813
29599.6	101.623
29619.5	101.434
29639.4	101.245
29659.3	101.056
29679.2	100.867
29699.1	100.678
29719.0	100.489
29738.9	100.3
29758.8	100.11
29778.8	99.9213
29798.7	99.7321
29818.6	99.543
29838.5	99.3539
29858.4	99.1648
29878.3	98.9756
29898.2	98.7865
29918.1	98.5974
29938.0	98.4083
29957.9	98.2191
29977.8	98.03
29997.7	97.8409
30017.6	97.6496
30037.5	97.4581
30057.4	97.2665
30077.3	97.075
30097.2	96.8834
30117.1	96.6919
30137.0	96.5003
30156.9	96.3156
30176.8	96.1438
30196.7	95.9719
30216.6	95.8
30236.5	95.6281
30256.5	95.4563
30276.4	95.2844
30296.3	95.1125
30316.2	94.9406
30336.1	94.7688
30356.0	94.5969
30375.9	94.425
30395.8	94.2532
30415.7	94.0813
30435.6	93.9094
30455.5	93.7375
30475.4	93.5656
30495.3	93.3938
30515.2	93.2219
30535.1	93.05
30555.0	92.8782
30574.9	92.7063
30594.8	92.5344
30614.7	92.3625
30634.6	92.1907
30654.5	92.0188
30674.4	91.8469
30694.3	91.675
30714.2	91.5032
30734.1	91.3313
30754.1	91.1674
30774.0	91.0069
30793.9	90.8463
30813.8	90.6857
30833.7	90.5252
30853.6	90.3646
30873.5	90.2041
30893.4	90.0435
30913.3	89.8829
30933.2	89.7224
30953.1	89.5618
30973.0	89.4013
30992.9	89.2407
31012.8	89.0801
31032.7	88.9196
31052.6	88.759
31072.5	88.5985
31092.4	88.4379
31112.3	88.2774
31132.2	88.1168
31152.1	87.9562
31172.0	87.7957
31191.9	87.6351
31211.8	87.4746
31231.7	87.314
31251.7	87.1534
31271.6	86.9929
31291.5	86.8323
31311.4	86.6718
31331.3	86.5112
31351.2	86.3581
31371.1	86.2109
31391.0	86.0637
31410.9	85.9165
31430.8	85.7693
31450.7	85.6221
31470.6	85.4749
31490.5	85.3277
31510.4	85.1805
31530.3	85.0333
31550.2	84.8861
31570.1	84.7389
31590.0	84.5917
31609.9	84.4445
31629.8	84.2973
31649.7	84.1501
31669.6	84.0029
31689.5	83.8557
31709.4	83.7085
31729.3	83.5613
31749.2	83.4141
31769.2	83.2669
31789.1	83.1197
31809.0	82.9725
31828.9	82.8253
31848.8	82.6781
31868.7	82.5309
31888.6	82.3837
31908.5	82.2365
31928.4	82.0893
31948.3	81.9421
31968.2	81.798
31988.1	81.6585
32008.0	81.5189
32027.9	81.3793
32047.8	81.2397
32067.7	81.1002
32087.6	80.9606
32107.5	80.8211
32127.4	80.6815
32147.3	80.5419
32167.2	80.4023
32187.1	80.2628
32207.0	80.1232
32226.9	79.9836
32246.8	79.8441
32266.8	79.7045
32286.7	79.5649
32306.6	79.4253
32326.5	79.2858
32346.4	79.1462
32366.3	79.0067
32386.2	78.8671
32406.1	78.7275
32426.0	78.588
32445.9	78.4484
32465.8	78.3088
32485.7	78.1692
32505.6	78.0297
32525.5	77.8901
32545.4	77.7505
32565.3	77.6109
32585.2	77.4745
32605.1	77.347
32625.0	77.2195
32644.9	77.0919
32664.8	76.9643
32684.7	76.8368
32704.6	76.7093
32724.5	76.5817
32744.4	76.4541
32764.4	76.3266
32784.3	76.199
32804.2	76.0715
32824.1	75.9439
32844.0	75.8164
32863.9	75.6888
32883.8	75.5613
32903.7	75.4338
32923.6	75.3062
32943.5	75.1787
32963.4	75.0511
32983.3	74.9236
33003.2	74.796
33023.1	74.6684
33043.0	74.5409
33062.9	74.4134
33082.8	74.2858
33102.7	74.1583
33122.6	74.0307
33142.5	73.9032
33162.4	73.7756
33182.3	73.6481
33202.2	73.5205
33222.1	73.3938
33242.0	73.2745
33262.0	73.1552
33281.9	73.0358
33301.8	72.9165
33321.7	72.7971
33341.6	72.6778
33361.5	72.5584
33381.4	72.4391
33401.3	72.3197
33421.2	72.2004
33441.1	72.081
33461.0	71.9617
33480.9	71.8424
33500.8	71.723
33520.7	71.6036
33540.6	71.4843
33560.5	71.365
33580.4	71.2456
33600.3	71.1263
33620.2	71.0069
33640.1	70.8876
33660.0	70.7682
33679.9	70.6489
33699.8	70.5295
33719.7	70.4102
33739.6	70.2908
33759.6	70.1715
33779.5	70.0521
33799.4	69.9328
33819.3	69.8135
33839.2	69.6941
33859.1	69.5747
33879.0	69.4591
33898.9	69.348
33918.8	69.2369
33938.7	69.1257
33958.6	69.0146
33978.5	68.9034
33998.4	68.7923
34018.3	68.6812
34038.2	68.57
34058.1	68.4589
34078.0	68.3477
34097.9	68.2366
34117.8	68.1255
34137.7	68.0143
34157.6	67.9032
34177.5	67.7921
34197.4	67.6809
34217.3	67.5698
34237.2	67.4587
34257.2	67.3475
34277.1	67.2364
34297.0	67.1252
34316.9	67.0141
34336.8	66.903
34356.7	66.7918
34376.6	66.6807
34396.5	66.5696
34416.4	66.4584
34436.3	66.3473
34456.2	66.2362
34476.1	66.125
34496.0	66.0139
34515.9	65.9027
34535.8	65.7943
34555.7	65.6924
34575.6	65.5905
34595.5	65.4886
34615.4	65.3867
34635.3	65.2848
34655.2	65.1829
34675.1	65.081
34695.0	64.9791
34714.9	64.8772
34734.8	64.7753
34754.8	64.6734
34774.7	64.5715
34794.6	64.4696
34814.5	64.3677
34834.4	64.2658
34854.3	64.1639
34874.2	64.062
34894.1	63.9601
34914.0	63.8581
34933.9	63.7563
34953.8	63.6544
34973.7	63.5524
34993.6	63.4505
35013.5	63.3486
35033.4	63.2467
35053.3	63.1448
35073.2	63.0429
35093.1	62.941
35113.0	62.8391
35132.9	62.7372
35152.8	62.6353
35172.7	62.5334
35192.6	62.4315
35212.5	62.3303
35232.4	62.2336
35252.4	62.1369
35272.3	62.0402
35292.2	61.9435
35312.1	61.8469
35332.0	61.7502
35351.9	61.6535
35371.8	61.5568
35391.7	61.4601
35411.6	61.3634
35431.5	61.2668
35451.4	61.1701
35471.3	61.0734
35491.2	60.9767
35511.1	60.88
35531.0	60.7833
35550.9	60.6867
35570.8	60.59
35590.7	60.4933
35610.6	60.3966
35630.5	60.2999
35650.4	60.2032
35670.3	60.1066
35690.2	60.0099
35710.1	59.9132
35730.0	59.8165
35749.9	59.7198
35769.9	59.6231
35789.8	59.5265
35809.7	59.4298
35829.6	59.3331
35849.5	59.2364
35869.4	59.1397
35889.3	59.0431
35909.2	58.9549
35929.1	58.8671
35949.0	58.7792
35968.9	58.6914
35988.8	58.6035
36008.7	58.5157
36028.6	58.4279
36048.5	58.34
36068.4	58.2522
36088.3	58.1644
36108.2	58.0765
36128.1	57.9887
36148.0	57.9008
36167.9	57.813
36187.8	57.7252
36207.7	57.6373
36227.6	57.5495
36247.6	57.4617
36267.5	57.3738
36287.4	57.286
36307.3	57.1981
36327.2	57.1103
36347.1	57.0225
36367.0	56.9346
36386.9	56.8468
36406.8	56.759
36426.7	56.6711
36446.6	56.5833
36466.5	56.4954
36486.4	56.4076
36506.3	56.3198
36526.2	56.2319
36546.1	56.1441
36566.0	56.0563
36585.9	55.9684
36605.8	55.8821
36625.7	55.7992
36645.6	55.7164
36665.5	55.6335
36685.4	55.5507
36705.3	55.4679
36725.2	55.385
36745.1	55.3022
36765.1	55.2193
36785.0	55.1365
36804.9	55.0537
36824.8	54.9708
36844.7	54.888
36864.6	54.8051
36884.5	54.7223
36904.4	54.6395
36924.3	54.5566
36944.2	54.4738
36964.1	54.391
36984.0	54.3081
37003.9	54.2253
37023.8	54.1424
37043.7	54.0596
37063.6	53.9768
37083.5	53.8939
37103.4	53.8111
37123.3	53.7283
37143.2	53.6454
37163.1	53.5626
37183.0	53.4797
37202.9	53.3969
37222.8	53.3141
37242.7	53.2312
37262.7	53.1484
37282.6	53.0655
37302.5	52.9827
37322.4	52.9039
37342.3	52.8275
37362.2	52.7511
37382.1	52.6747
37402.0	52.5983
37421.9	52.5219
37441.8	52.4455
37461.7	52.3691
37481.6	52.2926
37501.5	52.2163
37521.4	52.1398
37541.3	52.0634
37561.2	51.9871
37581.1	51.9107
37601.0	51.8342
37620.9	51.7578
37640.8	51.6814
37660.7	51.605
37680.6	51.5286
37700.5	51.4522
37720.4	51.3758
37740.3	51.2994
37760.3	51.223
37780.2	51.1466
37800.1	51.0702
37820.0	50.9938
37839.9	50.9174
37859.8	50.841
37879.7	50.7646
37899.6	50.6882
37919.5	50.6118
37939.4	50.5354
37959.3	50.459
37979.2	50.3826
37999.1	50.3062
38019.0	50.2298
38038.9	50.1534
38058.8	50.0826
38078.7	50.012
38098.6	49.9415
38118.5	49.871
38138.4	49.8004
38158.3	49.7299
38178.2	49.6594
38198.1	49.5888
38218.0	49.5183
38237.9	49.4478
38257.9	49.3772
38277.8	49.3067
38297.7	49.2362
38317.6	49.1656
38337.5	49.0951
38357.4	49.0246
38377.3	48.954
38397.2	48.8835
38417.1	48.813
38437.0	48.7424
38456.9	48.6719
38476.8	48.6014
38496.7	48.5308
38516.6	48.4603
38536.5	48.3898
38556.4	48.3192
38576.3	48.2487
38596.2	48.1782
38616.1	48.1076
38636.0	48.0371
38655.9	47.9665
38675.8	47.896
38695.7	47.8255
38715.6	47.755
38735.5	47.6844
38755.5	47.6139
38775.4	47.5434
38795.3	47.4739
38815.2	47.4074
38835.1	47.341
38855.0	47.2745
38874.9	47.208
38894.8	47.1415
38914.7	47.075
38934.6	47.0086
38954.5	46.9421
38974.4	46.8756
38994.3	46.8091
39014.2	46.7426
39034.1	46.6762
39054.0	46.6097
39073.9	46.5432
39093.8	46.4767
39113.7	46.4103
39133.6	46.3438
39153.5	46.2773
39173.4	46.2108
39193.3	46.1444
39213.2	46.0779
39233.1	46.0114
39253.1	45.9449
39273.0	45.8784
39292.9	45.812
39312.8	45.7455
39332.7	45.679
39352.6	45.6125
39372.5	45.5461
39392.4	45.4796
39412.3	45.4131
39432.2	45.3466
39452.1	45.2802
39472.0	45.2137
39491.9	45.1472
39511.8	45.0807
39531.7	45.0142
39551.6	44.9505
39571.5	44.8888
39591.4	44.8271
39611.3	44.7654
39631.2	44.7036
39651.1	44.6419
39671.0	44.5802
39690.9	44.5185
39710.8	44.4567
39730.7	44.395
39750.6	44.3333
39770.6	44.2716
39790.5	44.2099
39810.4	44.1481
39830.3	44.0864
39850.2	44.0247
39870.1	43.9629
39890.0	43.9012
39909.9	43.8395
39929.8	43.7778
39949.7	43.716
39969.6	43.6543
39989.5	43.5926
40009.4	43.5321
40029.3	43.4729
40049.2	43.4138
40069.1	43.3546
40089.0	43.2955
40108.9	43.2363
40128.8	43.1772
40148.7	43.118
40168.6	43.0589
40188.5	42.9997
40208.4	42.9406
40228.3	42.8814
40248.3	42.8222
40268.2	42.7631
40288.1	42.7039
40308.0	42.6448
40327.9	42.5866
40347.8	42.5299
40367.7	42.4732
40387.6	42.4165
40407.5	42.3598
40427.4	42.3031
40447.3	42.2464
40467.2	42.1897
40487.1	42.1331
40507.0	42.0764
40526.9	42.0197
40546.8	41.963
40566.7	41.9063
40586.6	41.8496
40606.5	41.7929
40626.4	41.7362
40646.3	41.6795
40666.2	41.6228
40686.1	41.5661
40706.0	41.5094
40725.9	41.4527
40745.9	41.396
40765.8	41.3394
40785.7	41.2827
40805.6	41.226
40825.5	41.1693
40845.4	41.1126
40865.3	41.0559
40885.2	40.9992
40905.1	40.9425
40925.0	40.8858
40944.9	40.8291
40964.8	40.7724
40984.7	40.7157
41004.6	40.659
41024.5	40.6023
41044.4	40.5457
41064.3	40.489
41084.2	40.4323
41104.1	40.3756
41124.0	40.3215
41143.9	40.2684
41163.8	40.2154
41183.7	40.1624
41203.6	40.1094
41223.5	40.0563
41243.4	40.0033
41263.4	39.9503
41283.3	39.8972
41303.2	39.8442
41323.1	39.7912
41343.0	39.7382
41362.9	39.6851
41382.8	39.6321
41402.7	39.5791
41422.6	39.5261
41442.5	39.473
41462.4	39.42
41482.3	39.367
41502.2	39.314
41522.1	39.2609
41542.0	39.2079
41561.9	39.1549
41581.8	39.1019
41601.7	39.0488
41621.6	38.9958
41641.5	38.9428
41661.4	38.8898
41681.3	38.8367
41701.2	38.7837
41721.1	38.7307
41741.0	38.6776
41760.9	38.6246
41780.9	38.5716
41800.8	38.5186
41820.7	38.4655
41840.6	38.4125
41860.5	38.3595
41880.4	38.3065
41900.3	38.2534
41920.2	38.2025
41940.1	38.1537
41960.0	38.1048
41979.9	38.056
41999.8	38.0071
42019.7	37.9583
42039.6	37.9094
42059.5	37.8606
42079.4	37.8118
42099.3	37.7629
42119.2	37.7141
42139.1	37.6652
42159.0	37.6164
42178.9	37.5675
42198.8	37.5187
42218.7	37.4698
42238.6	37.421
42258.6	37.3721
42278.5	37.3233
42298.4	37.2744
42318.3	37.2256
42338.2	37.1767
42358.1	37.1279
42378.0	37.079
42397.9	37.0302
42417.8	36.9813
42437.7	36.9325
42457.6	36.8836
42477.5	36.8348
42497.4	36.7859
42517.3	36.7371
42537.2	36.6883
42557.1	36.6394
42577.0	36.5906
42596.9	36.5417
42616.8	36.4929
42636.7	36.444
42656.6	36.3952
42676.5	36.3463
42696.4	36.2975
42716.3	36.2486
42736.3	36.2008
42756.2	36.1552
42776.1	36.1096
42796.0	36.064
42815.9	36.0183
42835.8	35.9727
42855.7	35.9271
42875.6	35.8815
42895.5	35.8359
42915.4	35.7903
42935.3	35.7447
42955.2	35.6991
42975.1	35.6534
42995.0	35.6078
43014.9	35.5622
43034.8	35.5166
43054.7	35.471
43074.6	35.4254
43094.5	35.3798
43114.4	35.3342
43134.3	35.2885
43154.2	35.2429
43174.1	35.1973
43194.0	35.1517
43213.9	35.1061
43233.8	35.0605
43253.8	35.0149
43273.7	34.9693
43293.6	34.9237
43313.5	34.878
43333.4	34.8324
43353.3	34.7868
43373.2	34.7412
43393.1	34.6956
43413.0	34.65
43432.9	34.6044
43452.8	34.5588
43472.7	34.5131
43492.6	34.4675
43512.5	34.4219
43532.4	34.3763
43552.3	34.3307
43572.2	34.2874
43592.1	34.2455
43612.0	34.2037
43631.9	34.1618
43651.8	34.1199
43671.7	34.0781
43691.6	34.0362
43711.5	33.9944
43731.4	33.9525
43751.3	33.9107
43771.3	33.8688
43791.2	33.8269
43811.1	33.7851
43831.0	33.7432
43850.9	33.7014
43870.8	33.6595
43890.7	33.6176
43910.6	33.5758
43930.5	33.5339
43950.4	33.4921
43970.3	33.4502
43990.2	33.4083
44010.1	33.3665
44030.0	33.3246
44049.9	33.2828
44069.8	33.2409
44089.7	33.199
44109.6	33.1572
44129.5	33.1153
44149.4	33.0735
44169.3	33.0316
44189.2	32.9897
44209.1	32.9479
44229.0	32.906
44248.9	32.8642
44268.9	32.8223
44288.8	32.7804
44308.7	32.7386
44328.6	32.6967
44348.5	32.6549
44368.4	32.613
44388.3	32.5712
44408.2	32.5293
44428.1	32.4884
44448.0	32.4489
44467.9	32.4094
44487.8	32.3699
44507.7	32.3304
44527.6	32.2909
44547.5	32.2514
44567.4	32.2119
44587.3	32.1724
44607.2	32.1329
44627.1	32.0934
44647.0	32.0539
44666.9	32.0144
44686.8	31.9749
44706.7	31.9354
44726.6	31.8959
44746.6	31.8564
44766.5	31.8169
44786.4	31.7774
44806.3	31.7379
44826.2	31.6984
44846.1	31.6589
44866.0	31.6194
44885.9	31.5799
44905.8	31.5404
44925.7	31.5009
44945.6	31.4614
44965.5	31.4219
44985.4	31.3824
45005.3	31.3429
45025.2	31.3034
45045.1	31.2639
45065.0	31.2244
45084.9	31.1849
45104.8	31.1454
45124.7	31.1059
45144.6	31.0664
45164.5	31.0268
45184.4	30.9874
45204.3	30.9479
45224.2	30.9083
45244.1	30.8689
45264.1	30.8293
45284.0	30.7905
45303.9	30.7544
45323.8	30.7184
45343.7	30.6823
45363.6	30.6462
45383.5	30.6101
45403.4	30.574
45423.3	30.538
45443.2	30.5019
45463.1	30.4658
45483.0	30.4297
45502.9	30.3936
45522.8	30.3576
45542.7	30.3215
45562.6	30.2854
45582.5	30.2493
45602.4	30.2132
45622.3	30.1772
45642.2	30.1411
45662.1	30.105
45682.0	30.0689
45701.9	30.0328
45721.8	29.9968
45741.7	29.9607
45761.7	29.9246
45781.6	29.8885
45801.5	29.8524
45821.4	29.8164
45841.3	29.7803
45861.2	29.7442
45881.1	29.7081
45901.0	29.672
45920.9	29.6359
45940.8	29.5999
45960.7	29.5638
45980.6	29.5277
46000.5	29.4916
46020.4	29.4555
46040.3	29.4195
46060.2	29.3834
46080.1	29.3473
46100.0	29.3112
46119.9	29.2751
46139.8	29.2391
46159.7	29.203
46179.6	29.168
46199.5	29.1342
46219.4	29.1004
46239.3	29.0666
46259.3	29.0328
46279.2	28.999
46299.1	28.9652
46319.0	28.9314
46338.9	28.8976
46358.8	28.8638
46378.7	28.83
46398.6	28.7962
46418.5	28.7624
46438.4	28.7286
46458.3	28.6948
46478.2	28.661
46498.1	28.6272
46518.0	28.5934
46537.9	28.5596
46557.8	28.5258
46577.7	28.492
46597.6	28.4582
46617.5	28.4244
46637.4	28.3906
46657.3	28.3568
46677.2	28.323
46697.1	28.2892
46717.0	28.2554
46736.9	28.2215
46756.9	28.1877
46776.8	28.1539
46796.7	28.1201
46816.6	28.0863
46836.5	28.0525
46856.4	28.0187
46876.3	27.9849
46896.2	27.9511
46916.1	27.9173
46936.0	27.8835
46955.9	27.8497
46975.8	27.8159
46995.7	27.7821
47015.6	27.7483
47035.5	27.7145
47055.4	27.6807
47075.3	27.6476
47095.2	27.6164
47115.1	27.5851
47135.0	27.5539
47154.9	27.5227
47174.8	27.4915
47194.7	27.4602
47214.6	27.429
47234.5	27.3978
47254.5	27.3665
47274.4	27.3353
47294.3	27.3041
47314.2	27.2729
47334.1	27.2416
47354.0	27.2104
47373.9	27.1792
47393.8	27.1479
47413.7	27.1167
47433.6	27.0855
47453.5	27.0542
47473.4	27.023
47493.3	26.9918
47513.2	26.9605
47533.1	26.9293
47553.0	26.8981
47572.9	26.8669
47592.8	26.8356
47612.7	26.8044
47632.6	26.7732
47652.5	26.7419
47672.4	26.7107
47692.3	26.6795
47712.2	26.6482
47732.1	26.617
47752.1	26.5858
47772.0	26.5546
47791.9	26.5233
47811.8	26.4921
47831.7	26.4609
47851.6	26.4296
47871.5	26.3984
47891.4	26.3672
47911.3	26.3359
47931.2	26.3047
47951.1	26.2735
47971.0	26.2423
47990.9	26.2111
48010.8	26.1822
48030.7	26.1532
48050.6	26.1243
48070.5	26.0953
48090.4	26.0664
48110.3	26.0374
48130.2	26.0085
48150.1	25.9796
48170.0	25.9506
48189.9	25.9217
48209.8	25.8927
48229.7	25.8638
48249.6	25.8348
48269.6	25.8059
48289.5	25.7769
48309.4	25.748
48329.3	25.719
48349.2	25.6901
48369.1	25.6611
48389.0	25.6322
48408.9	25.6032
48428.8	25.5743
48448.7	25.5453
48468.6	25.5164
48488.5	25.4874
48508.4	25.4585
48528.3	25.4296
48548.2	25.4006
48568.1	25.3717
48588.0	25.3427
48607.9	25.3138
48627.8	25.2848
48647.7	25.2559
48667.6	25.2269
48687.5	25.198
48707.4	25.169
48727.3	25.1401
48747.3	25.1111
48767.2	25.0822
48787.1	25.0532
48807.0	25.0243
48826.9	24.9953
48846.8	24.9664
48866.7	24.9374
48886.6	24.9085
48906.5	24.8795
48926.4	24.8506
48946.3	24.8234
48966.2	24.7967
48986.1	24.7699
49006.0	24.7432
49025.9	24.7164
49045.8	24.6896
49065.7	24.6629
49085.6	24.6361
49105.5	24.6094
49125.4	24.5826
49145.3	24.5559
49165.2	24.5291
49185.1	24.5023
49205.0	24.4756
49224.9	24.4488
49244.8	24.4221
49264.8	24.3953
49284.7	24.3685
49304.6	24.3418
49324.5	24.315
49344.4	24.2882
49364.3	24.2615
49384.2	24.2347
49404.1	24.208
49424.0	24.1812
49443.9	24.1544
49463.8	24.1277
49483.7	24.1009
49503.6	24.0742
49523.5	24.0474
49543.4	24.0206
49563.3	23.9939
49583.2	23.9671
49603.1	23.9404
49623.0	23.9136
49642.9	23.8869
49662.8	23.8601
49682.7	23.8333
49702.6	23.8066
49722.5	23.7798
49742.4	23.7531
49762.4	23.7263
49782.3	23.6995
49802.2	23.6728
49822.1	23.646
49842.0	23.6193
49861.9	23.5925
49881.8	23.5657
49901.7	23.5394
49921.6	23.5132
49941.5	23.4871
49961.4	23.461
49981.3	23.4349
50001.2	23.4088
50021.1	23.3839
50041.0	23.3589
50060.9	23.3339
50080.8	23.309
50100.7	23.284
50120.6	23.2591
50140.5	23.2341
50160.4	23.2092
50180.3	23.1842
50200.2	23.1592
50220.1	23.1343
50240.0	23.1093
50260.0	23.0844
50279.9	23.0594
50299.8	23.0345
50319.7	23.0095
50339.6	22.9845
50359.5	22.9596
50379.4	22.9346
50399.3	22.9097
50419.2	22.8847
50439.1	22.8597
50459.0	22.8348
50478.9	22.8098
50498.8	22.7849
50518.7	22.7599
50538.6	22.7349
50558.5	22.71
50578.4	22.685
50598.3	22.6601
50618.2	22.6351
50638.1	22.6102
50658.0	22.5852
50677.9	22.5602
50697.8	22.5353
50717.7	22.5103
50737.6	22.4854
50757.6	22.4604
50777.5	22.4354
50797.4	22.4105
50817.3	22.3855
50837.2	22.3606
50857.1	22.3356
50877.0	22.3123
50896.9	22.2893
50916.8	22.2664
50936.7	22.2434
50956.6	22.2204
50976.5	22.1974
50996.4	22.1744
51016.3	22.1514
51036.2	22.1285
51056.1	22.1055
51076.0	22.0825
51095.9	22.0595
51115.8	22.0365
51135.7	22.0135
51155.6	21.9905
51175.5	21.9676
51195.4	21.9446
51215.3	21.9216
51235.3	21.8986
51255.2	21.8756
51275.1	21.8526
51295.0	21.8297
51314.9	21.8067
51334.8	21.7837
51354.7	21.7607
51374.6	21.7377
51394.5	21.7147
51414.4	21.6917
51434.3	21.6687
51454.2	21.6458
51474.1	21.6228
51494.0	21.5998
51513.9	21.5768
51533.8	21.5538
51553.7	21.5308
51573.6	21.5079
51593.5	21.4849
51613.4	21.4619
51633.3	21.4389
51653.2	21.4159
51673.1	21.3929
51693.0	21.3699
51712.9	21.347
51732.8	21.324
51752.8	21.301
51772.7	21.278
51792.6	21.255
51812.5	21.232
51832.4	21.209
51852.3	21.1861
51872.2	21.1639
51892.1	21.1423
51912.0	21.1208
51931.9	21.0992
51951.8	21.0776
51971.7	21.056
51991.6	21.0344
52011.5	21.0128
52031.4	20.9912
52051.3	20.9697
52071.2	20.9481
52091.1	20.9265
52111.0	20.9049
52130.9	20.8833
52150.8	20.8617
52170.7	20.8401
52190.6	20.8186
52210.5	20.797
52230.4	20.7754
52250.3	20.7538
52270.3	20.7322
52290.2	20.7106
52310.1	20.689
52330.0	20.6674
52349.9	20.6459
52369.8	20.6243
52389.7	20.6027
52409.6	20.5811
52429.5	20.5595
52449.4	20.5379
52469.3	20.5163
52489.2	20.4948
52509.1	20.4732
52529.0	20.4516
52548.9	20.43
52568.8	20.4084
52588.7	20.3868
52608.6	20.3652
52628.5	20.3436
52648.4	20.3221
52668.3	20.3005
52688.2	20.2789
52708.1	20.2573
52728.0	20.2357
52747.9	20.2141
52767.9	20.1925
52787.8	20.171
52807.7	20.1494
52827.6	20.1278
52847.5	20.1062
52867.4	20.0846
52887.3	20.0647
52907.2	20.045
52927.1	20.0254
52947.0	20.0057
52966.9	19.986
52986.8	19.9664
53006.7	19.9467
53026.6	19.927
53046.5	19.9074
53066.4	19.8877
53086.3	19.8681
53106.2	19.8484
53126.1	19.8287
53146.0	19.8091
53165.9	19.7894
53185.8	19.7697
53205.7	19.7501
53225.6	19.7304
53245.5	19.7108
53265.4	19.6911
53285.4	19.6714
53305.3	19.6518
53325.2	19.6321
53345.1	19.6124
53365.0	19.5928
53384.9	19.5731
53404.8	19.5534
53424.7	19.5338
53444.6	19.5141
53464.5	19.4945
53484.4	19.4748
53504.3	19.4551
53524.2	19.4355
53544.1	19.4158
53564.0	19.3961
53583.9	19.3765
53603.8	19.3568
53623.7	19.3371
53643.6	19.3175
53663.5	19.2978
53683.4	19.2782
53703.3	19.2585
53723.2	19.2388
53743.1	19.2192
53763.1	19.1995
53783.0	19.1798
53802.9	19.1602
53822.8	19.1405
53842.7	19.1208
53862.6	19.1012
53882.5	19.0815
53902.4	19.0619
53922.3	19.0428
53942.2	19.0241
53962.1	19.0055
53982.0	18.9868
54001.9	18.9681
54021.8	18.9494
54041.7	18.9308
54061.6	18.9121
54081.5	18.8934
54101.4	18.8748
54121.3	18.8561
54141.2	18.8374
54161.1	18.8187
54181.0	18.8001
54200.9	18.7814
54220.8	18.7627
54240.8	18.7441
54260.7	18.7254
54280.6	18.7067
54300.5	18.688
54320.4	18.6694
54340.3	18.6507
54360.2	18.632
54380.1	18.6134
54400.0	18.5947
54419.9	18.576
54439.8	18.5573
54459.7	18.5387
54479.6	18.52
54499.5	18.5013
54519.4	18.4827
54539.3	18.464
54559.2	18.4453
54579.1	18.4266
54599.0	18.408
54618.9	18.3893
54638.8	18.3706
54658.7	18.352
54678.6	18.3333
54698.5	18.3146
54718.4	18.2959
54738.3	18.2773
54758.3	18.2586
54778.2	18.2399
54798.1	18.2213
54818.0	18.2026
54837.9	18.1839
54857.8	18.1652
54877.7	18.1466
54897.6	18.1279
54917.5	18.1092
54937.4	18.0906
54957.3	18.0719
54977.2	18.0546
54997.1	18.0375
55017.0	18.0205
55036.9	18.0034
55056.8	17.9864
55076.7	17.9693
55096.6	17.9523
55116.5	17.9352
55136.4	17.9181
55156.3	17.9011
55176.2	17.884
55196.1	17.867
55216.0	17.8499
55235.9	17.8328
55255.9	17.8158
55275.8	17.7987
55295.7	17.7817
55315.6	17.7646
55335.5	17.7475
55355.4	17.7305
55375.3	17.7134
55395.2	17.6964
55415.1	17.6793
55435.0	17.6623
55454.9	17.6452
55474.8	17.6281
55494.7	17.6111
55514.6	17.594
55534.5	17.577
55554.4	17.5599
55574.3	17.5428
55594.2	17.5258
55614.1	17.5087
55634.0	17.4917
55653.9	17.4746
55673.8	17.4575
55693.7	17.4405
55713.6	17.4234
55733.6	17.4064
55753.5	17.3893
55773.4	17.3722
55793.3	17.3552
55813.2	17.3381
55833.1	17.3211
55853.0	17.304
55872.9	17.287
55892.8	17.2699
55912.7	17.2528
55932.6	17.2358
55952.5	17.2187
55972.4	17.2017
55992.3	17.1846
56012.2	17.1675
56032.1	17.1506
56052.0	17.1348
56071.9	17.119
56091.8	17.1031
56111.7	17.0873
56131.6	17.0715
56151.5	17.0557
56171.4	17.0398
56191.3	17.024
56211.2	17.0082
56231.1	16.9924
56251.0	16.9765
56271.0	16.9607
56290.9	16.9449
56310.8	16.9291
56330.7	16.9132
56350.6	16.8974
56370.5	16.8816
56390.4	16.8658
56410.3	16.8499
56430.2	16.8341
56450.1	16.8183
56470.0	16.8025
56489.9	16.7866
56509.8	16.7708
56529.7	16.755
56549.6	16.7392
56569.5	16.7233
56589.4	16.7075
56609.3	16.6917
56629.2	16.6759
56649.1	16.66
56669.0	16.6442
56688.9	16.6284
56708.8	16.6126
56728.7	16.5967
56748.6	16.5809
56768.6	16.5651
56788.5	16.5492
56808.4	16.5334
56828.3	16.5176
56848.2	16.5018
56868.1	16.4859
56888.0	16.4701
56907.9	16.4543
56927.8	16.4385
56947.7	16.4226
56967.6	16.4068
56987.5	16.391
57007.4	16.3752
57027.3	16.3593
57047.2	16.3435
57067.1	16.3277
57087.0	16.3119
57106.9	16.296
57126.8	16.2802
57146.7	16.2653
57166.6	16.2505
57186.5	16.2357
57206.4	16.2209
57226.3	16.2061
57246.2	16.1913
57266.2	16.1765
57286.1	16.1617
57306.0	16.147
57325.9	16.1322
57345.8	16.1174
57365.7	16.1026
57385.6	16.0878
57405.5	16.073
57425.4	16.0582
57445.3	16.0434
57465.2	16.0287
57485.1	16.0139
57505.0	15.9991
57524.9	15.9843
57544.8	15.9695
57564.7	15.9547
57584.6	15.9399
57604.5	15.9251
57624.4	15.9103
57644.3	15.8956
57664.2	15.8808
57684.1	15.866
57704.0	15.8512
57723.9	15.8364
57743.8	15.8216
57763.8	15.8068
57783.7	15.792
57803.6	15.7773
57823.5	15.7625
57843.4	15.7477
57863.3	15.7329
57883.2	15.7181
57903.1	15.7033
57923.0	15.6885
57942.9	15.6737
57962.8	15.6589
57982.7	15.6442
58002.6	15.6294
58022.5	15.6146
58042.4	15.5998
58062.3	15.585
58082.2	15.5702
58102.1	15.5554
58122.0	15.5406
58141.9	15.5258
58161.8	15.5111
58181.7	15.4963
58201.6	15.4815
58221.5	15.4667
58241.4	15.4519
58261.4	15.4378
58281.3	15.4241
58301.2	15.4105
58321.1	15.3969
58341.0	15.3832
58360.9	15.3696
58380.8	15.3559
58400.7	15.3423
58420.6	15.3287
58440.5	15.315
58460.4	15.3014
58480.3	15.2877
58500.2	15.2741
58520.1	15.2605
58540.0	15.2468
58559.9	15.2332
58579.8	15.2195
58599.7	15.2059
58619.6	15.1923
58639.5	15.1786
58659.4	15.165
58679.3	15.1513
58699.2	15.1377
58719.1	15.1241
58739.1	15.1104
58759.0	15.0968
58778.9	15.0832
58798.8	15.0695
58818.7	15.0559
58838.6	15.0422
58858.5	15.0286
58878.4	15.015
58898.3	15.0013
58918.2	14.9877
58938.1	14.974
58958.0	14.9604
58977.9	14.9468
58997.8	14.9331
59017.7	14.9195
59037.6	14.9058
59057.5	14.8922
59077.4	14.8786
59097.3	14.8649
59117.2	14.8513
59137.1	14.8376
59157.0	14.824
59176.9	14.8104
59196.8	14.7967
59216.7	14.7831
59236.6	14.7694
59256.6	14.7558
59276.5	14.7422
59296.4	14.7285
59316.3	14.7149
59336.2	14.7013
59356.1	14.6876
59376.0	14.674
59395.9	14.6606
59415.8	14.6478
59435.7	14.6351
59455.6	14.6224
59475.5	14.6096
59495.4	14.5969
59515.3	14.5841
59535.2	14.5714
59555.1	14.5586
59575.0	14.5459
59594.9	14.5331
59614.8	14.5204
59634.7	14.5077
59654.6	14.4949
59674.5	14.4822
59694.4	14.4694
59714.3	14.4567
59734.3	14.4439
59754.2	14.4312
59774.1	14.4184
59794.0	14.4057
59813.9	14.3929
59833.8	14.3802
59853.7	14.3675
59873.6	14.3547
59893.5	14.342
59913.4	14.3292
59933.3	14.3165
59953.2	14.3037
59973.1	14.291
59993.0	14.2782
60012.9	14.2656
60032.8	14.253
60052.7	14.2404
60072.6	14.2278
60092.5	14.2152
60112.4	14.2026
60132.3	14.19
60152.2	14.1774
60172.1	14.1648
60192.0	14.1522
60211.9	14.1396
60231.8	14.127
60251.7	14.1144
60271.7	14.1018
60291.6	14.0892
60311.5	14.0766
60331.4	14.064
60351.3	14.0514
60371.2	14.0388
60391.1	14.0262
60411.0	14.0136
60430.9	14.001
60450.8	13.9884
60470.7	13.9758
60490.6	13.9632
60510.5	13.9506
60530.4	13.938
60550.3	13.9254
60570.2	13.9137
60590.1	13.9019
60610.0	13.8902
60629.9	13.8785
60649.8	13.8667
60669.7	13.855
60689.6	13.8432
60709.5	13.8315
60729.4	13.8197
60749.3	13.808
60769.3	13.7962
60789.2	13.7845
60809.1	13.7728
60829.0	13.761
60848.9	13.7493
60868.8	13.7375
60888.7	13.7258
60908.6	13.714
60928.5	13.7023
60948.4	13.6905
60968.3	13.6788
60988.2	13.6671
61008.1	13.6553
61028.0	13.6436
61047.9	13.6318
61067.8	13.6201
61087.7	13.6083
61107.6	13.5966
61127.5	13.5848
61147.4	13.5731
61167.3	13.5614
61187.2	13.5496
61207.1	13.5379
61227.0	13.5261
61246.9	13.5144
61266.9	13.5026
61286.8	13.4909
61306.7	13.4791
61326.6	13.4674
61346.5	13.4556
61366.4	13.4439
61386.3	13.4322
61406.2	13.4204
61426.1	13.4087
61446.0	13.3969
61465.9	13.3852
61485.8	13.3734
61505.7	13.3617
61525.6	13.3499
61545.5	13.3382
61565.4	13.3265
61585.3	13.3147
61605.2	13.303
61625.1	13.2912
61645.0	13.2795
61664.9	13.2677
61684.8	13.256
61704.7	13.2442
61724.6	13.2325
61744.5	13.2214
61764.5	13.2105
61784.4	13.1996
61804.3	13.1887
61824.2	13.1778
61844.1	13.1669
61864.0	13.156
61883.9	13.1451
61903.8	13.1342
61923.7	13.1233
61943.6	13.1124
61963.5	13.1015
61983.4	13.0906
62003.3	13.0797
62023.2	13.0688
62043.1	13.058
62063.0	13.0471
62082.9	13.0362
62102.8	13.0253
62122.7	13.0144
62142.6	13.0035
62162.5	12.9926
62182.4	12.9817
62202.3	12.9708
62222.2	12.9599
62242.1	12.949
62262.1	12.9381
62282.0	12.9272
62301.9	12.9163
62321.8	12.9054
62341.7	12.8945
62361.6	12.8836
62381.5	12.8727
62401.4	12.8618
62421.3	12.851
62441.2	12.8401
62461.1	12.8292
62481.0	12.8183
62500.9	12.8074
62520.8	12.7965
62540.7	12.7856
62560.6	12.7747
62580.5	12.7638
62600.4	12.7529
62620.3	12.742
62640.2	12.7311
62660.1	12.7202
62680.0	12.7093
62699.9	12.6984
62719.8	12.6875
62739.8	12.6766
62759.7	12.6657
62779.6	12.6548
62799.5	12.644
62819.4	12.6331
62839.3	12.6222
62859.2	12.6113
62879.1	12.6004
62899.0	12.5895
62918.9	12.5786
62938.8	12.5677
62958.7	12.5576
62978.6	12.5476
62998.5	12.5375
63018.4	12.5275
63038.3	12.5175
63058.2	12.5075
63078.1	12.4974
63098.0	12.4874
63117.9	12.4774
63137.8	12.4673
63157.7	12.4573
63177.6	12.4473
63197.5	12.4372
63217.4	12.4272
63237.3	12.4172
63257.3	12.4071
63277.2	12.3971
63297.1	12.3871
63317.0	12.3771
63336.9	12.367
63356.8	12.357
63376.7	12.347
63396.6	12.3369
63416.5	12.3269
63436.4	12.3169
63456.3	12.3068
63476.2	12.2968
63496.1	12.2868
63516.0	12.2767
63535.9	12.2667
63555.8	12.2567
63575.7	12.2467
63595.6	12.2366
63615.5	12.2266
63635.4	12.2166
63655.3	12.2065
63675.2	12.1965
63695.1	12.1865
63715.0	12.1764
63734.9	12.1664
63754.9	12.1564
63774.8	12.1463
63794.7	12.1363
63814.6	12.1263
63834.5	12.1163
63854.4	12.1062
63874.3	12.0962
63894.2	12.0862
63914.1	12.0761
63934.0	12.0661
63953.9	12.0561
63973.8	12.046
63993.7	12.036
64013.6	12.026
64033.5	12.016
64053.4	12.0059
64073.3	11.9959
64093.2	11.9859
64113.1	11.9758
64133.0	11.9658
64152.9	11.9558
64172.8	11.9458
64192.7	11.9364
64212.6	11.9269
64232.5	11.9174
64252.4	11.908
64272.4	11.8985
64292.3	11.889
64312.2	11.8796
64332.1	11.8701
64352.0	11.8606
64371.9	11.8512
64391.8	11.8417
64411.7	11.8322
64431.6	11.8228
64451.5	11.8133
64471.4	11.8038
64491.3	11.7944
64511.2	11.7849
64531.1	11.7755
64551.0	11.766
64570.9	11.7565
64590.8	11.7471
64610.7	11.7376
64630.6	11.7281
64650.5	11.7187
64670.4	11.7092
64690.3	11.6997
64710.2	11.6903
64730.1	11.6808
64750.0	11.6713
64770.0	11.6619
64789.9	11.6524
64809.8	11.643
64829.7	11.6335
64849.6	11.624
64869.5	11.6146
64889.4	11.6051
64909.3	11.5956
64929.2	11.5862
64949.1	11.5767
64969.0	11.5672
64988.9	11.5578
65008.8	11.5483
65028.7	11.5388
65048.6	11.5294
65068.5	11.5199
65088.4	11.5105
65108.3	11.501
65128.2	11.4915
65148.1	11.4821
65168.0	11.4726
65187.9	11.4631
65207.8	11.4537
65227.7	11.4442
65247.6	11.4347
65267.6	11.4253
65287.5	11.4158
65307.4	11.4063
65327.3	11.3969
65347.2	11.3874
65367.1	11.3779
65387.0	11.3685
65406.9	11.359
65426.8	11.3499
65446.7	11.3413
65466.6	11.3327
65486.5	11.3241
65506.4	11.3155
65526.3	11.3069
65546.2	11.2984
65566.1	11.2898
65586.0	11.2812
65605.9	11.2726
65625.8	11.264
65645.7	11.2554
65665.6	11.2469
65685.5	11.2383
65705.4	11.2297
65725.3	11.2211
65745.3	11.2125
65765.2	11.2039
65785.1	11.1954
65805.0	11.1868
65824.9	11.1782
65844.8	11.1696
65864.7	11.161
65884.6	11.1525
65904.5	11.1439
65924.4	11.1353
65944.3	11.1267
65964.2	11.1181
65984.1	11.1095
66004.0	11.101
66023.9	11.0924
66043.8	11.0838
66063.7	11.0752
66083.6	11.0666
66103.5	11.058
66123.4	11.0495
66143.3	11.0409
66163.2	11.0323
66183.1	11.0237
66203.0	11.0151
66222.9	11.0066
66242.9	10.998
66262.8	10.9894
66282.7	10.9808
66302.6	10.9722
66322.5	10.9636
66342.4	10.9551
66362.3	10.9465
66382.2	10.9379
66402.1	10.9293
66422.0	10.9207
66441.9	10.9121
66461.8	10.9036
66481.7	10.895
66501.6	10.8864
66521.5	10.8778
66541.4	10.8692
66561.3	10.8606
66581.2	10.8521
66601.1	10.8435
66621.0	10.8349
66640.9	10.8263
66660.8	10.8177
66680.7	10.8092
66700.6	10.8006
66720.5	10.7925
66740.5	10.7843
66760.4	10.7762
66780.3	10.7681
66800.2	10.7599
66820.1	10.7518
66840.0	10.7437
66859.9	10.7356
66879.8	10.7274
66899.7	10.7193
66919.6	10.7112
66939.5	10.7031
66959.4	10.6949
66979.3	10.6868
66999.2	10.6787
67019.1	10.6705
67039.0	10.6624
67058.9	10.6543
67078.8	10.6462
67098.7	10.638
67118.6	10.6299
67138.5	10.6218
67158.4	10.6136
67178.3	10.6055
67198.2	10.5974
67218.1	10.5893
67238.0	10.5811
67258.0	10.573
67277.9	10.5649
67297.8	10.5567
67317.7	10.5486
67337.6	10.5405
67357.5	10.5324
67377.4	10.5242
67397.3	10.5161
67417.2	10.508
67437.1	10.4999
67457.0	10.4917
67476.9	10.4836
67496.8	10.4755
67516.7	10.4673
67536.6	10.4592
67556.5	10.4511
67576.4	10.443
67596.3	10.4348
67616.2	10.4267
67636.1	10.4186
67656.0	10.4104
67675.9	10.4023
67695.8	10.3942
67715.7	10.3861
67735.6	10.3779
67755.6	10.3698
67775.5	10.3617
67795.4	10.3536
67815.3	10.3454
67835.2	10.3373
67855.1	10.3292
67875.0	10.321
67894.9	10.3129
67914.8	10.3048
67934.7	10.2967
67954.6	10.2885
67974.5	10.2804
67994.4	10.2723
68014.3	10.2643
68034.2	10.2569
68054.1	10.2496
68074.0	10.2422
68093.9	10.2348
68113.8	10.2275
68133.7	10.2201
68153.6	10.2127
68173.5	10.2053
68193.4	10.198
68213.3	10.1906
68233.2	10.1832
68253.1	10.1759
68273.1	10.1685
68293.0	10.1611
68312.9	10.1538
68332.8	10.1464
68352.7	10.139
68372.6	10.1316
68392.5	10.1243
68412.4	10.1169
68432.3	10.1095
68452.2	10.1022
68472.1	10.0948
68492.0	10.0874
68511.9	10.08
68531.8	10.0727
68551.7	10.0653
68571.6	10.0579
68591.5	10.0506
68611.4	10.0432
68631.3	10.0358
68651.2	10.0285
68671.1	10.0211
68691.0	10.0137
68710.9	10.0063
68730.8	9.99898
68750.8	9.9916
68770.6	9.98424
68790.6	9.97686
68810.5	9.96949
68830.4	9.96212
68850.3	9.95475
68870.2	9.94738
68890.1	9.94001
68910.0	9.93264
68929.9	9.92527
68949.8	9.9179
68969.7	9.91053
68989.6	9.90316
69009.5	9.89579
69029.4	9.88842
69049.3	9.88105
69069.2	9.87368
69089.1	9.86631
69109.0	9.85894
69128.9	9.85157
69148.8	9.8442
69168.7	9.83683
69188.6	9.82946
69208.5	9.82209
69228.4	9.81472
69248.4	9.80735
69268.3	9.79998
69288.2	9.79261
69308.1	9.78523
69328.0	9.77786
69347.9	9.77064
69367.8	9.76363
69387.7	9.75661
69407.6	9.74961
69427.5	9.74259
69447.4	9.73558
69467.3	9.72857
69487.2	9.72156
69507.1	9.71455
69527.0	9.70754
69546.9	9.70053
69566.8	9.69352
69586.7	9.68651
69606.6	9.6795
69626.5	9.67249
69646.4	9.66548
69666.3	9.65846
69686.2	9.65145
69706.1	9.64444
69726.0	9.63743
69745.9	9.63042
69765.9	9.62341
69785.8	9.6164
69805.7	9.60939
69825.6	9.60238
69845.5	9.59537
69865.4	9.58836
69885.3	9.58134
69905.2	9.57434
69925.1	9.56732
69945.0	9.56032
69964.9	9.5533
69984.8	9.54629
70004.7	9.53928
70024.6	9.53227
70044.5	9.52526
70064.4	9.51825
70084.3	9.51124
70104.2	9.50423
70124.1	9.49722
70144.0	9.49021
70163.9	9.4832
70183.8	9.47618
70203.7	9.46917
70223.6	9.46216
70243.5	9.45515
70263.5	9.44814
70283.4	9.44113
70303.3	9.43412
70323.2	9.42711
70343.1	9.4201
70363.0	9.41309
70382.9	9.40608
70402.8	9.39907
70422.7	9.39205
70442.6	9.38505
70462.5	9.37803
70482.4	9.37102
70502.3	9.36401
70522.2	9.357
70542.1	9.34999
70562.0	9.34298
70581.9	9.33597
70601.8	9.32896
70621.7	9.32195
70641.6	9.31494
70661.5	9.30793
70681.4	9.30092
70701.3	9.29427
70721.3	9.2879
70741.1	9.28153
70761.1	9.27516
70781.0	9.2688
70800.9	9.26243
70820.8	9.25606
70840.7	9.24969
70860.6	9.24332
70880.5	9.23696
70900.4	9.23059
70920.3	9.22422
70940.2	9.21785
70960.1	9.21148
70980.0	9.20511
70999.9	9.19874
71019.8	9.19238
71039.7	9.18601
71059.6	9.17964
71079.5	9.17327
71099.4	9.1669
71119.3	9.16053
71139.2	9.15417
71159.1	9.1478
71179.0	9.14143
71198.9	9.13506
71218.8	9.12869
71238.8	9.12232
71258.7	9.11595
71278.6	9.10959
71298.5	9.10322
71318.4	9.09685
71338.3	9.09048
71358.2	9.08411
71378.1	9.07775
71398.0	9.07137
71417.9	9.06501
71437.8	9.05864
71457.7	9.05227
71477.6	9.0459
71497.5	9.03953
71517.4	9.03317
71537.3	9.0268
71557.2	9.02043
71577.1	9.01406
71597.0	9.00769
71616.9	9.00132
71636.8	8.99495
71656.7	8.98858
71676.6	8.98222
71696.5	8.97585
71716.4	8.96948
71736.4	8.96311
71756.3	8.95674
71776.2	8.95037
71796.1	8.94401
71816.0	8.93764
71835.9	8.93127
71855.8	8.9249
71875.7	8.91853
71895.6	8.91216
71915.5	8.90579
71935.4	8.89942
71955.3	8.89306
71975.2	8.88669
71995.1	8.88032
72015.0	8.87395
72034.9	8.86758
72054.8	8.86122
72074.7	8.85493
72094.6	8.84893
72114.5	8.84292
72134.4	8.83692
72154.3	8.83091
72174.2	8.82491
72194.1	8.8189
72214.0	8.8129
72233.9	8.80689
72253.9	8.80089
72273.8	8.79488
72293.7	8.78887
72313.6	8.78287
72333.5	8.77687
72353.4	8.77086
72373.3	8.76486
72393.2	8.75885
72413.1	8.75285
72433.0	8.74684
72452.9	8.74083
72472.8	8.73483
72492.7	8.72882
72512.6	8.72282
72532.5	8.71681
72552.4	8.71081
72572.3	8.7048
72592.2	8.6988
72612.1	8.69279
72632.0	8.68678
72651.9	8.68078
72671.8	8.67478
72691.7	8.66877
72711.6	8.66277
72731.5	8.65676
72751.4	8.65076
72771.4	8.64475
72791.3	8.63875
72811.2	8.63274
72831.1	8.62673
72851.0	8.62073
72870.9	8.61472
72890.8	8.60872
72910.7	8.60271
72930.6	8.59671
72950.5	8.5907
72970.4	8.5847
72990.3	8.57869
73010.2	8.57269
73030.1	8.56668
73050.0	8.56068
73069.9	8.55467
73089.8	8.54867
73109.7	8.54266
73129.6	8.53666
73149.5	8.53065
73169.4	8.52464
73189.3	8.51864
73209.2	8.51264
73229.1	8.50663
73249.0	8.50063
73269.0	8.49462
73288.9	8.48862
73308.8	8.48261
73328.7	8.4766
73348.6	8.4706
73368.5	8.46459
73388.4	8.45859
73408.3	8.45258
73428.2	8.44658
73448.1	8.44057
73468.0	8.43457
73487.9	8.42876
73507.8	8.42325
73527.7	8.41775
73547.6	8.41225
73567.5	8.40674
73587.4	8.40124
73607.3	8.39573
73627.2	8.39023
73647.1	8.38472
73667.0	8.37922
73686.9	8.37372
73706.8	8.36821
73726.7	8.36271
73746.6	8.3572
73766.6	8.3517
73786.5	8.34619
73806.4	8.34069
73826.3	8.33518
73846.2	8.32968
73866.1	8.32417
73886.0	8.31867
73905.9	8.31316
73925.8	8.30766
73945.7	8.30216
73965.6	8.29665
73985.5	8.29115
74005.4	8.28564
74025.3	8.28014
74045.2	8.27463
74065.1	8.26913
74085.0	8.26363
74104.9	8.25812
74124.8	8.25262
74144.7	8.24711
74164.6	8.24161
74184.5	8.2361
74204.4	8.2306
74224.3	8.22509
74244.3	8.21959
74264.2	8.21408
74284.1	8.20858
74304.0	8.20307
74323.9	8.19757
74343.8	8.19206
74363.7	8.18656
74383.6	8.18106
74403.5	8.17555
74423.4	8.17005
74443.3	8.16454
74463.2	8.15904
74483.1	8.15353
74503.0	8.14803
74522.9	8.14252
74542.8	8.13702
74562.7	8.13152
74582.6	8.12601
74602.5	8.12051
74622.4	8.115
74642.3	8.1095
74662.2	8.10399
74682.1	8.09849
74702.0	8.09298
74721.9	8.08748
74741.9	8.08197
74761.8	8.07647
74781.7	8.07097
74801.6	8.06546
74821.5	8.05996
74841.4	8.05445
74861.3	8.04895
74881.2	8.04344
74901.1	8.03794
74921.0	8.03245
74940.9	8.02731
74960.8	8.02217
74980.7	8.01703
75000.6	8.01189
75020.5	8.00675
75040.4	8.00161
75060.3	7.99647
75080.2	7.99133
75100.1	7.9862
75120.0	7.98105
75139.9	7.97591
75159.8	7.97078
75179.7	7.96564
75199.6	7.9605
75219.5	7.95536
75239.5	7.95021
75259.4	7.94508
75279.3	7.93994
75299.2	7.9348
75319.1	7.92966
75339.0	7.92452
75358.9	7.91938
75378.8	7.91424
75398.7	7.9091
75418.6	7.90396
75438.5	7.89882
75458.4	7.89368
75478.3	7.88854
75498.2	7.8834
75518.1	7.87826
75538.0	7.87312
75557.9	7.86798
75577.8	7.86284
75597.7	7.8577
75617.6	7.85256
75637.5	7.84742
75657.4	7.84228
75677.3	7.83714
75697.2	7.832
75717.1	7.82686
75737.0	7.82172
75757.0	7.81658
75776.9	7.81144
75796.8	7.8063
75816.7	7.80116
75836.6	7.79602
75856.5	7.79088
75876.4	7.78574
75896.3	7.78061
75916.2	7.77546
75936.1	7.77033
75956.0	7.76519
75975.9	7.76005
75995.8	7.75491
76015.7	7.74977
76035.6	7.74463
76055.5	7.73949
76075.4	7.73435
76095.3	7.72921
76115.2	7.72407
76135.1	7.71893
76155.0	7.71379
76174.9	7.70865
76194.8	7.70351
76214.7	7.69837
76234.6	7.69323
76254.5	7.68809
76274.5	7.68295
76294.4	7.67781
76314.3	7.67267
76334.2	7.66753
76354.1	7.66239
76374.0	7.65725
76393.9	7.6524
76413.8	7.64766
76433.7	7.64293
76453.6	7.6382
76473.5	7.63347
76493.4	7.62873
76513.3	7.624
76533.2	7.61927
76553.1	7.61454
76573.0	7.6098
76592.9	7.60507
76612.8	7.60034
76632.7	7.59561
76652.6	7.59088
76672.5	7.58614
76692.4	7.58141
76712.3	7.57668
76732.2	7.57195
76752.1	7.56721
76772.1	7.56248
76792.0	7.55775
76811.9	7.55302
76831.8	7.54829
76851.7	7.54355
76871.6	7.53882
76891.5	7.53409
76911.4	7.52936
76931.3	7.52463
76951.2	7.51989
76971.1	7.51516
76991.0	7.51043
77010.9	7.50569
77030.8	7.50096
77050.7	7.49623
77070.6	7.4915
77090.5	7.48677
77110.4	7.48203
77130.3	7.4773
77150.2	7.47257
77170.1	7.46784
77190.0	7.46311
77209.9	7.45837
77229.8	7.45364
77249.8	7.44891
77269.6	7.44418
77289.6	7.43944
77309.5	7.43471
77329.4	7.42998
77349.3	7.42525
77369.2	7.42052
77389.1	7.41578
77409.0	7.41105
77428.9	7.40632
77448.8	7.40159
77468.7	7.39685
77488.6	7.39212
77508.5	7.38739
77528.4	7.38266
77548.3	7.37792
77568.2	7.37319
77588.1	7.36846
77608.0	7.36373
77627.9	7.359
77647.8	7.35426
77667.7	7.34953
77687.6	7.3448
77707.5	7.34007
77727.4	7.33533
77747.4	7.3306
77767.3	7.32587
77787.2	7.32114
77807.1	7.3164
77827.0	7.31167
77846.9	7.30694
77866.8	7.30221
77886.7	7.29758
77906.6	7.29317
77926.5	7.28875
77946.4	7.28434
77966.3	7.27993
77986.2	7.27551
78006.1	7.2711
78026.0	7.26668
78045.9	7.26227
78065.8	7.25785
78085.7	7.25344
78105.6	7.24903
78125.5	7.24461
78145.4	7.2402
78165.3	7.23578
78185.2	7.23137
78205.1	7.22695
78225.0	7.22254
78245.0	7.21812
78264.9	7.21371
78284.8	7.2093
78304.7	7.20488
78324.6	7.20047
78344.5	7.19605
78364.4	7.19164
78384.3	7.18723
78404.2	7.18281
78424.1	7.1784
78444.0	7.17398
78463.9	7.16957
78483.8	7.16516
78503.7	7.16074
78523.6	7.15633
78543.5	7.15191
78563.4	7.1475
78583.3	7.14308
78603.2	7.13867
78623.1	7.13425
78643.0	7.12984
78662.9	7.12543
78682.8	7.12101
78702.7	7.1166
78722.6	7.11218
78742.5	7.10777
78762.5	7.10336
78782.4	7.09894
78802.3	7.09453
78822.2	7.09011
78842.1	7.0857
78862.0	7.08128
78881.9	7.07687
78901.8	7.07246
78921.7	7.06804
78941.6	7.06363
78961.5	7.05921
78981.4	7.0548
79001.3	7.05038
79021.2	7.04597
79041.1	7.04156
79061.0	7.03714
79080.9	7.03273
79100.8	7.02831
79120.7	7.0239
79140.6	7.01949
79160.5	7.01507
79180.4	7.01066
79200.3	7.00624
79220.3	7.00183
79240.1	6.99741
79260.1	6.993
79280.0	6.98859
79299.9	6.98417
79319.8	6.97976
79339.7	6.97534
79359.6	6.97093
79379.5	6.96651
79399.4	6.9621
79419.3	6.95792
79439.2	6.95375
79459.1	6.94958
79479.0	6.94542
79498.9	6.94125
79518.8	6.93708
79538.7	6.93291
79558.6	6.92874
79578.5	6.92457
79598.4	6.9204
79618.3	6.91623
79638.2	6.91207
79658.1	6.9079
79678.0	6.90373
79697.9	6.89956
79717.8	6.89539
79737.8	6.89122
79757.7	6.88705
79777.6	6.88288
79797.5	6.87871
79817.4	6.87454
79837.3	6.87038
79857.2	6.86621
79877.1	6.86204
79897.0	6.85787
79916.9	6.8537
79936.8	6.84953
79956.7	6.84536
79976.6	6.84119
79996.5	6.83702
80016.4	6.83296
80036.3	6.82893
80056.2	6.82489
80076.1	6.82085
80096.0	6.81681
80115.9	6.81277
80135.8	6.80873
80155.7	6.80469
80175.6	6.80066
80195.5	6.79662
80215.4	6.79258
80235.3	6.78854
80255.3	6.7845
80275.2	6.78046
80295.1	6.77642
80315.0	6.77239
80334.9	6.76835
80354.8	6.76431
80374.7	6.76027
80394.6	6.75623
80414.5	6.75219
80434.4	6.74816
80454.3	6.74412
80474.2	6.74008
80494.1	6.73604
80514.0	6.732
80533.9	6.72796
80553.8	6.72393
80573.7	6.71989
80593.6	6.71585
80613.5	6.71181
80633.4	6.70777
80653.3	6.70373
80673.2	6.69969
80693.1	6.69566
80713.0	6.69162
80732.9	6.68758
80752.9	6.68354
80772.8	6.6795
80792.7	6.67546
80812.6	6.67143
80832.5	6.66739
80852.4	6.66335
80872.3	6.65931
80892.2	6.65527
80912.1	6.65123
80932.0	6.6472
80951.9	6.64318
80971.8	6.63941
80991.7	6.63563
81011.6	6.63186
81031.5	6.62809
81051.4	6.62432
81071.3	6.62054
81091.2	6.61677
81111.1	6.613
81131.0	6.60922
81150.9	6.60545
81170.8	6.60167
81190.7	6.5979
81210.6	6.59413
81230.5	6.59035
81250.4	6.58658
81270.4	6.58281
81290.3	6.57903
81310.2	6.57526
81330.1	6.57149
81350.0	6.56771
81369.9	6.56394
81389.8	6.56016
81409.7	6.55639
81429.6	6.55262
81449.5	6.54885
81469.4	6.54507
81489.3	6.5413
81509.2	6.53752
81529.1	6.53375
81549.0	6.52998
81568.9	6.5262
81588.8	6.52243
81608.7	6.51866
81628.6	6.51488
81648.5	6.51111
81668.4	6.50734
81688.3	6.50356
81708.2	6.49979
81728.1	6.49602
81748.0	6.49224
81768.0	6.48847
81787.9	6.4847
81807.8	6.48092
81827.7	6.47715
81847.6	6.47338
81867.5	6.4696
81887.4	6.46583
81907.3	6.46206
81927.2	6.45828
81947.1	6.45451
81967.0	6.45074
81986.9	6.44696
82006.8	6.44319
82026.7	6.43941
82046.6	6.43564
82066.5	6.43187
82086.4	6.42809
82106.3	6.42432
82126.2	6.42055
82146.1	6.41677
82166.0	6.413
82185.9	6.40923
82205.8	6.40545
82225.8	6.40168
82245.6	6.39791
82265.6	6.39413
82285.5	6.39036
82305.4	6.38659
82325.3	6.38281
82345.2	6.37904
82365.1	6.37526
82385.0	6.37149
82404.9	6.36772
82424.8	6.36394
82444.7	6.36017
82464.6	6.3564
82484.5	6.35263
82504.4	6.34885
82524.3	6.34508
82544.2	6.34136
82564.1	6.33783
82584.0	6.3343
82603.9	6.33077
82623.8	6.32725
82643.7	6.32372
82663.6	6.32019
82683.5	6.31667
82703.4	6.31314
82723.3	6.30961
82743.3	6.30608
82763.2	6.30256
82783.1	6.29903
82803.0	6.2955
82822.9	6.29198
82842.8	6.28845
82862.7	6.28492
82882.6	6.28139
82902.5	6.27787
82922.4	6.27434
82942.3	6.27081
82962.2	6.26729
82982.1	6.26376
83002.0	6.26023
83021.9	6.2567
83041.8	6.25318
83061.7	6.24965
83081.6	6.24612
83101.5	6.2426
83121.4	6.23907
83141.3	6.23554
83161.2	6.23201
83181.1	6.22849
83201.0	6.22496
83220.9	6.22143
83240.9	6.21791
83260.8	6.21438
83280.7	6.21085
83300.6	6.20732
83320.5	6.2038
83340.4	6.20027
83360.3	6.19674
83380.2	6.19322
83400.1	6.18969
83420.0	6.18616
83439.9	6.18263
83459.8	6.17911
83479.7	6.17558
83499.6	6.17205
83519.5	6.16853
83539.4	6.165
83559.3	6.16147
83579.2	6.15794
83599.1	6.15442
83619.0	6.15089
83638.9	6.14736
83658.8	6.14384
83678.7	6.14031
83698.6	6.13678
83718.5	6.13325
83738.5	6.12973
83758.4	6.1262
83778.3	6.12267
83798.2	6.11914
83818.1	6.11562
83838.0	6.11209
83857.9	6.10856
83877.8	6.10504
83897.7	6.10151
83917.6	6.09798
83937.5	6.09445
83957.4	6.09093
83977.3	6.0874
83997.2	6.08387
84017.1	6.08035
84037.0	6.07682
84056.9	6.07329
84076.8	6.06977
84096.7	6.06624
84116.6	6.06271
84136.5	6.05918
84156.4	6.05574
84176.3	6.05249
84196.2	6.04923
84216.1	6.04597
84236.0	6.04271
84255.9	6.03946
84275.9	6.0362
84295.8	6.03294
84315.7	6.02969
84335.6	6.02643
84355.5	6.02317
84375.4	6.01991
84395.3	6.01666
84415.2	6.0134
84435.1	6.01014
84455.0	6.00688
84474.9	6.00363
84494.8	6.00037
84514.7	5.99711
84534.6	5.99385
84554.5	5.9906
84574.4	5.98734
84594.3	5.98408
84614.2	5.98083
84634.1	5.97757
84654.0	5.97431
84673.9	5.97105
84693.8	5.9678
84713.7	5.96454
84733.6	5.96128
84753.5	5.95803
84773.5	5.95477
84793.4	5.95151
84813.3	5.94825
84833.2	5.945
84853.1	5.94174
84873.0	5.93848
84892.9	5.93523
84912.8	5.93197
84932.7	5.92871
84952.6	5.92545
84972.5	5.92219
84992.4	5.91894
85012.3	5.91568
85032.2	5.91242
85052.1	5.90917
85072.0	5.90591
85091.9	5.90265
85111.8	5.89939
85131.7	5.89614
85151.6	5.89288
85171.5	5.88962
85191.4	5.88637
85211.3	5.88311
85231.2	5.87985
85251.1	5.87659
85271.1	5.87334
85291.0	5.87008
85310.9	5.86682
85330.8	5.86356
85350.7	5.86031
85370.6	5.85705
85390.5	5.85379
85410.4	5.85054
85430.3	5.84728
85450.2	5.84402
85470.1	5.84076
85490.0	5.83751
85509.9	5.83425
85529.8	5.83099
85549.7	5.82773
85569.6	5.82448
85589.5	5.82122
85609.4	5.81796
85629.3	5.81471
85649.2	5.81145
85669.1	5.80819
85689.0	5.80493
85708.9	5.80168
85728.8	5.79842
85748.8	5.79516
85768.7	5.7919
85788.6	5.78865
85808.5	5.78548
85828.4	5.78245
85848.3	5.77941
85868.2	5.77638
85888.1	5.77334
85908.0	5.7703
85927.9	5.76727
85947.8	5.76423
85967.7	5.7612
85987.6	5.75816
86007.5	5.75512
86027.4	5.75209
86047.3	5.74905
86067.2	5.74602
86087.1	5.74298
86107.0	5.73994
86126.9	5.73691
86146.8	5.73387
86166.7	5.73083
86186.6	5.7278
86206.5	5.72476
86226.4	5.72173
86246.4	5.71869
86266.3	5.71565
86286.2	5.71262
86306.1	5.70958
86326.0	5.70655
86345.9	5.70351
86365.8	5.70047
86385.7	5.69744
86405.6	5.6944
86425.5	5.69137
86445.4	5.68833
86465.3	5.68529
86485.2	5.68226
86505.1	5.67922
86525.0	5.67618
86544.9	5.67315
86564.8	5.67011
86584.7	5.66708
86604.6	5.66404
86624.5	5.66101
86644.4	5.65797
86664.3	5.65493
86684.2	5.6519
86704.1	5.64886
86724.0	5.64582
86744.0	5.64279
86763.9	5.63975
86783.8	5.63671
86803.7	5.63368
86823.6	5.63064
86843.5	5.62761
86863.4	5.62457
86883.3	5.62153
86903.2	5.6185
86923.1	5.61546
86943.0	5.61243
86962.9	5.60939
86982.8	5.60635
87002.7	5.60332
87022.6	5.60028
87042.5	5.59725
87062.4	5.59421
87082.3	5.59117
87102.2	5.58814
87122.1	5.5851
87142.0	5.58207
87161.9	5.57903
87181.8	5.57599
87201.7	5.57296
87221.6	5.56992
87241.5	5.56689
87261.5	5.56385
87281.4	5.56081
87301.3	5.55778
87321.2	5.55474
87341.1	5.5517
87361.0	5.54867
87380.9	5.54563
87400.8	5.5426
87420.7	5.53956
87440.6	5.53653
87460.5	5.53349
87480.4	5.53057
87500.3	5.52777
87520.2	5.52496
87540.1	5.52215
87560.0	5.51934
87579.9	5.51654
87599.8	5.51373
87619.7	5.51092
87639.6	5.50812
87659.5	5.50531
87679.4	5.5025
87699.3	5.4997
87719.2	5.49689
87739.1	5.49408
87759.1	5.49127
87779.0	5.48847
87798.9	5.48566
87818.8	5.48285
87838.7	5.48005
87858.6	5.47724
87878.5	5.47443
87898.4	5.47163
87918.3	5.46882
87938.2	5.46601
87958.1	5.4632
87978.0	5.4604
87997.9	5.45759
88017.8	5.45478
88037.7	5.45198
88057.6	5.44917
88077.5	5.44636
88097.4	5.44356
88117.3	5.44075
88137.2	5.43794
88157.1	5.43514
88177.0	5.43233
88196.9	5.42952
88216.8	5.42672
88236.7	5.42391
88256.6	5.4211
88276.6	5.41829
88296.5	5.41549
88316.4	5.41268
88336.3	5.40987
88356.2	5.40707
88376.1	5.40426
88396.0	5.40145
88415.9	5.39865
88435.8	5.39584
88455.7	5.39303
88475.6	5.39023
88495.5	5.38742
88515.4	5.38461
88535.3	5.3818
88555.2	5.379
88575.1	5.37619
88595.0	5.37338
88614.9	5.37058
88634.8	5.36777
88654.7	5.36496
88674.6	5.36216
88694.5	5.35935
88714.4	5.35654
88734.3	5.35374
88754.3	5.35093
88774.1	5.34812
88794.1	5.34531
88814.0	5.34251
88833.9	5.3397
88853.8	5.33689
88873.7	5.33409
88893.6	5.33128
88913.5	5.32847
88933.4	5.32567
88953.3	5.32286
88973.2	5.32005
88993.1	5.31724
89013.0	5.31444
89032.9	5.31163
89052.8	5.30882
89072.7	5.30602
89092.6	5.30321
89112.5	5.3004
89132.4	5.2976
89152.3	5.29479
89172.2	5.29198
89192.1	5.2893
89212.0	5.28671
89231.9	5.28411
89251.9	5.28151
89271.8	5.27891
89291.7	5.27631
89311.6	5.27372
89331.5	5.27112
89351.4	5.26852
89371.3	5.26592
89391.2	5.26332
89411.1	5.26073
89431.0	5.25813
89450.9	5.25553
89470.8	5.25293
89490.7	5.25033
89510.6	5.24774
89530.5	5.24514
89550.4	5.24254
89570.3	5.23994
89590.2	5.23734
89610.1	5.23475
89630.0	5.23215
89649.9	5.22955
89669.8	5.22695
89689.7	5.22435
89709.6	5.22176
89729.5	5.21916
89749.5	5.21656
89769.4	5.21396
89789.3	5.21137
89809.2	5.20877
89829.1	5.20617
89849.0	5.20357
89868.9	5.20097
89888.8	5.19838
89908.7	5.19578
89928.6	5.19318
89948.5	5.19058
89968.4	5.18798
89988.3	5.18539
90008.2	5.18279
90028.1	5.18019
90048.0	5.17759
90067.9	5.17499
90087.8	5.1724
90107.7	5.1698
90127.6	5.1672
90147.5	5.1646
90167.4	5.16201
90187.3	5.15941
90207.2	5.15681
90227.1	5.15421
90247.0	5.15161
90267.0	5.14902
90286.9	5.14642
90306.8	5.14382
90326.7	5.14122
90346.6	5.13862
90366.5	5.13603
90386.4	5.13343
90406.3	5.13083
90426.2	5.12823
90446.1	5.12563
90466.0	5.12304
90485.9	5.12044
90505.8	5.11784
90525.7	5.11524
90545.6	5.11264
90565.5	5.11005
90585.4	5.10745
90605.3	5.10485
90625.2	5.10225
90645.1	5.09966
90665.0	5.09706
90684.9	5.09446
90704.8	5.09186
90724.8	5.08926
90744.6	5.08667
90764.6	5.08407
90784.5	5.08147
90804.4	5.07887
90824.3	5.07627
90844.2	5.07368
90864.1	5.07108
90884.0	5.06848
90903.9	5.06588
90923.8	5.06328
90943.7	5.06081
90963.6	5.0584
90983.5	5.05599
91003.4	5.05358
91023.3	5.05117
91043.2	5.04876
91063.1	5.04634
91083.0	5.04393
91102.9	5.04152
91122.8	5.03911
91142.7	5.0367
91162.6	5.03429
91182.5	5.03187
91202.4	5.02946
91222.3	5.02705
91242.3	5.02464
91262.2	5.02223
91282.1	5.01982
91302.0	5.0174
91321.9	5.01499
91341.8	5.01258
91361.7	5.01017
91381.6	5.00776
91401.5	5.00534
91421.4	5.00293
91441.3	5.00052
91461.2	4.99811
91481.1	4.9957
91501.0	4.99329
91520.9	4.99087
91540.8	4.98846
91560.7	4.98605
91580.6	4.98364
91600.5	4.98123
91620.4	4.97882
91640.3	4.9764
91660.2	4.97399
91680.1	4.97158
91700.0	4.96917
91719.9	4.96676
91739.9	4.96435
91759.8	4.96193
91779.7	4.95952
91799.6	4.95711
91819.5	4.9547
91839.4	4.95229
91859.3	4.94988
91879.2	4.94746
91899.1	4.94505
91919.0	4.94264
91938.9	4.94023
91958.8	4.93782
91978.7	4.93541
91998.6	4.93299
92018.5	4.93058
92038.4	4.92817
92058.3	4.92576
92078.2	4.92335
92098.1	4.92093
92118.0	4.91852
92137.9	4.91611
92157.8	4.9137
92177.7	4.91129
92197.6	4.90888
92217.5	4.90647
92237.4	4.90405
92257.4	4.90164
92277.3	4.89923
92297.2	4.89682
92317.1	4.89441
92337.0	4.89199
92356.9	4.88958
92376.8	4.88717
92396.7	4.88476
92416.6	4.88235
92436.5	4.87994
92456.4	4.87752
92476.3	4.87511
92496.2	4.8727
92516.1	4.87029
92536.0	4.86788
92555.9	4.86547
92575.8	4.86305
92595.7	4.86064
92615.6	4.85823
92635.5	4.85582
92655.4	4.85341
92675.3	4.851
92695.2	4.84858
92715.1	4.84621
92735.0	4.84396
92754.9	4.84171
92774.9	4.83946
92794.8	4.83721
92814.7	4.83496
92834.6	4.83271
92854.5	4.83046
92874.4	4.82821
92894.3	4.82596
92914.2	4.82371
92934.1	4.82146
92954.0	4.81921
92973.9	4.81696
92993.8	4.81471
93013.7	4.81246
93033.6	4.81021
93053.5	4.80796
93073.4	4.80571
93093.3	4.80346
93113.2	4.80121
93133.1	4.79896
93153.0	4.79671
93172.9	4.79446
93192.8	4.79221
93212.7	4.78996
93232.6	4.7877
93252.5	4.78546
93272.5	4.7832
93292.4	4.78095
93312.3	4.7787
93332.2	4.77645
93352.1	4.7742
93372.0	4.77195
93391.9	4.7697
93411.8	4.76745
93431.7	4.7652
93451.6	4.76295
93471.5	4.7607
93491.4	4.75845
93511.3	4.7562
93531.2	4.75395
93551.1	4.7517
93571.0	4.74945
93590.9	4.7472
93610.8	4.74495
93630.7	4.7427
93650.6	4.74045
93670.5	4.7382
93690.4	4.73595
93710.3	4.7337
93730.3	4.73145
93750.1	4.7292
93770.1	4.72695
93790.0	4.7247
93809.9	4.72245
93829.8	4.72019
93849.7	4.71794
93869.6	4.71569
93889.5	4.71344
93909.4	4.71119
93929.3	4.70894
93949.2	4.70669
93969.1	4.70444
93989.0	4.70219
94008.9	4.69994
94028.8	4.69769
94048.7	4.69544
94068.6	4.69319
94088.5	4.69094
94108.4	4.68869
94128.3	4.68644
94148.2	4.68419
94168.1	4.68194
94188.0	4.67969
94207.9	4.67744
94227.8	4.67519
94247.8	4.67294
94267.7	4.67069
94287.6	4.66844
94307.5	4.66619
94327.4	4.66394
94347.3	4.66169
94367.2	4.65944
94387.1	4.65719
94407.0	4.65493
94426.9	4.65268
94446.8	4.65043
94466.7	4.64818
94486.6	4.64593
94506.5	4.64368
94526.4	4.64149
94546.3	4.63942
94566.2	4.63734
94586.1	4.63527
94606.0	4.63319
94625.9	4.63112
94645.8	4.62905
94665.7	4.62697
94685.6	4.6249
94705.5	4.62282
94725.4	4.62075
94745.4	4.61868
94765.3	4.6166
94785.2	4.61453
94805.1	4.61246
94825.0	4.61038
94844.9	4.60831
94864.8	4.60624
94884.7	4.60416
94904.6	4.60209
94924.5	4.60001
94944.4	4.59794
94964.3	4.59587
94984.2	4.59379
95004.1	4.59172
95024.0	4.58965
95043.9	4.58757
95063.8	4.5855
95083.7	4.58342
95103.6	4.58135
95123.5	4.57928
95143.4	4.5772
95163.3	4.57513
95183.2	4.57305
95203.1	4.57098
95223.0	4.56891
95243.0	4.56683
95262.9	4.56476
95282.8	4.56269
95302.7	4.56061
95322.6	4.55854
95342.5	4.55646
95362.4	4.55439
95382.3	4.55232
95402.2	4.55024
95422.1	4.54817
95442.0	4.54609
95461.9	4.54402
95481.8	4.54195
95501.7	4.53987
95521.6	4.5378
95541.5	4.53573
95561.4	4.53365
95581.3	4.53158
95601.2	4.5295
95621.1	4.52743
95641.0	4.52536
95660.9	4.52328
95680.8	4.52121
95700.7	4.51914
95720.6	4.51706
95740.6	4.51499
95760.5	4.51291
95780.4	4.51084
95800.3	4.50877
95820.2	4.50669
95840.1	4.50462
95860.0	4.50255
95879.9	4.50047
95899.8	4.4984
95919.7	4.49632
95939.6	4.49425
95959.5	4.49218
95979.4	4.4901
95999.3	4.48803
96019.2	4.48596
96039.1	4.48388
96059.0	4.48181
96078.9	4.47973
96098.8	4.47766
96118.7	4.47559
96138.6	4.47351
96158.5	4.47144
96178.4	4.46936
96198.3	4.46729
96218.2	4.46522
96238.1	4.46314
96258.0	4.46107
96278.0	4.459
96297.9	4.45692
96317.8	4.45485
96337.7	4.45278
96357.6	4.4507
96377.5	4.44868
96397.4	4.44674
96417.3	4.44479
96437.2	4.44285
96457.1	4.44091
96477.0	4.43897
96496.9	4.43703
96516.8	4.43508
96536.7	4.43314
96556.6	4.4312
96576.5	4.42926
96596.4	4.42732
96616.3	4.42537
96636.2	4.42343
96656.1	4.42149
96676.0	4.41955
96695.9	4.41761
96715.8	4.41567
96735.7	4.41372
96755.6	4.41178
96775.6	4.40984
96795.5	4.4079
96815.4	4.40596
96835.3	4.40402
96855.2	4.40207
96875.1	4.40013
96895.0	4.39819
96914.9	4.39625
96934.8	4.39431
96954.7	4.39236
96974.6	4.39042
96994.5	4.38848
97014.4	4.38654
97034.3	4.3846
97054.2	4.38266
97074.1	4.38071
97094.0	4.37877
97113.9	4.37683
97133.8	4.37489
97153.7	4.37295
97173.6	4.371
97193.5	4.36906
97213.4	4.36712
97233.3	4.36518
97253.3	4.36324
97273.2	4.3613
97293.1	4.35935
97313.0	4.35741
97332.9	4.35547
97352.8	4.35353
97372.7	4.35159
97392.6	4.34964
97412.5	4.3477
97432.4	4.34576
97452.3	4.34382
97472.2	4.34188
97492.1	4.33994
97512.0	4.33799
97531.9	4.33605
97551.8	4.33411
97571.7	4.33217
97591.6	4.33023
97611.5	4.32828
97631.4	4.32634
97651.3	4.3244
97671.2	4.32246
97691.1	4.32052
97711.0	4.31857
97730.9	4.31663
97750.9	4.31469
97770.8	4.31275
97790.7	4.31081
97810.6	4.30887
97830.5	4.30692
97850.4	4.30498
97870.3	4.30304
97890.2	4.3011
97910.1	4.29916
97930.0	4.29722
97949.9	4.29527
97969.8	4.29333
97989.7	4.29139
98009.6	4.28945
98029.5	4.28751
98049.4	4.28556
98069.3	4.28362
98089.2	4.28168
98109.1	4.27974
98129.0	4.2778
98148.9	4.27586
98168.8	4.27391
98188.7	4.27197
98208.6	4.27003
98228.5	4.26809
98248.5	4.26615
98268.4	4.26434
98288.3	4.26254
98308.2	4.26075
98328.1	4.25895
98348.0	4.25715
98367.9	4.25536
98387.8	4.25356
98407.7	4.25176
98427.6	4.24997
98447.5	4.24817
98467.4	4.24638
98487.3	4.24458
98507.2	4.24278
98527.1	4.24099
98547.0	4.23919
98566.9	4.23739
98586.8	4.2356
98606.7	4.2338
98626.6	4.23201
98646.5	4.23021
98666.4	4.22841
98686.3	4.22662
98706.2	4.22482
98726.1	4.22302
98746.0	4.22123
98766.0	4.21943
98785.9	4.21763
98805.8	4.21584
98825.7	4.21404
98845.6	4.21225
98865.5	4.21045
98885.4	4.20865
98905.3	4.20686
98925.2	4.20506
98945.1	4.20326
98965.0	4.20147
98984.9	4.19967
99004.8	4.19788
99024.7	4.19608
99044.6	4.19428
99064.5	4.19249
99084.4	4.19069
99104.3	4.18889
99124.2	4.1871
99144.1	4.1853
99164.0	4.1835
99183.9	4.18171
99203.8	4.17991
99223.8	4.17811
99243.6	4.17632
99263.6	4.17452
99283.5	4.17273
99303.4	4.17093
99323.3	4.16913
99343.2	4.16734
99363.1	4.16554
99383.0	4.16374
99402.9	4.16195
99422.8	4.16015
99442.7	4.15836
99462.6	4.15656
99482.5	4.15476
99502.4	4.15297
99522.3	4.15117
99542.2	4.14937
99562.1	4.14758
99582.0	4.14578
99601.9	4.14398
99621.8	4.14219
99641.7	4.14039
99661.6	4.1386
99681.5	4.1368
99701.4	4.135
99721.3	4.13321
99741.3	4.13141
99761.2	4.12961
99781.1	4.12782
99801.0	4.12602
99820.9	4.12423
99840.8	4.12243
99860.7	4.12063
99880.6	4.11884
99900.5	4.11704
99920.4	4.11524
99940.3	4.11345
99960.2	4.11165
99980.1	4.10985
100000.0	4.10806