0.42500049999999995	0.1000005	3306056299243.6875
0.42500049999999995	0.30000000000000004	3232171242908.101
0.42500049999999995	0.5	3078778765111.708
0.42500049999999995	0.7000000000000001	2839718754352.94
0.42500049999999995	0.9	2515930647072.402
0.42500049999999995	1.1	2122090384133.9465
0.42500049999999995	1.3	1688391452738.6199
0.42500049999999995	1.5	1255658521159.1152
0.42500049999999995	1.7	865174313918.8213
0.42500049999999995	1.9	547538737859.60596
0.42500049999999995	2.0999999999999996	315593824335.8203
0.42500049999999995	2.3	164292726422.3738
0.42500049999999995	2.5	76609940323.10115
0.42500049999999995	2.7	31734920991.663086
0.42500049999999995	2.9000000000000004	11581942580.515429
0.42500049999999995	3.1000000000000005	3693283577.527484
0.42500049999999995	3.3000000000000007	1020496199.7980573
0.42500049999999995	3.500000000000001	242293097.46629047
0.42500049999999995	3.700000000000001	49017091.78114578
0.42500049999999995	3.899999500000001	8378334.740612122
1.275	0.1000005	3302087990141.132
1.275	0.30000000000000004	3227991074691.0093
1.275	0.5	3074207920912.764
1.275	0.7000000000000001	2834651628558.4766
1.275	0.9	2510381493200.8276
1.275	1.1	2116227004970.1702
1.275	1.3	1682530665123.6453
1.275	1.5	1250200071495.5996
1.275	1.7	860497864106.2094
1.275	1.9	543890225879.17615
1.275	2.0999999999999996	313025793839.52637
1.275	2.3	162675535181.41226
1.275	2.5	75705943312.35892
1.275	2.7	31289945583.5445
1.275	2.9000000000000004	11390530786.024147
1.275	3.1000000000000005	3621883168.605498
1.275	3.3000000000000007	997582373.1808996
1.275	3.500000000000001	236016107.11376774
1.275	3.700000000000001	47560958.81933595
1.275	3.899999500000001	8094573.104573363
2.125	0.1000005	3294024386044.739
2.125	0.30000000000000004	3219502456591.1416
2.125	0.5	3064936007187.5923
2.125	0.7000000000000001	2824386503755.065
2.125	0.9	2499156199566.3984
2.125	1.1	2104384922720.943
2.125	1.3	1670711906813.633
2.125	1.5	1239213848238.124
2.125	1.7	851103499700.1588
2.125	1.9	536577652625.5064
2.125	2.0999999999999996	307891546931.0996
2.125	2.3	159451324528.5357
2.125	2.5	73909416894.32185
2.125	2.7	30408695892.408924
2.125	2.9000000000000004	11012935646.748955
2.125	3.1000000000000005	3481655110.8343835
2.125	3.3000000000000007	952799114.1136566
2.125	3.500000000000001	223814188.31342903
2.125	3.700000000000001	44747126.398075685
2.125	3.899999500000001	7549790.673230493
2.9749999999999996	0.1000005	3281623825028.752
2.9749999999999996	0.30000000000000004	3206460487246.742
2.9749999999999996	0.5	3050712291589.632
2.9749999999999996	0.7000000000000001	2808669408160.1426
2.9749999999999996	0.9	2482007273258.553
2.9749999999999996	1.1	2086338672640.5205
2.9749999999999996	1.3	1652749882069.2644
2.9749999999999996	1.5	1222566386623.402
2.9749999999999996	1.7	836914770011.0205
2.9749999999999996	1.9	525574001202.3394
2.9749999999999996	2.0999999999999996	300197821637.42444
2.9749999999999996	2.3	154642316994.7184
2.9749999999999996	2.5	71244008951.80518
2.9749999999999996	2.7	29108975858.52383
2.9749999999999996	2.9000000000000004	10459724202.928656
2.9749999999999996	3.1000000000000005	3277725487.743841
2.9749999999999996	3.3000000000000007	888206056.0064551
2.9749999999999996	3.500000000000001	206374425.44131684
2.9749999999999996	3.700000000000001	40765516.1712953
2.9749999999999996	3.899999500000001	6787350.536907438
3.8249999999999997	0.1000005	3264500814208.9233
3.8249999999999997	0.30000000000000004	3188473194901.557
3.8249999999999997	0.5	3031136379829.024
3.8249999999999997	0.7000000000000001	2787098651709.4497
3.8249999999999997	0.9	2458546629844.2437
3.8249999999999997	1.1	2061737099866.2754
3.8249999999999997	1.3	1628356281086.3535
3.8249999999999997	1.5	1200052306408.9016
3.8249999999999997	1.7	817815703229.9197
3.8249999999999997	1.9	510840139222.76996
3.8249999999999997	2.0999999999999996	289956927815.3087
3.8249999999999997	2.3	148284016798.5433
3.8249999999999997	2.5	67746389900.35251
3.8249999999999997	2.7	27417893082.35468
3.8249999999999997	2.9000000000000004	9746743775.485456
3.8249999999999997	3.1000000000000005	3017674579.578753
3.8249999999999997	3.3000000000000007	806801620.8228259
3.8249999999999997	3.500000000000001	184679857.7466243
3.8249999999999997	3.700000000000001	35883044.70782272
3.8249999999999997	3.899999500000001	5866993.726467477
4.675	0.1000005	3242104649464.899
4.675	0.30000000000000004	3164981452901.6274
4.675	0.5	3005640722718.203
4.675	0.7000000000000001	2759105389441.0205
4.675	0.9	2428226804639.1157
4.675	1.1	2030087162238.6912
4.675	1.3	1597131357462.2432
4.675	1.5	1171392368211.2432
4.675	1.7	793653397977.5577
4.675	1.9	492329094864.7679
4.675	2.0999999999999996	277191347150.60693
4.675	2.3	140428190127.32373
4.675	2.5	63467976068.18897
4.675	2.7	25372428965.30128
4.675	2.9000000000000004	8895147881.51298
4.675	3.1000000000000005	2711393032.3406906
4.675	3.3000000000000007	712408990.9324318
4.675	3.500000000000001	159953761.0524593
4.675	3.700000000000001	30422936.453074098
4.675	3.899999500000001	4858955.101759043
5.5249999999999995	0.1000005	3213681837982.5933
5.5249999999999995	0.30000000000000004	3135223993786.462
5.5249999999999995	0.5	2973453686601.4727
5.5249999999999995	0.7000000000000001	2723920579247.959
5.5249999999999995	0.9	2390312445670.697
5.5249999999999995	1.1	1990735141572.5461
5.5249999999999995	1.3	1558551618338.9956
5.5249999999999995	1.5	1136228290408.5955
5.5249999999999995	1.7	764238023304.2126
5.5249999999999995	1.9	469991369546.22107
5.5249999999999995	2.0999999999999996	261939240199.4237
5.5249999999999995	2.3	131147141192.6262
5.5249999999999995	2.5	58477074202.85455
5.5249999999999995	2.7	23020106033.51425
5.5249999999999995	2.9000000000000004	7931312008.940215
5.5249999999999995	3.1000000000000005	2370865463.4629717
5.5249999999999995	3.3000000000000007	609516534.4936032
5.5249999999999995	3.500000000000001	133584233.68571581
5.5249999999999995	3.700000000000001	24738413.02984494
5.5249999999999995	3.899999500000001	3836825.5783287333
6.374999999999999	0.1000005	3178225563052.557
6.374999999999999	0.30000000000000004	3098183634651.406
6.374999999999999	0.5	2933547722378.971
6.374999999999999	0.7000000000000001	2680529629774.413
6.374999999999999	0.9	2343844031995.1685
6.374999999999999	1.1	1942837488732.8972
6.374999999999999	1.3	1511953627223.384
6.374999999999999	1.5	1094117566043.0737
6.374999999999999	1.7	729349945448.9427
6.374999999999999	1.9	443783360458.5417
6.374999999999999	2.0999999999999996	244263128076.5993
6.374999999999999	2.3	120539543215.0743
6.374999999999999	2.5	52861602597.44586
6.374999999999999	2.7	20419707092.68745
6.374999999999999	2.9000000000000004	6886678123.603411
6.374999999999999	3.1000000000000005	2009836799.9024487
6.374999999999999	3.3000000000000007	503066918.16960365
6.374999999999999	3.500000000000001	107031030.29765405
6.374999999999999	3.700000000000001	19182223.10327444
6.374999999999999	3.899999500000001	2869859.7626907523
7.224999999999999	0.1000005	3134395993944.3286
7.224999999999999	0.30000000000000004	3052510826457.99
7.224999999999999	0.5	2884570041576.2266
7.224999999999999	0.7000000000000001	2627602428597.925
7.224999999999999	0.9	2287577620187.7295
7.224999999999999	1.1	1885319358854.2527
7.224999999999999	1.3	1456510680047.6755
7.224999999999999	1.5	1044530871271.9371
7.224999999999999	1.7	688743615162.7899
7.224999999999999	1.9	413680512676.83374
7.224999999999999	2.0999999999999996	224261619214.0372
7.224999999999999	2.3	108738083493.31348
7.224999999999999	2.5	46732511935.034386
7.224999999999999	2.7	17641884242.02637
7.224999999999999	2.9000000000000004	5797345852.422619
7.224999999999999	3.1000000000000005	1643344503.580807
7.224999999999999	3.3000000000000007	398183245.20901257
7.224999999999999	3.500000000000001	81717170.3352705
7.224999999999999	3.700000000000001	14074170.274360564
7.224999999999999	3.899999500000001	2015554.404446131
8.075	0.1000005	3080408849307.9575
8.075	0.30000000000000004	2996415456871.4614
8.075	0.5	2824735067068.889
8.075	0.7000000000000001	2563405877457.3784
8.075	0.9	2219914224637.7505
8.075	1.1	1816824724026.1382
8.075	1.3	1391210777004.8186
8.075	1.5	986848825931.5867
8.075	1.7	642167328268.3922
8.075	1.9	379697403663.1067
8.075	2.0999999999999996	202086578371.5152
8.075	2.3	95919505655.6176
8.075	2.5	40227530076.68481
8.075	2.7	14769502254.464397
8.075	2.9000000000000004	4703331300.444412
8.075	3.1000000000000005	1287060965.8761404
8.075	3.3000000000000007	299837790.7201525
8.075	3.500000000000001	58909901.72596532
8.075	3.700000000000001	9669580.409915758
8.075	3.899999500000001	1313494.1157659646
8.924999999999999	0.1000005	3013869538050.7026
8.924999999999999	0.30000000000000004	2927502934799.0776
8.924999999999999	0.5	2751672827477.833
8.924999999999999	0.7000000000000001	2485663948617.7085
8.924999999999999	0.9	2138790972499.1025
8.924999999999999	1.1	1735646401475.4546
8.924999999999999	1.3	1314826819737.223
8.924999999999999	1.5	920369120296.7699
8.924999999999999	1.7	589385059458.6375
8.924999999999999	1.9	341918129175.9747
8.924999999999999	2.0999999999999996	177966320998.4604
8.924999999999999	2.3	82317243460.29697
8.924999999999999	2.5	33515172483.22567
8.924999999999999	2.7	11897379421.782585
8.924999999999999	2.9000000000000004	3647307558.124273
8.924999999999999	3.1000000000000005	956405254.2711792
8.924999999999999	3.3000000000000007	212461196.11179703
8.924999999999999	3.500000000000001	39599306.2528002
8.924999999999999	3.700000000000001	6132665.703983384
8.924999999999999	3.899999500000001	781502.2735337318
9.774999999999999	0.1000005	2931523074877.6675
9.774999999999999	0.30000000000000004	2842531880577.1514
9.774999999999999	0.5	2662206083972.212
9.774999999999999	0.7000000000000001	2391370445468.978
9.774999999999999	0.9	2041537920618.866
9.774999999999999	1.1	1639643771892.0237
9.774999999999999	1.3	1225890695848.7432
9.774999999999999	1.5	844331134794.197
9.774999999999999	1.7	530226349611.0958
9.774999999999999	1.9	300544117346.0474
9.774999999999999	2.0999999999999996	152238525903.73022
9.774999999999999	2.3	68236451778.74814
9.774999999999999	2.5	26798085313.203487
9.774999999999999	2.7	9130732625.328709
9.774999999999999	2.9000000000000004	2672583941.1484957
9.774999999999999	3.1000000000000005	665387281.5877471
9.774999999999999	3.3000000000000007	139512401.56953388
9.774999999999999	3.500000000000001	24389629.434372302
9.774999999999999	3.700000000000001	3519608.3430348276
9.774999999999999	3.899999500000001	415054.8110063588
10.624999999999998	0.1000005	2828867291633.151
10.624999999999998	0.30000000000000004	2737044182379.6113
10.624999999999998	0.5	2552012133150.8403
10.624999999999998	0.7000000000000001	2276506523706.9995
10.624999999999998	0.9	1924680449941.2034
10.624999999999998	1.1	1526137173814.919
10.624999999999998	1.3	1122685504258.2732
10.624999999999998	1.5	757967123091.3738
10.624999999999998	1.7	464667680420.39233
10.624999999999998	1.9	255967210352.13742
10.624999999999998	2.0999999999999996	125395457782.20178
10.624999999999998	2.3	54072030817.369446
10.624999999999998	2.5	20314503169.08369
10.624999999999998	2.7	6581575083.182908
10.624999999999998	2.9000000000000004	1820035005.1042058
10.624999999999998	3.1000000000000005	425185823.15928376
10.624999999999998	3.3000000000000007	83048708.10956807
10.624999999999998	3.500000000000001	13422460.539460825
10.624999999999998	3.700000000000001	1776444.506372931
10.624999999999998	3.899999500000001	190524.70733646868
11.474999999999998	0.1000005	2699539936009.0566
11.474999999999998	0.30000000000000004	2604782545624.8276
11.474999999999998	0.5	2415103849394.6636
11.474999999999998	0.7000000000000001	2135628635073.866
11.474999999999998	0.9	1783668448657.5835
11.474999999999998	1.1	1391801650131.599
11.474999999999998	1.3	1003279245334.1687
11.474999999999998	1.5	660631789536.6843
11.474999999999998	1.7	392979220849.1009
11.474999999999998	1.9	208882979892.6125
11.474999999999998	2.0999999999999996	98143767203.37015
11.474999999999998	2.3	40325464705.89988
11.474999999999998	2.5	14334880083.808474
11.474999999999998	2.7	4361588295.17871
11.474999999999998	2.9000000000000004	1123724067.440542
11.474999999999998	3.1000000000000005	242523810.09835908
11.474999999999998	3.3000000000000007	43374117.36407939
11.474999999999998	3.500000000000001	6358832.759453849
11.474999999999998	3.700000000000001	755912.6727788507
11.474999999999998	3.899999500000001	72074.14682169983
12.324999999999998	0.1000005	2534317685820.244
12.324999999999998	0.30000000000000004	2436747817099.0034
12.324999999999998	0.5	2243026304738.2363
12.324999999999998	0.7000000000000001	1961266640148.7668
12.324999999999998	0.9	1612536819313.765
12.324999999999998	1.1	1232598919921.8635
12.324999999999998	1.3	865679018047.9463
12.324999999999998	1.5	552068052489.0032
12.324999999999998	1.7	315984565106.39197
12.324999999999998	1.9	160464425743.8282
12.324999999999998	2.0999999999999996	71479321582.99673
12.324999999999998	2.3	27615045157.441654
12.324999999999998	2.5	9148679100.780268
12.324999999999998	2.7	2569807650.8847017
12.324999999999998	2.9000000000000004	605129366.3159776
12.324999999999998	3.1000000000000005	118104912.69334625
12.324999999999998	3.3000000000000007	18889391.04642984
12.324999999999998	3.500000000000001	2447649.167133225
12.324999999999998	3.700000000000001	254042.46705713772
12.324999999999998	3.899999500000001	20879.875455655823
13.174999999999997	0.1000005	2319429050734.6436
13.174999999999997	0.30000000000000004	2219653126095.9824
13.174999999999997	0.5	2023581078972.1008
13.174999999999997	0.7000000000000001	1743071188792.2366
13.174999999999997	0.9	1403552380285.5674
13.174999999999997	1.1	1043910843221.1378
13.174999999999997	1.3	708298794532.9846
13.174999999999997	1.5	432976537166.86145
13.174999999999997	1.7	235523388897.85043
13.174999999999997	1.9	112618733457.65285
13.174999999999997	2.0999999999999996	46765191365.42343
13.174999999999997	2.3	16661896541.547205
13.174999999999997	2.5	5032480026.421202
13.174999999999997	2.7	1273108715.0151541
13.174999999999997	2.9000000000000004	266529844.95798033
13.174999999999997	3.1000000000000005	45624061.16045648
13.174999999999997	3.3000000000000007	6309305.0224179495
13.174999999999997	3.500000000000001	696435.9798933442
13.174999999999997	3.700000000000001	60627.10731405529
13.174999999999997	3.899999500000001	4112.528793368701
14.024999999999997	0.1000005	2033681640426.6062
14.024999999999997	0.30000000000000004	1933376391945.204
14.024999999999997	0.5	1738930541694.3699
14.024999999999997	0.7000000000000001	1466810790759.9092
14.024999999999997	0.9	1147213217891.6704
14.024999999999997	1.1	821375843396.2125
14.024999999999997	1.3	531232129701.02356
14.024999999999997	1.5	306233214852.91156
14.024999999999997	1.7	155262798566.55804
14.024999999999997	1.9	68329164437.12785
14.024999999999997	2.0999999999999996	25762677341.600628
14.024999999999997	2.3	8214432236.65056
14.024999999999997	2.5	2186477414.1114154
14.024999999999997	2.7	479613401.51449823
14.024999999999997	2.9000000000000004	85591600.58248584
14.024999999999997	3.1000000000000005	12268566.956645653
14.024999999999997	3.3000000000000007	1394505.2834189404
14.024999999999997	3.500000000000001	124095.53690328455
14.024999999999997	3.700000000000001	8535.790766929533
14.024999999999997	3.899999500000001	448.0295483813564
14.874999999999996	0.1000005	1643890672490.7588
14.874999999999996	0.30000000000000004	1547231085286.1047
14.874999999999996	0.5	1363457880887.7441
14.874999999999996	0.7000000000000001	1114299252336.0718
14.874999999999996	0.9	834189108558.8651
14.874999999999996	1.1	564150954410.6251
14.874999999999996	1.3	339700994387.4267
14.874999999999996	1.5	179482895357.19717
14.874999999999996	1.7	82010663237.05952
14.874999999999996	1.9	31944991937.526386
14.874999999999996	2.0999999999999996	10458065611.695587
14.874999999999996	2.3	2837317684.388193
14.874999999999996	2.5	629095880.0563735
14.874999999999996	2.7	112425533.49448842
14.874999999999996	2.9000000000000004	15972343.715271095
14.874999999999996	3.1000000000000005	1779318.533993982
14.874999999999996	3.3000000000000007	153295.6834486511
14.874999999999996	3.500000000000001	10073.019769615596
14.874999999999996	3.700000000000001	497.7695332641118
14.874999999999996	3.899999500000001	18.23541370632864
15.724999999999996	0.1000005	1101686832205.5486
15.724999999999996	0.30000000000000004	1019178397232.4087
15.724999999999996	0.5	867171102270.5073
15.724999999999996	0.7000000000000001	671488435354.0765
15.724999999999996	0.9	466767936357.98505
15.724999999999996	1.1	286828345313.2137
15.724999999999996	1.3	153342590481.9613
15.724999999999996	1.5	70188471124.88536
15.724999999999996	1.7	27074830330.861725
15.724999999999996	1.9	8666022573.08541
15.724999999999996	2.0999999999999996	2266699455.154283
15.724999999999996	2.3	477226844.2230412
15.724999999999996	2.5	79664015.79714814
15.724999999999996	2.7	10384886.752408456
15.724999999999996	2.9000000000000004	1040921.4916784124
15.724999999999996	3.1000000000000005	78960.92860725531
15.724999999999996	3.3000000000000007	4459.449713140139
15.724999999999996	3.500000000000001	184.37982118411105
15.724999999999996	3.700000000000001	5.485380390775296
15.724999999999996	3.899999500000001	0.11537134701734567
16.574999499999993	0.1000005	396755107453.1328
16.574999499999993	0.30000000000000004	354168704305.0647
16.574999499999993	0.5	280472960609.4405
16.574999499999993	0.7000000000000001	194858554397.49997
16.574999499999993	0.9	117073994580.04228
16.574999499999993	1.1	59863585206.107544
16.574999499999993	1.3	25618826946.491974
16.574999499999993	1.5	9020092928.113451
16.574999499999993	1.7	2567424073.8743668
16.574999499999993	1.9	580177351.3550271
16.574999499999993	2.0999999999999996	102155484.74835393
16.574999499999993	2.3	13745898.787653137
16.574999499999993	2.5	1385466.6090859189
16.574999499999993	2.7	102467.11849175463
16.574999499999993	2.9000000000000004	5444.671694311477
16.574999499999993	3.1000000000000005	203.41837530069296
16.574999499999993	3.3000000000000007	5.227457792063579
16.574999499999993	3.500000000000001	0.09035545037843402
16.574999499999993	3.700000000000001	0.0010268435507005454
16.574999499999993	3.899999500000001	7.497408993076757e-06