0.42500049999999995	0.1000005	4921629475987.701
0.42500049999999995	0.30000000000000004	4920941050069.475
0.42500049999999995	0.5	4912004236899.497
0.42500049999999995	0.7000000000000001	4880977888824.861
0.42500049999999995	0.9	4810177634142.285
0.42500049999999995	1.1	4681368455748.318
0.42500049999999995	1.3	4479471799550.162
0.42500049999999995	1.5	4196074868984.912
0.42500049999999995	1.7	3832050708054.9146
0.42500049999999995	1.9	3398650932873.1836
0.42500049999999995	2.0999999999999996	2916667875709.085
0.42500049999999995	2.3	2413663288449.2974
0.42500049999999995	2.5	1919763846373.0122
0.42500049999999995	2.7	1462927880178.4307
0.42500049999999995	2.9000000000000004	1064780822947.6132
0.42500049999999995	3.1000000000000005	737973728973.8058
0.42500049999999995	3.3000000000000007	485581177728.8844
0.42500049999999995	3.500000000000001	302431857592.8565
0.42500049999999995	3.700000000000001	177765168376.90143
0.42500049999999995	3.899999500000001	98317229207.13058
1.275	0.1000005	4925397380657.807
1.275	0.30000000000000004	4924596715470.694
1.275	0.5	4915414547795.431
1.275	0.7000000000000001	4883976441442.123
1.275	0.9	4812562857506.006
1.275	1.1	4682918828765.259
1.275	1.3	4479976280165.828
1.275	1.5	4195373780511.3496
1.275	1.7	3830078524470.463
1.275	1.9	3395468601537.407
1.275	2.0999999999999996	2912469463328.838
1.275	2.3	2408764560788.2295
1.275	2.5	1914555664900.9104
1.275	2.7	1457813436826.6082
1.275	2.9000000000000004	1060111928736.5663
1.275	3.1000000000000005	733998993588.5707
1.275	3.3000000000000007	482421959797.16406
1.275	3.500000000000001	300087695241.1437
1.275	3.700000000000001	176142601930.45822
1.275	3.899999500000001	97270883279.17825
2.125	0.1000005	4932960937846.008
2.125	0.30000000000000004	4931932939338.844
2.125	0.5	4922252433407.563
2.125	0.7000000000000001	4889979325167.267
2.125	0.9	4817322748672.728
2.125	1.1	4685988744586.673
2.125	1.3	4480932062507.997
2.125	1.5	4193895884233.0103
2.125	1.7	3826037609871.5825
2.125	1.9	3388989253181.989
2.125	2.0999999999999996	2903953965725.077
2.125	2.3	2398852955245.858
2.125	2.5	1904038255028.229
2.125	2.7	1447504301912.0713
2.125	2.9000000000000004	1050716730967.1278
2.125	3.1000000000000005	726015976117.5267
2.125	3.3000000000000007	476089354939.6523
2.125	3.500000000000001	295398655601.2797
2.125	3.700000000000001	172904259190.83734
2.125	3.899999500000001	95187837974.3474
2.9749999999999996	0.1000005	4944376174477.468
2.9749999999999996	0.30000000000000004	4942996238827.849
2.9749999999999996	0.5	4932551107022.833
2.9749999999999996	0.7000000000000001	4898995063081.456
2.9749999999999996	0.9	4824432628065.816
2.9749999999999996	1.1	4690512781006.271
2.9749999999999996	1.3	4482225459508.345
2.9749999999999996	1.5	4191478373075.007
2.9749999999999996	1.7	3819722789222.825
2.9749999999999996	1.9	3378980642864.591
2.9749999999999996	2.0999999999999996	2890875439586.266
2.9749999999999996	2.3	2383690728498.3984
2.9749999999999996	2.5	1888003936332.7405
2.9749999999999996	2.7	1431836128690.9458
2.9749999999999996	2.9000000000000004	1036481755745.6526
2.9749999999999996	3.1000000000000005	713957331554.5779
2.9749999999999996	3.3000000000000007	466555402300.8383
2.9749999999999996	3.500000000000001	288364002460.1967
2.9749999999999996	3.700000000000001	168064576841.5211
2.9749999999999996	3.899999500000001	92087416718.59851
3.8249999999999997	0.1000005	4959724879300.855
3.8249999999999997	0.30000000000000004	4957858892005.374
3.8249999999999997	0.5	4946358120001.546
3.8249999999999997	0.7000000000000001	4911034116483.958
3.8249999999999997	0.9	4833851601515.408
3.8249999999999997	1.1	4696382520922.556
3.8249999999999997	1.3	4483674824970.5
3.8249999999999997	1.5	4187866371746.0947
3.8249999999999997	1.7	3810812615328.5176
3.8249999999999997	1.9	3365074723056.4395
3.8249999999999997	2.0999999999999996	2872848718893.918
3.8249999999999997	2.3	2362911735071.487
3.8249999999999997	2.5	1866130310591.5637
3.8249999999999997	2.7	1410554041871.987
3.8249999999999997	2.9000000000000004	1017231063039.005
3.8249999999999997	3.1000000000000005	697722631426.756
3.8249999999999997	3.3000000000000007	453780063635.34375
3.8249999999999997	3.500000000000001	278985447666.8657
3.8249999999999997	3.700000000000001	161647425665.38358
3.8249999999999997	3.899999500000001	88000613643.55026
4.675	0.1000005	4979113567895.835
4.675	0.30000000000000004	4976612197483.212
4.675	0.5	4963728631921.659
4.675	0.7000000000000001	4926098387429.187
4.675	0.9	4845506439926.63
4.675	1.1	4703433436628.863
4.675	1.3	4485010067167.917
4.675	1.5	4182681371418.23
4.675	1.7	3798839182803.239
4.675	1.9	3346742722630.9214
4.675	2.0999999999999996	2849326963004.5044
4.675	2.3	2335992910001.7476
4.675	2.5	1837967541936.1958
4.675	2.7	1383309965497.7485
4.675	2.9000000000000004	992725945018.4442
4.675	3.1000000000000005	677178541719.7605
4.675	3.3000000000000007	437714361042.0527
4.675	3.500000000000001	267269838617.17093
4.675	3.700000000000001	153688754490.81677
4.675	3.899999500000001	82971547121.88725
5.5249999999999995	0.1000005	5002673482673.068
5.5249999999999995	0.30000000000000004	4999362670308.447
5.5249999999999995	0.5	4984724459551.57
5.5249999999999995	0.7000000000000001	4944174561536.253
5.5249999999999995	0.9	4859279215925.923
5.5249999999999995	1.1	4711421114133.218
5.5249999999999995	1.3	4485844118027.7
5.5249999999999995	1.5	4175396503019.212
5.5249999999999995	1.7	3783153891092.403
5.5249999999999995	1.9	3323257105775.3403
5.5249999999999995	2.0999999999999996	2819564566588.4116
5.5249999999999995	2.3	2302235248292.669
5.5249999999999995	2.5	1802917434253.9758
5.5249999999999995	2.7	1349644553427.6655
5.5249999999999995	2.9000000000000004	962662072978.0061
5.5249999999999995	3.1000000000000005	652160724932.3707
5.5249999999999995	3.3000000000000007	418303990867.49445
5.5249999999999995	3.500000000000001	253234674211.70532
5.5249999999999995	3.700000000000001	144241060019.59955
5.5249999999999995	3.899999500000001	77060398456.12042
6.374999999999999	0.1000005	5030551082554.595
6.374999999999999	0.30000000000000004	5026225384773.025
6.374999999999999	0.5	5009396007333.205
6.374999999999999	0.7000000000000001	4965210332308.822
6.374999999999999	0.9	4874982577153.676
6.374999999999999	1.1	4719985114124.492
6.374999999999999	1.3	4485628234851.907
6.374999999999999	1.5	4165277573545.9023
6.374999999999999	1.7	3762871333867.095
6.374999999999999	1.9	3293642118576.1997
6.374999999999999	2.0999999999999996	2782569608269.6396
6.374999999999999	2.3	2260719106635.916
6.374999999999999	2.5	1760206802426.3132
6.374999999999999	2.7	1308977679065.994
6.374999999999999	2.9000000000000004	926662745041.3396
6.374999999999999	3.1000000000000005	622477453979.8292
6.374999999999999	3.3000000000000007	395496931923.4933
6.374999999999999	3.500000000000001	236915047354.37527
6.374999999999999	3.700000000000001	133379188092.85493
6.374999999999999	3.899999500000001	70347016289.72034
7.224999999999999	0.1000005	5062896630590.298
7.224999999999999	0.30000000000000004	5057309709005.649
7.224999999999999	0.5	5037762295810.687
7.224999999999999	0.7000000000000001	4989090625454.95
7.224999999999999	0.9	4892314096958.336
7.224999999999999	1.1	4728596665476.071
7.224999999999999	1.3	4483586379440.329
7.224999999999999	1.5	4151311739023.764
7.224999999999999	1.7	3736786559657.1387
7.224999999999999	1.9	3256584392461.822
7.224999999999999	2.0999999999999996	2737033474612.5405
7.224999999999999	2.3	2210249994860.578
7.224999999999999	2.5	1708848480213.2366
7.224999999999999	2.7	1260586561736.068
7.224999999999999	2.9000000000000004	884278886161.7059
7.224999999999999	3.1000000000000005	587915603665.2404
7.224999999999999	3.3000000000000007	369253906786.4357
7.224999999999999	3.500000000000001	218374486662.55093
7.224999999999999	3.700000000000001	121207751703.25812
7.224999999999999	3.899999500000001	62935662256.604126
8.075	0.1000005	5099840418158.877
8.075	0.30000000000000004	5092687921073.987
8.075	0.5	5069777675678.119
8.075	0.7000000000000001	5015583390336.34
8.075	0.9	4910790653519.1875
8.075	1.1	4736474023824.515
8.075	1.3	4478611556125.02
8.075	1.5	4132085773024.476
8.075	1.7	3703253340368.7095
8.075	1.9	3210322625046.4395
8.075	2.0999999999999996	2681225296101.9434
8.075	2.3	2149280591702.2703
8.075	2.5	1647596621974.705
8.075	2.7	1203589599217.7986
8.075	2.9000000000000004	834987146067.5676
8.075	3.1000000000000005	548253869957.7359
8.075	3.3000000000000007	339565119876.0986
8.075	3.500000000000001	197719602286.04034
8.075	3.700000000000001	107872258013.34831
8.075	3.899999500000001	54960783745.14042
8.924999999999999	0.1000005	5141450919561.545
8.924999999999999	0.30000000000000004	5132346706597.152
8.924999999999999	0.5	5105264304847.957
8.924999999999999	0.7000000000000001	5044253056492.579
8.924999999999999	0.9	4929639061717.638
8.924999999999999	1.1	4742436964407.0
8.924999999999999	1.3	4469094626873.196
8.924999999999999	1.5	4105601567387.942
8.924999999999999	1.7	3659992063788.6924
8.924999999999999	1.9	3152465933933.8213
8.924999999999999	2.0999999999999996	2612850244089.438
8.924999999999999	2.3	2075806131810.452
8.924999999999999	2.5	1574882983847.7976
8.924999999999999	2.7	1136915934877.074
8.924999999999999	2.9000000000000004	778196841761.1921
8.924999999999999	3.1000000000000005	503285024029.0984
8.924999999999999	3.3000000000000007	306476791114.70013
8.924999999999999	3.500000000000001	175122435046.43387
8.924999999999999	3.700000000000001	93573116986.27489
8.924999999999999	3.899999500000001	46593994472.74546
9.774999999999999	0.1000005	5187644443985.707
9.774999999999999	0.30000000000000004	5176088251916.269
9.774999999999999	0.5	5143788514914.201
9.774999999999999	0.7000000000000001	5074313124424.193
9.774999999999999	0.9	4947599210505.557
9.774999999999999	1.1	4744674731423.043
9.774999999999999	1.3	4452657072642.305
9.774999999999999	1.5	4068982264815.5947
9.774999999999999	1.7	3603795866177.991
9.774999999999999	1.9	3079727569099.554
9.774999999999999	2.0999999999999996	2528824137345.517
9.774999999999999	2.3	1987207486259.4194
9.774999999999999	2.5	1488732282325.3643
9.774999999999999	2.7	1059295947393.6998
9.774999999999999	2.9000000000000004	713271355630.7905
9.774999999999999	3.1000000000000005	452855855396.4188
9.774999999999999	3.3000000000000007	270131384377.7199
9.774999999999999	3.500000000000001	150851174615.8625
9.774999999999999	3.700000000000001	78583511187.0011
9.774999999999999	3.899999500000001	38051749313.810646
10.624999999999998	0.1000005	5238015851815.852
10.624999999999998	0.30000000000000004	5223340989680.447
10.624999999999998	0.5	5184439221813.368
10.624999999999998	0.7000000000000001	5104339906403.592
10.624999999999998	0.9	4962583595165.469
10.624999999999998	1.1	4740335194281.435
10.624999999999998	1.3	4425684039021.815
10.624999999999998	1.5	4017979626777.613
10.624999999999998	1.7	3530051314559.63
10.624999999999998	1.9	2987499803729.898
10.624999999999998	2.0999999999999996	2424951043836.7
10.624999999999998	2.3	1880047642726.189
10.624999999999998	2.5	1386672797698.653
10.624999999999998	2.7	969245083298.8942
10.624999999999998	2.9000000000000004	639579395816.9285
10.624999999999998	3.1000000000000005	396938023448.95435
10.624999999999998	3.3000000000000007	230832182241.1953
10.624999999999998	3.500000000000001	125313716563.03883
10.624999999999998	3.700000000000001	63272629376.94971
10.624999999999998	3.899999500000001	29602905003.794907
11.474999999999998	0.1000005	5291480015584.138
11.474999999999998	0.30000000000000004	5272767775637.857
11.474999999999998	0.5	5225375236874.376
11.474999999999998	0.7000000000000001	5131733294049.194
11.474999999999998	0.9	4971026814701.5625
11.474999999999998	1.1	4724775438161.81
11.474999999999998	1.3	4382493138455.054
11.474999999999998	1.5	3946118109027.4053
11.474999999999998	1.7	3431930033593.5366
11.474999999999998	1.9	2869169194633.3696
11.474999999999998	2.0999999999999996	2295417334251.865
11.474999999999998	2.3	1749770229866.1533
11.474999999999998	2.5	1265625103874.1877
11.474999999999998	2.7	865110172000.2275
11.474999999999998	2.9000000000000004	556605981087.482
11.474999999999998	3.1000000000000005	335754258758.38257
11.474999999999998	3.3000000000000007	189143048735.6456
11.474999999999998	3.500000000000001	99119384018.93556
11.474999999999998	3.700000000000001	48131876823.80439
11.474999999999998	3.899999500000001	21573494319.670383
12.324999999999998	0.1000005	5345499582017.82
12.324999999999998	0.30000000000000004	5321437543939.182
12.324999999999998	0.5	5262873288585.197
12.324999999999998	0.7000000000000001	5151609762657.4795
12.324999999999998	0.9	4966596929975.372
12.324999999999998	1.1	4690096231089.982
12.324999999999998	1.3	4313773814593.926
12.324999999999998	1.5	3843137079037.946
12.324999999999998	1.7	3298966919903.3667
12.324999999999998	1.9	2714974398566.167
12.324999999999998	2.0999999999999996	2132016594829.245
12.324999999999998	2.3	1590308645131.3577
12.324999999999998	2.5	1121841202632.5789
12.324999999999998	2.7	745211984759.8214
12.324999999999998	2.9000000000000004	464189341714.68726
12.324999999999998	3.1000000000000005	270000808342.31714
12.324999999999998	3.3000000000000007	146045634143.2466
12.324999999999998	3.500000000000001	73159527232.50566
12.324999999999998	3.700000000000001	33800305769.00167
12.324999999999998	3.899999500000001	14343292854.54218
13.174999999999997	0.1000005	5394257088609.642
13.174999999999997	0.30000000000000004	5362877603419.443
13.174999999999997	0.5	5289164435698.885
13.174999999999997	0.7000000000000001	5154334455603.065
13.174999999999997	0.9	4937397541665.313
13.174999999999997	1.1	4622087324551.841
13.174999999999997	1.3	4203403303212.7734
13.174999999999997	1.5	3691932312506.8413
13.174999999999997	1.7	3114416286443.442
13.174999999999997	1.9	2510008064072.0747
13.174999999999997	2.0999999999999996	1922931361505.369
13.174999999999997	2.3	1393623855548.3164
13.174999999999997	2.5	951014557476.2709
13.174999999999997	2.7	608275669607.8481
13.174999999999997	2.9000000000000004	363017070368.582
13.174999999999997	3.1000000000000005	201246581782.72415
13.174999999999997	3.3000000000000007	103175895463.99706
13.174999999999997	3.500000000000001	48703272989.79629
13.174999999999997	3.700000000000001	21074439538.770485
13.174999999999997	3.899999500000001	8322709892.020762
14.024999999999997	0.1000005	5423861762532.885
14.024999999999997	0.30000000000000004	5382028438269.447
14.024999999999997	0.5	5286922864574.018
14.024999999999997	0.7000000000000001	5119404177348.819
14.024999999999997	0.9	4859262097436.212
14.024999999999997	1.1	4493111867937.008
14.024999999999997	1.3	4021374793903.526
14.024999999999997	1.5	3462094714517.8247
14.024999999999997	1.7	2850008849511.305
14.024999999999997	1.9	2230639067132.973
14.024999999999997	2.0999999999999996	1650947090821.9302
14.024999999999997	2.3	1149453326535.593
14.024999999999997	2.5	749034543512.173
14.024999999999997	2.7	454579211796.6617
14.024999999999997	2.9000000000000004	255676816974.34735
14.024999999999997	3.1000000000000005	132631490503.38914
14.024999999999997	3.3000000000000007	63152638274.35127
14.024999999999997	3.500000000000001	27469802681.615383
14.024999999999997	3.700000000000001	10863754960.612762
14.024999999999997	3.899999500000001	3887928977.493403
14.874999999999996	0.1000005	5397591406665.952
14.874999999999996	0.30000000000000004	5339904590227.971
14.874999999999996	0.5	5212861620896.012
14.874999999999996	0.7000000000000001	4997786818227.878
14.874999999999996	0.9	4677060501175.448
14.874999999999996	1.1	4243194281517.5923
14.874999999999996	1.3	3705950453525.317
14.874999999999996	1.5	3094737631494.0317
14.874999999999996	1.7	2454835171735.178
14.874999999999996	1.9	1838168208676.691
14.874999999999996	2.0999999999999996	1291577685302.4907
14.874999999999996	2.3	846699236316.5997
14.874999999999996	2.5	514971912057.16785
14.874999999999996	2.7	289008228289.6347
14.874999999999996	2.9000000000000004	148859818748.9299
14.874999999999996	3.1000000000000005	69998303289.0305
14.874999999999996	3.3000000000000007	29893210208.296528
14.874999999999996	3.500000000000001	11534295712.844563
14.874999999999996	3.700000000000001	4000621478.21118
14.874999999999996	3.899999500000001	1241052010.9916034
15.724999999999996	0.1000005	5197279348785.616
15.724999999999996	0.30000000000000004	5113486886072.228
15.724999999999996	0.5	4935215885254.433
15.724999999999996	0.7000000000000001	4647215365392.422
15.724999999999996	0.9	4239699256535.0337
15.724999999999996	1.1	3718426028415.4365
15.724999999999996	1.3	3110460013265.9067
15.724999999999996	1.5	2462499499989.4453
15.724999999999996	1.7	1831497703852.8384
15.724999999999996	1.9	1270766356950.5703
15.724999999999996	2.0999999999999996	817046398234.6544
15.724999999999996	2.3	483687586803.09265
15.724999999999996	2.5	262022260699.14203
15.724999999999996	2.7	129113545765.16367
15.724999999999996	2.9000000000000004	57536737029.65716
15.724999999999996	3.1000000000000005	23056979383.50218
15.724999999999996	3.3000000000000007	8263008439.775845
15.724999999999996	3.500000000000001	2633816589.875959
15.724999999999996	3.700000000000001	742674358.8656832
15.724999999999996	3.899999500000001	184261966.98549116
16.574999499999993	0.1000005	4239019776504.118
16.574999499999993	0.30000000000000004	4111533206034.4844
16.574999499999993	0.5	3853904387934.973
16.574999499999993	0.7000000000000001	3468331827217.239
16.574999499999993	0.9	2972090953404.8164
16.574999499999993	1.1	2403436880870.6265
16.574999499999993	1.3	1817961970352.2512
16.574999499999993	1.5	1275551524446.2974
16.574999499999993	1.7	823832185743.0212
16.574999499999993	1.9	486340193435.0629
16.574999499999993	2.0999999999999996	260698166915.59995
16.574999499999993	2.3	126091139441.13249
16.574999499999993	2.5	54684309382.59226
16.574999499999993	2.7	21130536962.299637
16.574999499999993	2.9000000000000004	7227237995.768465
16.574999499999993	3.1000000000000005	2173078799.9903464
16.574999499999993	3.3000000000000007	570337773.0807608
16.574999499999993	3.500000000000001	129704191.1506209
16.574999499999993	3.700000000000001	25367196.965053715
16.574999499999993	3.899999500000001	4234095.327215048