0.8333338333333334	0.8333338333333334	199223811074.152
0.8333338333333334	2.5	7354296083.077302
0.8333338333333334	4.166666666666667	127988.08971709441
0.8333338333333334	5.833333333333333	1.165162463926904e-06
0.8333338333333334	7.5	3.322189362801729e-27
0.8333338333333334	9.166666166666667	1.7451229029907608e-60
2.5	0.8333338333333334	196372597879.25955
2.5	2.5	7048487431.065513
2.5	4.166666666666667	110743.72731391701
2.5	5.833333333333333	7.940290031874456e-07
2.5	7.5	1.4828425826381703e-27
2.5	9.166666166666667	4.192594788723493e-61
4.166666666666667	0.8333338333333334	190501074653.63654
4.166666666666667	2.5	6449037989.962152
4.166666666666667	4.166666666666667	81844.77573118581
4.166666666666667	5.833333333333333	3.570215379620899e-07
4.166666666666667	7.5	2.7720047189743085e-28
4.166666666666667	9.166666166666667	2.1266659919835803e-62
5.833333333333333	0.8333338333333334	181249405418.65454
5.833333333333333	2.5	5582845506.646686
5.833333333333333	4.166666666666667	50176.2259275533
5.833333333333333	5.833333333333333	9.855210883714164e-08
5.833333333333333	7.5	1.8810725685142412e-29
5.833333333333333	9.166666166666667	1.7128438596372692e-64
7.5	0.8333338333333334	168020300070.52097
7.5	2.5	4497119152.932167
7.5	4.166666666666667	24182.29226698779
7.5	5.833333333333333	1.466476717765461e-08
7.5	7.5	3.562350563577106e-31
7.5	9.166666166666667	1.3146695674091615e-67
9.166666166666667	0.8333338333333334	149903685544.16977
9.166666166666667	2.5	3268971604.6015925
9.166666166666667	4.166666666666667	8320.160954534958
9.166666166666667	5.833333333333333	9.368694188245255e-10
9.166666166666667	7.5	1.1723323223073236e-33
9.166666166666667	9.166666166666667	3.923743184743509e-72