0.42500049999999995	0.1000005	8.20185440757952e-11
0.42500049999999995	0.30000000000000004	8.234792468712059e-11
0.42500049999999995	0.5	8.295743597239534e-11
0.42500049999999995	0.7000000000000001	8.375362679416626e-11
0.42500049999999995	0.9	8.460339857795685e-11
0.42500049999999995	1.1	8.534323658193622e-11
0.42500049999999995	1.3	8.579103978137432e-11
0.42500049999999995	1.5	8.576000489621374e-11
0.42500049999999995	1.7	8.507399534137653e-11
0.42500049999999995	1.9	8.358355364358937e-11
0.42500049999999995	2.0999999999999996	8.118072592002101e-11
0.42500049999999995	2.3	7.78118322138028e-11
0.42500049999999995	2.5	7.348575731263225e-11
0.42500049999999995	2.7	6.827726707621434e-11
0.42500049999999995	2.9000000000000004	6.232371685753248e-11
0.42500049999999995	3.1000000000000005	5.581557274605695e-11
0.42500049999999995	3.3000000000000007	4.8980894125164706e-11
0.42500049999999995	3.500000000000001	4.2065980179160357e-11
0.42500049999999995	3.700000000000001	3.531396225718063e-11
0.42500049999999995	3.899999500000001	2.8943990206192722e-11
1.275	0.1000005	8.212904707598812e-11
1.275	0.30000000000000004	8.245869992314827e-11
1.275	0.5	8.306855769039453e-11
1.275	0.7000000000000001	8.38648227583022e-11
1.275	0.9	8.471382733201303e-11
1.275	1.1	8.545151219802672e-11
1.275	1.3	8.58951823625192e-11
1.275	1.5	8.585744057633907e-11
1.275	1.7	8.516182852114915e-11
1.275	1.9	8.365866598526586e-11
1.275	2.0999999999999996	8.124019707555598e-11
1.275	2.3	7.785311306583457e-11
1.275	2.5	7.350711545130337e-11
1.275	2.7	6.827796004015731e-11
1.275	2.9000000000000004	6.23041901235678e-11
1.275	3.1000000000000005	5.5777459729193095e-11
1.275	3.3000000000000007	4.892701617859807e-11
1.275	3.500000000000001	4.200004960972832e-11
1.275	3.700000000000001	3.524023584339009e-11
1.275	3.899999500000001	2.886689796753628e-11
2.125	0.1000005	8.235176073751922e-11
2.125	0.30000000000000004	8.268195805634883e-11
2.125	0.5	8.329248403882582e-11
2.125	0.7000000000000001	8.408882335287024e-11
2.125	0.9	8.493624400899714e-11
2.125	1.1	8.56695483529427e-11
2.125	1.3	8.610472970913368e-11
2.125	1.5	8.60534008799287e-11
2.125	1.7	8.533826209077412e-11
2.125	1.9	8.380936089415161e-11
2.125	2.0999999999999996	8.135916413533817e-11
2.125	2.3	7.793532828792661e-11
2.125	2.5	7.35490397698536e-11
2.125	2.7	6.827813328114306e-11
2.125	2.9000000000000004	6.226357748676678e-11
2.125	3.1000000000000005	5.5699476536895684e-11
2.125	3.3000000000000007	4.881737938333385e-11
2.125	3.500000000000001	4.186628282002108e-11
2.125	3.700000000000001	3.509100110852705e-11
2.125	3.899999500000001	2.871115432135169e-11
2.9749999999999996	0.1000005	8.269057060821158e-11
2.9749999999999996	0.30000000000000004	8.302155988583318e-11
2.9749999999999996	0.5	8.363310056551238e-11
2.9749999999999996	0.7000000000000001	8.442946462826906e-11
2.9749999999999996	0.9	8.527441041317102e-11
2.9749999999999996	1.1	8.60008346151113e-11
2.9749999999999996	1.3	8.642292390252242e-11
2.9749999999999996	1.5	8.635060816533007e-11
2.9749999999999996	1.7	8.560544918821711e-11
2.9749999999999996	1.9	8.40369995494203e-11
2.9749999999999996	2.0999999999999996	8.153822106846156e-11
2.9749999999999996	2.3	7.805810664939519e-11
2.9749999999999996	2.5	7.361029283267053e-11
2.9749999999999996	2.7	6.827573265605488e-11
2.9749999999999996	2.9000000000000004	6.219908234264521e-11
2.9749999999999996	3.1000000000000005	5.557828209301105e-11
2.9749999999999996	3.3000000000000007	4.8648345678671406e-11
2.9749999999999996	3.500000000000001	4.1661017000625724e-11
2.9749999999999996	3.700000000000001	3.486274373545213e-11
2.9749999999999996	3.899999500000001	2.84736161811833e-11
3.8249999999999997	0.1000005	8.315146587642954e-11
3.8249999999999997	0.30000000000000004	8.348351934867786e-11
3.8249999999999997	0.5	8.409632221268177e-11
3.8249999999999997	0.7000000000000001	8.48926120293017e-11
3.8249999999999997	0.9	8.573391975350302e-11
3.8249999999999997	1.1	8.645069195766608e-11
3.8249999999999997	1.3	8.685454144414949e-11
3.8249999999999997	1.5	8.675314597006427e-11
3.8249999999999997	1.7	8.596650815122156e-11
3.8249999999999997	1.9	8.434356184805188e-11
3.8249999999999997	2.0999999999999996	8.177796184402014e-11
3.8249999999999997	2.3	7.822065619144834e-11
3.8249999999999997	2.5	7.368862250693943e-11
3.8249999999999997	2.7	6.82671943503289e-11
3.8249999999999997	2.9000000000000004	6.210612617943699e-11
3.8249999999999997	3.1000000000000005	5.540850592698113e-11
3.8249999999999997	3.3000000000000007	4.841414861465666e-11
3.8249999999999997	3.500000000000001	4.137843620416368e-11
3.8249999999999997	3.700000000000001	3.4550019007470485e-11
3.8249999999999997	3.899999500000001	2.8149432799430247e-11
4.675	0.1000005	8.374296009918684e-11
4.675	0.30000000000000004	8.407630050447212e-11
4.675	0.5	8.4690588291211e-11
4.675	0.7000000000000001	8.548650687714717e-11
4.675	0.9	8.63227906127619e-11
4.675	1.1	8.702659449170634e-11
4.675	1.3	8.740628923503449e-11
4.675	1.5	8.726665700052416e-11
4.675	1.7	8.642569575829432e-11
4.675	1.9	8.473167115354476e-11
4.675	2.0999999999999996	8.207907942595688e-11
4.675	2.3	7.842168998104905e-11
4.675	2.5	7.378073721393118e-11
4.675	2.7	6.824739538052949e-11
4.675	2.9000000000000004	6.197800209612257e-11
4.675	3.1000000000000005	5.51824016918719e-11
4.675	3.3000000000000007	4.810644787526162e-11
4.675	3.500000000000001	4.101022486331919e-11
4.675	3.700000000000001	3.41450310802236e-11
4.675	3.899999500000001	2.7731798280223994e-11
5.5249999999999995	0.1000005	8.447643768411814e-11
5.5249999999999995	0.30000000000000004	8.481128776085063e-11
5.5249999999999995	0.5	8.54271842138857e-11
5.5249999999999995	0.7000000000000001	8.622226134360542e-11
5.5249999999999995	0.9	8.705168968592709e-11
5.5249999999999995	1.1	8.773856544569305e-11
5.5249999999999995	1.3	8.808712630901162e-11
5.5249999999999995	1.5	8.789859061909675e-11
5.5249999999999995	1.7	8.698855572097923e-11
5.5249999999999995	1.9	8.520452004977912e-11
5.5249999999999995	2.0999999999999996	8.244226677821476e-11
5.5249999999999995	2.3	7.865903013151945e-11
5.5249999999999995	2.5	7.388176145733265e-11
5.5249999999999995	2.7	6.820898537911863e-11
5.5249999999999995	2.9000000000000004	6.180537982818399e-11
5.5249999999999995	3.1000000000000005	5.488922844656717e-11
5.5249999999999995	3.3000000000000007	4.7713908550276115e-11
5.5249999999999995	3.500000000000001	4.0545171811443355e-11
5.5249999999999995	3.700000000000001	3.363738549456679e-11
5.5249999999999995	3.899999500000001	2.7211679343593555e-11
6.374999999999999	0.1000005	8.536704484312e-11
6.374999999999999	0.30000000000000004	8.570355308357319e-11
6.374999999999999	0.5	8.632108295161671e-11
6.374999999999999	0.7000000000000001	8.711452666632796e-11
6.374999999999999	0.9	8.793469899026842e-11
6.374999999999999	1.1	8.859967213969377e-11
6.374999999999999	1.3	8.890865981212578e-11
6.374999999999999	1.5	8.865857407484702e-11
6.374999999999999	1.7	8.766206717613058e-11
6.374999999999999	1.9	8.576594458715357e-11
6.374999999999999	2.0999999999999996	8.286772189049178e-11
6.374999999999999	2.3	7.892926132056913e-11
6.374999999999999	2.5	7.398469135157731e-11
6.374999999999999	2.7	6.81416936305129e-11
6.374999999999999	2.9000000000000004	6.157541479396387e-11
6.374999999999999	3.1000000000000005	5.451448344568888e-11
6.374999999999999	3.3000000000000007	4.7221310181666853e-11
6.374999999999999	3.500000000000001	3.9968353575049866e-11
6.374999999999999	3.700000000000001	3.3013396212626214e-11
6.374999999999999	3.899999500000001	2.6577320351220534e-11
7.224999999999999	0.1000005	8.643463004341631e-11
7.224999999999999	0.30000000000000004	8.677289544243919e-11
7.224999999999999	0.5	8.739183598708092e-11
7.224999999999999	0.7000000000000001	8.818238410245902e-11
7.224999999999999	0.9	8.899008307542585e-11
7.224999999999999	1.1	8.962684269288704e-11
7.224999999999999	1.3	8.98857637204388e-11
7.224999999999999	1.5	8.955861049321585e-11
7.224999999999999	1.7	8.845471893204987e-11
7.224999999999999	1.9	8.64201520467505e-11
7.224999999999999	2.0999999999999996	8.33549745372552e-11
7.224999999999999	2.3	7.922696358021547e-11
7.224999999999999	2.5	7.407925618108174e-11
7.224999999999999	2.7	6.803114113289546e-11
7.224999999999999	2.9000000000000004	6.12704611616285e-11
7.224999999999999	3.1000000000000005	5.403844196557438e-11
7.224999999999999	3.3000000000000007	4.6608334076677196e-11
7.224999999999999	3.500000000000001	3.9260193922749555e-11
7.224999999999999	3.700000000000001	3.2255367905143647e-11
7.224999999999999	3.899999500000001	2.581382257833088e-11
8.075	0.1000005	8.770520418158104e-11
8.075	0.30000000000000004	8.804517724174911e-11
8.075	0.5	8.866500874003183e-11
8.075	0.7000000000000001	8.945085460008257e-11
8.075	0.9	9.024165020258315e-11
8.075	1.1	9.084190546947668e-11
8.075	1.3	9.103742029624583e-11
8.075	1.5	9.061382133738752e-11
8.075	1.7	8.937665796075928e-11
8.075	1.9	8.717149820192575e-11
8.075	2.0999999999999996	8.390194582667609e-11
8.075	2.3	7.954340061503451e-11
8.075	2.5	7.415055722107185e-11
8.075	2.7	6.785698444479742e-11
8.075	2.9000000000000004	6.086616619832458e-11
8.075	3.1000000000000005	5.343447439184345e-11
8.075	3.3000000000000007	4.58478308979697e-11
8.075	3.500000000000001	3.839487994766644e-11
8.075	3.700000000000001	3.134038326457627e-11
8.075	3.899999500000001	2.4902203762629407e-11
8.924999999999999	0.1000005	8.921319271635293e-11
8.924999999999999	0.30000000000000004	8.955470019668046e-11
8.924999999999999	0.5	9.017445744882641e-11
8.924999999999999	0.7000000000000001	9.095270545421662e-11
8.924999999999999	0.9	9.17204352569009e-11
8.924999999999999	1.1	9.227314824756362e-11
8.924999999999999	1.3	9.238780903141443e-11
8.924999999999999	1.5	9.1842867136398e-11
8.924999999999999	1.7	9.043963990057723e-11
8.924999999999999	1.9	8.802372010822901e-11
8.924999999999999	2.0999999999999996	8.450361177016784e-11
8.924999999999999	2.3	7.986471314616664e-11
8.924999999999999	2.5	7.417639487666008e-11
8.924999999999999	2.7	6.75900943319014e-11
8.924999999999999	2.9000000000000004	6.032845092728492e-11
8.924999999999999	3.1000000000000005	5.266597737907944e-11
8.924999999999999	3.3000000000000007	4.490327154626446e-11
8.924999999999999	3.500000000000001	3.73383821704578e-11
8.924999999999999	3.700000000000001	3.0238842831073984e-11
8.924999999999999	3.899999500000001	2.381861604499273e-11
9.774999999999999	0.1000005	9.100492523706256e-11
9.774999999999999	0.30000000000000004	9.134744741459231e-11
9.774999999999999	0.5	9.196539801074407e-11
9.774999999999999	0.7000000000000001	9.273166763940564e-11
9.774999999999999	0.9	9.346752110071287e-11
9.774999999999999	1.1	9.395747135711147e-11
9.774999999999999	1.3	9.396786581625616e-11
9.774999999999999	1.5	9.326873944392683e-11
9.774999999999999	1.7	9.165690531255704e-11
9.774999999999999	1.9	8.897867391907893e-11
9.774999999999999	2.0999999999999996	8.51495531598735e-11
9.774999999999999	2.3	8.016837984546506e-11
9.774999999999999	2.5	7.412318514532418e-11
9.774999999999999	2.7	6.718792775785094e-11
9.774999999999999	2.9000000000000004	5.96087831237887e-11
9.774999999999999	3.1000000000000005	5.168191908262438e-11
9.774999999999999	3.3000000000000007	4.372481211509147e-11
9.774999999999999	3.500000000000001	3.6045261955433996e-11
9.774999999999999	3.700000000000001	2.8912212859664675e-11
9.774999999999999	3.899999500000001	2.2532925393386146e-11
10.624999999999998	0.1000005	9.314375844706806e-11
10.624999999999998	0.30000000000000004	9.348633012202232e-11
10.624999999999998	0.5	9.409942997057322e-11
10.624999999999998	0.7000000000000001	9.484698957277435e-11
10.624999999999998	0.9	9.553807261362268e-11
10.624999999999998	1.1	9.59436792586758e-11
10.624999999999998	1.3	9.581738658006782e-11
10.624999999999998	1.5	9.491942905352794e-11
10.624999999999998	1.7	9.304189274745011e-11
10.624999999999998	1.9	9.003336504029338e-11
10.624999999999998	2.0999999999999996	8.581950080046096e-11
10.624999999999998	2.3	8.041707965485787e-11
10.624999999999998	2.5	7.39386587467937e-11
10.624999999999998	2.7	6.658665779375518e-11
10.624999999999998	2.9000000000000004	5.863638147080306e-11
10.624999999999998	3.1000000000000005	5.04098105243002e-11
10.624999999999998	3.3000000000000007	4.2243329451138545e-11
10.624999999999998	3.500000000000001	3.445419199364135e-11
10.624999999999998	3.700000000000001	2.731015446963336e-11
10.624999999999998	3.899999500000001	2.1007281127295646e-11
11.474999999999998	0.1000005	9.571898570016476e-11
11.474999999999998	0.30000000000000004	9.605970122170032e-11
11.474999999999998	0.5	9.666285208792702e-11
11.474999999999998	0.7000000000000001	9.738088647641479e-11
11.474999999999998	0.9	9.800757336799053e-11
11.474999999999998	1.1	9.829713330130688e-11
11.474999999999998	1.3	9.798762590591763e-11
11.474999999999998	1.5	9.682782700378059e-11
11.474999999999998	1.7	9.460554113607058e-11
11.474999999999998	1.9	9.11741074339985e-11
11.474999999999998	2.0999999999999996	8.647420323430287e-11
11.474999999999998	2.3	8.054738162485021e-11
11.474999999999998	2.5	7.353876905427016e-11
11.474999999999998	2.7	6.568751232902733e-11
11.474999999999998	2.9000000000000004	5.730499974664189e-11
11.474999999999998	3.1000000000000005	4.874377671310455e-11
11.474999999999998	3.3000000000000007	4.036084340261087e-11
11.474999999999998	3.500000000000001	3.248107616085689e-11
11.474999999999998	3.700000000000001	2.536629161472752e-11
11.474999999999998	3.899999500000001	1.919439340735534e-11
12.324999999999998	0.1000005	9.886076047407151e-11
12.324999999999998	0.30000000000000004	9.919603127891223e-11
12.324999999999998	0.5	9.978024938026825e-11
12.324999999999998	0.7000000000000001	1.0045091473351094e-10
12.324999999999998	0.9	1.0098209634451679e-10
12.324999999999998	1.1	1.0110680510554081e-10
12.324999999999998	1.3	1.005439946402804e-10
12.324999999999998	1.5	9.902962093774821e-11
12.324999999999998	1.7	9.634837020137568e-11
12.324999999999998	1.9	9.236293657560392e-11
12.324999999999998	2.0999999999999996	8.703686520728978e-11
12.324999999999998	2.3	8.044695135054272e-11
12.324999999999998	2.5	7.278267114634304e-11
12.324999999999998	2.7	6.433113440549441e-11
12.324999999999998	2.9000000000000004	5.544894532279643e-11
12.324999999999998	3.1000000000000005	4.6524287449878705e-11
12.324999999999998	3.3000000000000007	3.793492513051396e-11
12.324999999999998	3.500000000000001	3.000880355071711e-11
12.324999999999998	3.700000000000001	2.299301385358478e-11
12.324999999999998	3.899999500000001	1.7036332922803385e-11
13.174999999999997	0.1000005	1.0276731995390487e-10
13.174999999999997	0.30000000000000004	1.0309031539746996e-10
13.174999999999997	0.5	1.0363909334288503e-10
13.174999999999997	0.7000000000000001	1.0423108253988732e-10
13.174999999999997	0.9	1.0461436584649162e-10
13.174999999999997	1.1	1.0449448308435619e-10
13.174999999999997	1.3	1.0356690134925394e-10
13.174999999999997	1.5	1.0155351936163994e-10
13.174999999999997	1.7	9.823944405305386e-11
13.174999999999997	1.9	9.350538663045425e-11
13.174999999999997	2.0999999999999996	8.735117385285538e-11
13.174999999999997	2.3	7.99056970136514e-11
13.174999999999997	2.5	7.142057627028054e-11
13.174999999999997	2.7	6.224699584955977e-11
13.174999999999997	2.9000000000000004	5.279788801536799e-11
13.174999999999997	3.1000000000000005	4.3501454987041904e-11
13.174999999999997	3.3000000000000007	3.475271096079193e-11
13.174999999999997	3.500000000000001	2.6871854775698973e-11
13.174999999999997	3.700000000000001	2.0075601005444923e-11
13.174999999999997	3.899999500000001	1.4465906919883044e-11
14.024999999999997	0.1000005	1.0775829375836403e-10
14.024999999999997	0.30000000000000004	1.080549565720959e-10
14.024999999999997	0.5	1.0853562606140104e-10
14.024999999999997	0.7000000000000001	1.089895916901892e-10
14.024999999999997	0.9	1.0912914967856277e-10
14.024999999999997	1.1	1.0862336024632465e-10
14.024999999999997	1.3	1.0713880874205282e-10
14.024999999999997	1.5	1.0438425231999799e-10
14.024999999999997	1.7	1.0015405393008106e-10
14.024999999999997	1.9	9.436443918133829e-11
14.024999999999997	2.0999999999999996	8.707619091105387e-11
14.024999999999997	2.3	7.8499128701677e-11
14.024999999999997	2.5	6.897547774619045e-11
14.024999999999997	2.7	5.894311701042037e-11
14.024999999999997	2.9000000000000004	4.8883903921859855e-11
14.024999999999997	3.1000000000000005	3.92654901471709e-11
14.024999999999997	3.3000000000000007	3.048667643553807e-11
14.024999999999997	3.500000000000001	2.2836087218954678e-11
14.024999999999997	3.700000000000001	1.6470871870461078e-11
14.024999999999997	3.899999500000001	1.1417548635232352e-11
14.874999999999996	0.1000005	1.1438629588326273e-10
14.874999999999996	0.30000000000000004	1.146241310079781e-10
14.874999999999996	0.5	1.1496363384261344e-10
14.874999999999996	0.7000000000000001	1.1515194679411807e-10
14.874999999999996	0.9	1.1484939378687087e-10
14.874999999999996	1.1	1.13675314877766e-10
14.874999999999996	1.3	1.1126268666414693e-10
14.874999999999996	1.5	1.0731546505008803e-10
14.874999999999996	1.7	1.0166152274189571e-10
14.874999999999996	1.9	9.429204919800921e-11
14.874999999999996	2.0999999999999996	8.537927070697113e-11
14.874999999999996	2.3	7.52674913535932e-11
14.874999999999996	2.5	6.443609369414351e-11
14.874999999999996	2.7	5.343964687270354e-11
14.874999999999996	2.9000000000000004	4.283512065844284e-11
14.874999999999996	3.1000000000000005	3.311013892880857e-11
14.874999999999996	3.3000000000000007	2.4626060106223394e-11
14.874999999999996	3.500000000000001	1.7586066168511287e-11
14.874999999999996	3.700000000000001	1.2032727375612197e-11
14.874999999999996	3.899999500000001	7.87178330718237e-12
15.724999999999996	0.1000005	1.2366295469050166e-10
15.724999999999996	0.30000000000000004	1.2374888221943109e-10
15.724999999999996	0.5	1.237445264460752e-10
15.724999999999996	0.7000000000000001	1.2332733740368945e-10
15.724999999999996	0.9	1.2207720570184263e-10
15.724999999999996	1.1	1.1954751607928454e-10
15.724999999999996	1.3	1.1534595194944e-10
15.724999999999996	1.5	1.0921421100256347e-10
15.724999999999996	1.7	1.0109225286273824e-10
15.724999999999996	1.9	9.115359075154386e-11
15.724999999999996	2.0999999999999996	7.980115845311054e-11
15.724999999999996	2.3	6.762107971963747e-11
15.724999999999996	2.5	5.530065103899886e-11
15.724999999999996	2.7	4.352674817096064e-11
15.724999999999996	2.9000000000000004	3.2886361072650764e-11
15.724999999999996	3.1000000000000005	2.379062772631004e-11
15.724999999999996	3.3000000000000007	1.6438389185633926e-11
15.724999999999996	3.500000000000001	1.0822760358874674e-11
15.724999999999996	3.700000000000001	6.773774514918048e-12
15.724999999999996	3.899999500000001	4.021131168320084e-12
16.574999499999993	0.1000005	1.3635077800448052e-10
16.574999499999993	0.30000000000000004	1.358418207370745e-10
16.574999499999993	0.5	1.345690439635196e-10
16.574999499999993	0.7000000000000001	1.3208907450387027e-10
16.574999499999993	0.9	1.278819666624819e-10
16.574999499999993	1.1	1.2149632867664022e-10
16.574999499999993	1.3	1.1269239502207441e-10
16.574999499999993	1.5	1.0154814889108186e-10
16.574999499999993	1.7	8.849731146583084e-11
16.574999499999993	1.9	7.428330931357689e-11
16.574999499999993	2.0999999999999996	5.983572881511443e-11
16.574999499999993	2.3	4.6100911229430625e-11
16.574999499999993	2.5	3.387294373775524e-11
16.574999499999993	2.7	2.3671477526057208e-11
16.574999499999993	2.9000000000000004	1.569472750561205e-11
16.574999499999993	3.1000000000000005	9.849893430098733e-12
16.574999499999993	3.3000000000000007	5.838344963161563e-12
16.574999499999993	3.500000000000001	3.261145237698599e-12
16.574999499999993	3.700000000000001	1.7127786839178073e-12
16.574999499999993	3.899999500000001	8.438716907903507e-13