5e-07	5e-07	11656235827.954216
5e-07	0.1000005	11562520157.57906
5e-07	0.30000000000000004	11017295699.222748
5e-07	0.5	9997378935.966425
5e-07	0.7000000000000001	8636655584.557291
5e-07	0.9	7108332952.357643
5e-07	1.1	5584909758.743917
5e-07	1.3	4200343542.2532268
5e-07	1.5	3032248962.7371783
5e-07	1.7	2105768244.6571388
5e-07	1.9	1408844896.4329295
5e-07	2.0999999999999996	908806073.3981082
5e-07	2.3	565382144.5598043
5e-07	2.5	339154200.860791
5e-07	2.7	196075208.32706654
5e-07	2.9000000000000004	109172303.01648252
5e-07	3.1000000000000005	58492774.197452754
5e-07	3.3000000000000007	30129676.236022178
5e-07	3.500000000000001	14906524.524353845
5e-07	3.700000000000001	7076717.571858606
5e-07	3.899999500000001	3220697.7465166836
5e-07	3.9999995000000013	2080113.1261715994
0.42500049999999995	5e-07	11649932668.06859
0.42500049999999995	0.1000005	11556250084.080778
0.42500049999999995	0.30000000000000004	11011222818.912584
0.42500049999999995	0.5	9991696889.810198
0.42500049999999995	0.7000000000000001	8631537387.970995
0.42500049999999995	0.9	7103902795.444321
0.42500049999999995	1.1	5581221735.988899
0.42500049999999995	1.3	4197382077.676013
0.42500049999999995	1.5	3029947900.2006855
0.42500049999999995	1.7	2104034842.9687994
0.42500049999999995	1.9	1407578430.491477
0.42500049999999995	2.0999999999999996	907909203.2299893
0.42500049999999995	2.3	564767343.1268985
0.42500049999999995	2.5	338746878.0707585
0.42500049999999995	2.7	195814841.41187364
0.42500049999999995	2.9000000000000004	109011999.48284712
0.42500049999999995	3.1000000000000005	58397865.32071037
0.42500049999999995	3.3000000000000007	30075721.73330887
0.42500049999999995	3.500000000000001	14877113.55283138
0.42500049999999995	3.700000000000001	7061364.4581042575
0.42500049999999995	3.899999500000001	3213031.0175224263
0.42500049999999995	3.9999995000000013	2074899.0509971548
1.275	5e-07	11612236465.209223
1.275	0.1000005	11518751578.14743
1.275	0.30000000000000004	10974905547.535149
1.275	0.5	9957720281.470638
1.275	0.7000000000000001	8600936243.39917
1.275	0.9	7077418861.591465
1.275	1.1	5559177227.861568
1.275	1.3	4179682638.899794
1.275	1.5	3016197534.6687226
1.275	1.7	2093678721.266135
1.275	1.9	1400013733.5240593
1.275	2.0999999999999996	902553603.187573
1.275	2.3	561097213.9597507
1.275	2.5	336316243.7864557
1.275	2.7	194261814.67356122
1.275	2.9000000000000004	108056292.56076352
1.275	3.1000000000000005	57832334.686259136
1.275	3.3000000000000007	29754415.267947793
1.275	3.500000000000001	14702081.104996234
1.275	3.700000000000001	6970056.57695034
1.275	3.899999500000001	3167470.1117928727
1.275	3.9999995000000013	2043927.4885046822
2.125	5e-07	11536512885.9602
2.125	0.1000005	11443427151.657053
2.125	0.30000000000000004	10901963752.525095
2.125	0.5	9889496415.912382
2.125	0.7000000000000001	8539509261.457613
2.125	0.9	7024274052.152723
2.125	1.1	5514955321.599321
2.125	1.3	4144189064.803529
2.125	1.5	2988633665.9202332
2.125	1.7	2072928442.258238
2.125	1.9	1384865121.6028156
2.125	2.0999999999999996	891836233.3238744
2.125	2.3	553758724.059405
2.125	2.5	331460789.5352796
2.125	2.7	191162833.07230687
2.125	2.9000000000000004	106151556.45041986
2.125	3.1000000000000005	56706752.19494541
2.125	3.3000000000000007	29115866.83859625
2.125	3.500000000000001	14354795.200097322
2.125	3.700000000000001	6789209.082931422
2.125	3.899999500000001	3077401.313534174
2.125	3.9999995000000013	1982768.704015752
2.9749999999999996	5e-07	11422091526.330572
2.9749999999999996	0.1000005	11329613379.022133
2.9749999999999996	0.30000000000000004	10791775183.444824
2.9749999999999996	0.5	9786477083.232782
2.9749999999999996	0.7000000000000001	8446801222.932278
2.9749999999999996	0.9	6944109905.924768
2.9749999999999996	1.1	5448287101.667444
2.9749999999999996	1.3	4090709603.1746125
2.9749999999999996	1.5	2947128779.071577
2.9749999999999996	1.7	2041707634.896381
2.9749999999999996	1.9	1362094516.2635953
2.9749999999999996	2.0999999999999996	875745253.345247
2.9749999999999996	2.3	542756056.0022919
2.9749999999999996	2.5	324192649.52556235
2.9749999999999996	2.7	186532479.38518208
2.9749999999999996	2.9000000000000004	103311449.58786811
2.9749999999999996	3.1000000000000005	55032263.53407606
2.9749999999999996	3.3000000000000007	28168308.90384419
2.9749999999999996	3.500000000000001	13840861.487226559
2.9749999999999996	3.700000000000001	6522374.688836141
2.9749999999999996	3.899999500000001	2944932.2871871656
2.9749999999999996	3.9999995000000013	1892989.2722196265
3.8249999999999997	5e-07	11267944241.199917
3.8249999999999997	0.1000005	11176293271.286905
3.8249999999999997	0.30000000000000004	10643385875.9755
3.8249999999999997	0.5	9647822103.661907
3.8249999999999997	0.7000000000000001	8322114741.874916
3.8249999999999997	0.9	6836377500.562578
3.8249999999999997	1.1	5358760958.687554
3.8249999999999997	1.3	4018951606.314658
3.8249999999999997	1.5	2891489048.297268
3.8249999999999997	1.7	1999901039.2657487
3.8249999999999997	1.9	1331645330.839463
3.8249999999999997	2.0999999999999996	854264191.7440926
3.8249999999999997	2.3	528096916.8882786
3.8249999999999997	2.5	314531413.2123381
3.8249999999999997	2.7	180393685.98104787
3.8249999999999997	2.9000000000000004	99557212.3635243
3.8249999999999997	3.1000000000000005	52826052.588528454
3.8249999999999997	3.3000000000000007	26924347.30828719
3.8249999999999997	3.500000000000001	13168807.132052597
3.8249999999999997	3.700000000000001	6174923.065162345
3.8249999999999997	3.899999500000001	2773228.1189467595
3.8249999999999997	3.9999995000000013	1776933.098003643
4.675	5e-07	11072657238.134708
4.675	0.1000005	10982068077.537859
4.675	0.30000000000000004	10455484263.415518
4.675	0.5	9472376697.83453
4.675	0.7000000000000001	8164491483.285615
4.675	0.9	6700322604.711953
4.675	1.1	5245811974.186613
4.675	1.3	3928514601.897825
4.675	1.5	2821450813.170879
4.675	1.7	1947353831.1681828
4.675	1.9	1293443540.673197
4.675	2.0999999999999996	827373749.9858238
4.675	2.3	509794563.2739317
4.675	2.5	302505884.49401015
4.675	2.7	172779147.70027012
4.675	2.9000000000000004	94918624.64583296
4.675	3.1000000000000005	50111936.22929394
4.675	3.3000000000000007	25401274.71264017
4.675	3.500000000000001	12350221.695933642
4.675	3.700000000000001	5754085.901972227
4.675	3.899999500000001	2566511.7729922533
4.675	3.9999995000000013	1637711.385529458
5.5249999999999995	5e-07	10834389895.446287
5.5249999999999995	0.1000005	10745117111.341856
5.5249999999999995	0.30000000000000004	10226363509.727781
5.5249999999999995	0.5	9258638454.366543
5.5249999999999995	0.7000000000000001	7972684973.816311
5.5249999999999995	0.9	6534964899.740808
5.5249999999999995	1.1	5108707144.781461
5.5249999999999995	1.3	3818881085.5629053
5.5249999999999995	1.5	2736676418.4770994
5.5249999999999995	1.7	1883870789.7730992
5.5249999999999995	1.9	1247399198.984393
5.5249999999999995	2.0999999999999996	795054547.3974304
5.5249999999999995	2.3	487870827.55600494
5.5249999999999995	2.5	288156708.34636253
5.5249999999999995	2.7	163733333.07901156
5.5249999999999995	2.9000000000000004	89435389.04247336
5.5249999999999995	3.1000000000000005	46921188.0249692
5.5249999999999995	3.3000000000000007	23621510.12949421
5.5249999999999995	3.500000000000001	11399946.062819215
5.5249999999999995	3.700000000000001	5269011.166618297
5.5249999999999995	3.899999500000001	2330059.4790243083
5.5249999999999995	3.9999995000000013	1479184.1566172447
6.374999999999999	5e-07	10550818310.95597
6.374999999999999	0.1000005	10463141755.183979
6.374999999999999	0.30000000000000004	9953869241.12505
6.374999999999999	0.5	9004711869.490696
6.374999999999999	0.7000000000000001	7745123068.775018
6.374999999999999	0.9	6339068648.760815
6.374999999999999	1.1	4946524756.498708
6.374999999999999	1.3	3689404222.8575706
6.374999999999999	1.5	2636748644.0408597
6.374999999999999	1.7	1809216223.420752
6.374999999999999	1.9	1193409412.9899256
6.374999999999999	2.0999999999999996	757291432.5076435
6.374999999999999	2.3	462360470.70289296
6.374999999999999	2.5	271540201.4471858
6.374999999999999	2.7	153315331.11748558
6.374999999999999	2.9000000000000004	83159005.72903849
6.374999999999999	3.1000000000000005	43293648.25491673
6.374999999999999	3.3000000000000007	21613153.981715765
6.374999999999999	3.500000000000001	10336298.26848067
6.374999999999999	3.700000000000001	4730817.835290359
6.374999999999999	3.899999500000001	2070184.1305754874
6.374999999999999	3.9999995000000013	1305928.636627387
7.224999999999999	5e-07	10219057804.91481
7.224999999999999	0.1000005	10133288807.873838
7.224999999999999	0.30000000000000004	9635328023.392025
7.224999999999999	0.5	8708245532.871906
7.224999999999999	0.7000000000000001	7479856187.116909
7.224999999999999	0.9	6111103360.372266
7.224999999999999	1.1	4758127135.65911
7.224999999999999	1.3	3539292008.7781396
7.224999999999999	1.5	2521164533.8446894
7.224999999999999	1.7	1723114416.8894124
7.224999999999999	1.9	1131363031.1286323
7.224999999999999	2.0999999999999996	714079937.5580345
7.224999999999999	2.3	433317673.00136006
7.224999999999999	2.5	252733686.29464054
7.224999999999999	2.7	141602761.58403322
7.224999999999999	2.9000000000000004	76155308.98889552
7.224999999999999	3.1000000000000005	39279157.07975357
7.224999999999999	3.3000000000000007	19410683.552497864
7.224999999999999	3.500000000000001	9181333.766479587
7.224999999999999	3.700000000000001	4152641.1731417575
7.224999999999999	3.899999500000001	1794197.1656135847
7.224999999999999	3.9999995000000013	1123186.3906877157
8.075	5e-07	9835557371.960762
8.075	0.1000005	9752046057.69785
8.075	0.30000000000000004	9267449825.294287
8.075	0.5	8366346533.278147
8.075	0.7000000000000001	7174487276.3573675
8.075	0.9	5849190245.495905
8.075	1.1	4542124554.078216
8.075	1.3	3367587349.5007277
8.075	1.5	2389328868.941048
8.075	1.7	1625252608.6262515
8.075	1.9	1061148867.7459704
8.075	2.0999999999999996	665436222.2795699
8.075	2.3	400825393.6882163
8.075	2.5	231843061.65993762
8.075	2.7	128697128.04828723
8.075	2.9000000000000004	68507813.36445087
8.075	3.1000000000000005	34939378.00268537
8.075	3.3000000000000007	17055782.51500861
8.075	3.500000000000001	7961117.331529945
8.075	3.700000000000001	3549645.338342625
8.075	3.899999500000001	1510335.3740246394
8.075	3.9999995000000013	936778.9530121273
8.924999999999999	5e-07	9395952786.57126
8.924999999999999	0.1000005	9315097457.676857
8.924999999999999	0.30000000000000004	8846192542.99372
8.924999999999999	0.5	7975461868.636412
8.924999999999999	0.7000000000000001	6826074463.120778
8.924999999999999	0.9	5551029838.860971
8.924999999999999	1.1	4296827991.377889
8.924999999999999	1.3	3173144012.5862145
8.924999999999999	1.5	2240548624.99287
8.924999999999999	1.7	1515288132.1143522
8.924999999999999	1.9	982669262.5748498
8.924999999999999	2.0999999999999996	611412534.755957
8.924999999999999	2.3	365009266.6454192
8.924999999999999	2.5	209013586.83346662
8.924999999999999	2.7	114731186.46056673
8.924999999999999	2.9000000000000004	60322126.737156875
8.924999999999999	3.1000000000000005	30350079.122504067
8.924999999999999	3.3000000000000007	14598289.881570008
8.924999999999999	3.500000000000001	6705969.810823461
8.924999999999999	3.700000000000001	2938973.325137647
8.924999999999999	3.899999500000001	1227630.7116896857
8.924999999999999	3.9999995000000013	752976.3266842221
9.774999999999999	5e-07	8894861050.938646
9.774999999999999	0.1000005	8817119295.227886
9.774999999999999	0.30000000000000004	8366571027.462957
9.774999999999999	0.5	7531211628.125134
9.774999999999999	0.7000000000000001	6430996270.480468
9.774999999999999	0.9	5213803060.687189
9.774999999999999	1.1	4020187489.7967443
9.774999999999999	1.3	2954598883.045014
9.774999999999999	1.5	2074031606.3663824
9.774999999999999	1.7	1392863621.062073
9.774999999999999	1.9	895863492.5028087
9.774999999999999	2.0999999999999996	552121350.0692708
9.774999999999999	2.3	326058475.705757
9.774999999999999	2.5	184445433.22167695
9.774999999999999	2.7	99879100.4512986
9.774999999999999	2.9000000000000004	51731746.432454005
9.774999999999999	3.1000000000000005	25603917.34066097
9.774999999999999	3.3000000000000007	12097219.76760758
9.774999999999999	3.500000000000001	5450619.964863634
9.774999999999999	3.700000000000001	2339579.182313829
9.774999999999999	3.899999500000001	955693.1518831752
9.774999999999999	3.9999995000000013	578297.0471304579
10.624999999999998	5e-07	8325580976.978952
10.624999999999998	0.1000005	8251484557.366866
10.624999999999998	0.30000000000000004	7822381213.949139
10.624999999999998	0.5	7028148846.679557
10.624999999999998	0.7000000000000001	5984759681.989691
10.624999999999998	0.9	4834035545.366863
10.624999999999998	1.1	3709713493.334838
10.624999999999998	1.3	2710343481.2073703
10.624999999999998	1.5	1888895362.5031505
10.624999999999998	1.7	1257638639.8565524
10.624999999999998	1.9	800747970.4654194
10.624999999999998	2.0999999999999996	487774563.5045089
10.624999999999998	2.3	284257637.16524464
10.624999999999998	2.5	158416363.037974
10.624999999999998	2.7	84370567.3438981
10.624999999999998	2.9000000000000004	42905620.930033416
10.624999999999998	3.1000000000000005	20813741.70314576
10.624999999999998	3.3000000000000007	9621720.0356835
10.624999999999998	3.500000000000001	4234135.177311626
10.624999999999998	3.700000000000001	1771857.2983541742
10.624999999999998	3.899999500000001	704360.2158123447
10.624999999999998	3.9999995000000013	419210.4596788081
11.474999999999998	5e-07	7679645613.58898
11.474999999999998	0.1000005	7609820518.996745
11.474999999999998	0.30000000000000004	7205788015.339431
11.474999999999998	0.5	6459404686.3485155
11.474999999999998	0.7000000000000001	5481723444.924763
11.474999999999998	0.9	4407410873.018942
11.474999999999998	1.1	3362380133.395123
11.474999999999998	1.3	2438503733.658055
11.474999999999998	1.5	1684201132.0978591
11.474999999999998	1.7	1109353128.4340906
11.474999999999998	1.9	697488032.310959
11.474999999999998	2.0999999999999996	418748149.51749176
11.474999999999998	2.3	240036932.445709
11.474999999999998	2.5	131315522.84797071
11.474999999999998	2.7	68510573.88932848
11.474999999999998	2.9000000000000004	34057866.95646724
11.474999999999998	3.1000000000000005	16116236.479399577
11.474999999999998	3.3000000000000007	7251687.686268371
11.474999999999998	3.500000000000001	3099394.5600466393
11.474999999999998	3.700000000000001	1256928.326287526
11.474999999999998	3.899999500000001	483149.7644550608
11.474999999999998	3.9999995000000013	281703.4648954227
12.324999999999998	5e-07	6946125034.383175
12.324999999999998	0.1000005	6881320010.307147
12.324999999999998	0.30000000000000004	6506688280.441803
12.324999999999998	0.5	5816149564.483551
12.324999999999998	0.7000000000000001	4914692715.992596
12.324999999999998	0.9	3928517728.5522385
12.324999999999998	1.1	2974519452.894545
12.324999999999998	1.3	2136954160.5876927
12.324999999999998	1.5	1459046943.3287165
12.324999999999998	1.7	947957015.3792975
12.324999999999998	1.9	586529224.870411
12.324999999999998	2.0999999999999996	345693181.3896188
12.324999999999998	2.3	194052913.599652
12.324999999999998	2.5	103694574.27368847
12.324999999999998	2.7	52707019.62522047
12.324999999999998	2.9000000000000004	25459806.093875382
12.324999999999998	3.1000000000000005	11675338.603502216
12.324999999999998	3.3000000000000007	5077406.748203304
12.324999999999998	3.500000000000001	2091675.8854948874
12.324999999999998	3.700000000000001	815361.6644680848
12.324999999999998	3.899999500000001	300429.36388588697
12.324999999999998	3.9999995000000013	170667.839766433
13.174999999999997	5e-07	6110492836.562895
13.174999999999997	0.1000005	6051625015.366786
13.174999999999997	0.30000000000000004	5711689893.021626
13.174999999999997	0.5	5086753792.792171
13.174999999999997	0.7000000000000001	4274325957.8195457
13.174999999999997	0.9	3390528852.8637295
13.174999999999997	1.1	2541752671.0877357
13.174999999999997	1.3	1803441056.057159
13.174999999999997	1.5	1212804100.118403
13.174999999999997	1.7	773883716.1306746
13.174999999999997	1.9	468849907.77378464
13.174999999999997	2.0999999999999996	269733964.58498895
13.174999999999997	2.3	147323156.98463324
13.174999999999997	2.5	76346293.96067591
13.174999999999997	2.7	37508719.79742912
13.174999999999997	2.9000000000000004	17453470.3534885
13.174999999999997	3.1000000000000005	7683761.096767617
13.174999999999997	3.3000000000000007	3196870.0636638855
13.174999999999997	3.500000000000001	1255582.7362248108
13.174999999999997	3.700000000000001	464995.12726573757
13.174999999999997	3.899999500000001	162202.83483644764
13.174999999999997	3.9999995000000013	89073.494248271
14.024999999999997	5e-07	5152715271.97119
14.024999999999997	0.1000005	5100948763.323234
14.024999999999997	0.30000000000000004	4802432146.960609
14.024999999999997	0.5	4255478849.4096084
14.024999999999997	0.7000000000000001	3548313357.5855627
14.024999999999997	0.9	2784897125.4069057
14.024999999999997	1.1	2059136750.956446
14.024999999999997	1.3	1436041882.9991465
14.024999999999997	1.5	945725588.1307608
14.024999999999997	1.7	588661635.4900216
14.024999999999997	1.9	346475455.9527083
14.024999999999997	2.0999999999999996	192840301.6612196
14.024999999999997	2.3	101457989.64974742
14.024999999999997	2.5	50425567.98982373
14.024999999999997	2.7	23654311.8646922
14.024999999999997	2.9000000000000004	10462178.008144546
14.024999999999997	3.1000000000000005	4358203.932425242
14.024999999999997	3.3000000000000007	1707934.4602314068
14.024999999999997	3.500000000000001	628947.4165146429
14.024999999999997	3.700000000000001	217392.36174245575
14.024999999999997	3.899999500000001	70450.08082849496
14.024999999999997	3.9999995000000013	36950.44364102405
14.874999999999996	5e-07	4044015261.0015244
14.874999999999996	0.1000005	4000919960.140491
14.874999999999996	0.30000000000000004	3752888043.254716
14.874999999999996	0.5	3300618788.736353
14.874999999999996	0.7000000000000001	2720576728.7194953
14.874999999999996	0.9	2101608918.3475392
14.874999999999996	1.1	1522252205.405128
14.874999999999996	1.3	1034735568.8305451
14.874999999999996	1.5	660625564.3038874
14.874999999999996	1.7	396404752.586072
14.874999999999996	1.9	223611665.03499934
14.874999999999996	2.0999999999999996	118567922.29780746
14.874999999999996	2.3	59068065.66186966
14.874999999999996	2.5	27626786.643437583
14.874999999999996	2.7	12119855.388162563
14.874999999999996	2.9000000000000004	4981949.110747754
14.874999999999996	3.1000000000000005	1916694.7054813588
14.874999999999996	3.3000000000000007	689389.5273919927
14.874999999999996	3.500000000000001	231548.7288697698
14.874999999999996	3.700000000000001	72544.3980348734
14.874999999999996	3.899999500000001	21177.908736396592
14.874999999999996	3.9999995000000013	10399.645718335893
15.724999999999996	5e-07	2742557125.3946676
15.724999999999996	0.1000005	2710481096.3675547
15.724999999999996	0.30000000000000004	2526482474.1466293
15.724999999999996	0.5	2193763798.302074
15.724999999999996	0.7000000000000001	1773057912.3566592
15.724999999999996	0.9	1333225919.2106059
15.724999999999996	1.1	932690352.3157951
15.724999999999996	1.3	607282395.6981591
15.724999999999996	1.5	368191267.7460611
15.724999999999996	1.7	207938550.6059827
15.724999999999996	1.9	109397022.67922543
15.724999999999996	2.0999999999999996	53602223.851573184
15.724999999999996	2.3	24448210.991384298
15.724999999999996	2.5	10372600.057773476
15.724999999999996	2.7	4090073.7206038
15.724999999999996	2.9000000000000004	1497497.3344737093
15.724999999999996	3.1000000000000005	508582.21727043745
15.724999999999996	3.3000000000000007	160058.41159006755
15.724999999999996	3.500000000000001	46631.69688597154
15.724999999999996	3.700000000000001	12564.285920092883
15.724999999999996	3.899999500000001	3127.6968881018374
15.724999999999996	3.9999995000000013	1387.0864288208732
16.574999499999993	5e-07	1210021390.857104
16.574999499999993	0.1000005	1193118728.2265506
16.574999499999993	0.30000000000000004	1096919945.7476513
16.574999499999993	0.5	926362585.0428427
16.574999499999993	0.7000000000000001	717751127.1282923
16.574999499999993	0.9	509731807.38013595
16.574999499999993	1.1	331687312.67988324
16.574999499999993	1.3	197795940.68935478
16.574999499999993	1.5	108148918.25730906
16.574999499999993	1.7	54247275.699070714
16.574999499999993	1.9	24972253.321568348
16.574999499999993	2.0999999999999996	10551865.62382284
16.574999499999993	2.3	4092030.1009023977
16.574999499999993	2.5	1455836.6343920373
16.574999499999993	2.7	474861.95096366445
16.574999499999993	2.9000000000000004	141881.41319784557
16.574999499999993	3.1000000000000005	38791.17318012371
16.574999499999993	3.3000000000000007	9693.411687093934
16.574999499999993	3.500000000000001	2211.066423792786
16.574999499999993	3.700000000000001	459.7544597975169
16.574999499999993	3.899999500000001	87.02675296183723
16.574999499999993	3.9999995000000013	32.21551722085079