0.42500049999999995	0.1000005	23931843194316.395
0.42500049999999995	0.30000000000000004	23769969633886.016
0.42500049999999995	0.5	23396531718080.0
0.42500049999999995	0.7000000000000001	22727345495634.598
0.42500049999999995	0.9	21670816396504.098
0.42500049999999995	1.1	20160840177839.047
0.42500049999999995	1.3	18186852599189.156
0.42500049999999995	1.5	15812083623185.895
0.42500049999999995	1.7	13172973314737.953
0.42500049999999995	1.9	10457904688716.648
0.42500049999999995	2.0999999999999996	7870111207786.184
0.42500049999999995	2.3	5585789611039.896
0.42500049999999995	2.5	3720542692455.3525
0.42500049999999995	2.7	2314379676277.2827
0.42500049999999995	2.9000000000000004	1338075772108.0623
0.42500049999999995	3.1000000000000005	715595762772.0043
0.42500049999999995	3.3000000000000007	352307754039.8194
0.42500049999999995	3.500000000000001	158916978234.9265
0.42500049999999995	3.700000000000001	65363317282.144684
0.42500049999999995	3.899999500000001	24396676300.458733
1.275	0.1000005	23934966674303.16
1.275	0.30000000000000004	23771983918547.035
1.275	0.5	23396277276156.21
1.275	0.7000000000000001	22723616655398.426
1.275	0.9	21662500041486.86
1.275	1.1	20147125824798.242
1.275	1.3	18167501270950.793
1.275	1.5	15787650476261.025
1.275	1.7	13144870585579.916
1.275	1.9	10428216737610.523
1.275	2.0999999999999996	7841224711375.333
1.275	2.3	5559876728562.396
1.275	2.5	3699132096585.0825
1.275	2.7	2298116698771.918
1.275	2.9000000000000004	1326748118431.4702
1.275	3.1000000000000005	708381494553.2786
1.275	3.3000000000000007	348120980560.7413
1.275	3.500000000000001	156710699758.6007
1.275	3.700000000000001	64311650064.932495
1.275	3.899999500000001	23945064513.152065
2.125	0.1000005	23940963185346.6
2.125	0.30000000000000004	23775732244479.984
2.125	0.5	23395432642173.562
2.125	0.7000000000000001	22715762820007.535
2.125	0.9	21645384647400.67
2.125	1.1	20119122636438.223
2.125	1.3	18128160657291.35
2.125	1.5	15738128031059.523
2.125	1.7	13088027979195.469
2.125	1.9	10368289746433.72
2.125	2.0999999999999996	7783012201118.531
2.125	2.3	5507757349026.186
2.125	2.5	3656158296152.526
2.125	2.7	2265547024098.7495
2.125	2.9000000000000004	1304116129855.632
2.125	3.1000000000000005	694005908211.7988
2.125	3.3000000000000007	339801924133.9389
2.125	3.500000000000001	152340706405.792
2.125	3.700000000000001	62235867503.995865
2.125	3.899999500000001	23057013584.405384
2.9749999999999996	0.1000005	23949304512901.773
2.9749999999999996	0.30000000000000004	23780640366329.4
2.9749999999999996	0.5	23393327360455.62
2.9749999999999996	0.7000000000000001	22702950436857.824
2.9749999999999996	0.9	21618469818252.125
2.9749999999999996	1.1	20075663906843.49
2.9749999999999996	1.3	18067527703382.785
2.9749999999999996	1.5	15662144589894.18
2.9749999999999996	1.7	13001139935119.824
2.9749999999999996	1.9	10276976828807.191
2.9749999999999996	2.0999999999999996	7694598773283.178
2.9749999999999996	2.3	5428849205114.958
2.9749999999999996	2.5	3591318560751.278
2.9749999999999996	2.7	2216586407571.277
2.9749999999999996	2.9000000000000004	1270231179378.6396
2.9749999999999996	3.1000000000000005	672577418007.2556
2.9749999999999996	3.3000000000000007	327461821647.45746
2.9749999999999996	3.500000000000001	145892997498.85254
2.9749999999999996	3.700000000000001	59191025028.938034
2.9749999999999996	3.899999500000001	21762708487.37083
3.8249999999999997	0.1000005	23959133412222.457
3.8249999999999997	0.30000000000000004	23785767000452.93
3.8249999999999997	0.5	23388852060995.324
3.8249999999999997	0.7000000000000001	22683860027986.34
3.8249999999999997	0.9	21580154531417.395
3.8249999999999997	1.1	20014883877365.8
3.8249999999999997	1.3	17983539149098.32
3.8249999999999997	1.5	15557578062410.584
3.8249999999999997	1.7	12882168406180.924
3.8249999999999997	1.9	10152525684378.877
3.8249999999999997	2.0999999999999996	7574631332633.396
3.8249999999999997	2.3	5322269843414.008
3.8249999999999997	2.5	3504164940219.398
3.8249999999999997	2.7	2151122651541.0586
3.8249999999999997	2.9000000000000004	1225185294285.1694
3.8249999999999997	3.1000000000000005	644270833758.9434
3.8249999999999997	3.3000000000000007	311273675992.1706
3.8249999999999997	3.500000000000001	137499058596.57364
3.8249999999999997	3.700000000000001	55260199325.51492
3.8249999999999997	3.899999500000001	20107028505.82133
4.675	0.1000005	23969176622729.688
4.675	0.30000000000000004	23789725434341.758
4.675	0.5	23380393114691.492
4.675	0.7000000000000001	22656545993721.617
4.675	0.9	21528123397222.656
4.675	1.1	19934101570488.1
4.675	1.3	17873245078737.367
4.675	1.5	15421390287566.672
4.675	1.7	12728247519860.531
4.675	1.9	9992469645746.713
4.675	2.0999999999999996	7421239918361.827
4.675	2.3	5186821648574.804
4.675	2.5	3394112494007.7104
4.675	2.7	2069032632745.947
4.675	2.9000000000000004	1169128071439.81
4.675	3.1000000000000005	609338285013.9209
4.675	3.3000000000000007	291479447490.0726
4.675	3.500000000000001	127338616044.41711
4.675	3.700000000000001	50554621545.57072
4.675	3.899999500000001	18148905013.879673
5.5249999999999995	0.1000005	23977614600427.82
5.5249999999999995	0.30000000000000004	23790528046733.223
5.5249999999999995	0.5	23365656142665.895
5.5249999999999995	0.7000000000000001	22618281132796.297
5.5249999999999995	0.9	21459144955306.438
5.5249999999999995	1.1	19829610681868.62
5.5249999999999995	1.3	17732603015228.746
5.5249999999999995	1.5	15249463149427.15
5.5249999999999995	1.7	12535515491929.523
5.5249999999999995	1.9	9793543635276.291
5.5249999999999995	2.0999999999999996	7231995682498.47
5.5249999999999995	2.3	5020975034678.52
5.5249999999999995	2.5	3260455259384.448
5.5249999999999995	2.7	1970211297208.0012
5.5249999999999995	2.9000000000000004	1102293991321.326
5.5249999999999995	3.1000000000000005	568130231842.6003
5.5249999999999995	3.3000000000000007	268400223119.34305
5.5249999999999995	3.500000000000001	115643040723.40079
5.5249999999999995	3.700000000000001	45213719328.62905
5.5249999999999995	3.899999500000001	15960367581.129335
6.374999999999999	0.1000005	23981846195817.27
6.374999999999999	0.30000000000000004	23785367795336.75
6.374999999999999	0.5	23341434897511.76
6.374999999999999	0.7000000000000001	22565283502004.496
6.374999999999999	0.9	21368798534276.965
6.374999999999999	1.1	19696377024884.418
6.374999999999999	1.3	17556183768992.457
6.374999999999999	1.5	15036329638979.953
6.374999999999999	1.7	12298921327128.492
6.374999999999999	1.9	9551549696009.078
6.374999999999999	2.0999999999999996	7003831048887.44
6.374999999999999	2.3	4822885253872.511
6.374999999999999	2.5	3102397347412.7285
6.374999999999999	2.7	1854614102040.574
6.374999999999999	2.9000000000000004	1025041498102.4526
6.374999999999999	3.1000000000000005	521119837361.62897
6.374999999999999	3.3000000000000007	242448991078.0646
6.374999999999999	3.500000000000001	102699172014.8954
6.374999999999999	3.700000000000001	39404831055.07297
6.374999999999999	3.899999500000001	13624959750.706036
7.224999999999999	0.1000005	23978190299105.43
7.224999999999999	0.30000000000000004	23770290448422.625
7.224999999999999	0.5	23303220462495.855
7.224999999999999	0.7000000000000001	22492325615403.863
7.224999999999999	0.9	21251016216368.36
7.224999999999999	1.1	19527597303924.016
7.224999999999999	1.3	17336742817709.67
7.224999999999999	1.5	14774799861974.79
7.224999999999999	1.7	12011922263711.246
7.224999999999999	1.9	9261134277229.186
7.224999999999999	2.0999999999999996	6732955670004.619
7.224999999999999	2.3	4590350374779.126
7.224999999999999	2.5	2919100427348.5815
7.224999999999999	2.7	1722320888266.9004
7.224999999999999	2.9000000000000004	937907207502.5144
7.224999999999999	3.1000000000000005	468937425438.65424
7.224999999999999	3.3000000000000007	214145726535.45526
7.224999999999999	3.500000000000001	88852889635.87474
7.224999999999999	3.700000000000001	33321545993.29347
7.224999999999999	3.899999500000001	11235398424.966106
8.075	0.1000005	23961364769870.715
8.075	0.30000000000000004	23739644101977.6
8.075	0.5	23244675981668.76
8.075	0.7000000000000001	22392108322607.035
8.075	0.9	21097460917891.203
8.075	1.1	19314039375405.938
8.075	1.3	17064585780295.967
8.075	1.5	14455402151760.465
8.075	1.7	11666076164010.438
8.075	1.9	8915590732984.846
8.075	2.0999999999999996	6414772383775.298
8.075	2.3	4320882719200.717
8.075	2.5	2709770291118.7705
8.075	2.7	1573632950695.7168
8.075	2.9000000000000004	841680285003.8055
8.075	3.1000000000000005	412414561341.46796
8.075	3.3000000000000007	184134914635.38892
8.075	3.500000000000001	74511466848.02141
8.075	3.700000000000001	27180670340.806576
8.075	3.899999500000001	8890111269.060587
8.924999999999999	0.1000005	23923671214117.613
8.924999999999999	0.30000000000000004	23685247152199.63
8.924999999999999	0.5	23156703780540.76
8.924999999999999	0.7000000000000001	22254306918661.945
8.924999999999999	0.9	20896501062407.836
8.924999999999999	1.1	19043029527431.35
8.924999999999999	1.3	16726627133258.982
8.924999999999999	1.5	14065605669848.154
8.924999999999999	1.7	11250465818638.406
8.924999999999999	1.9	8506489532086.053
8.924999999999999	2.0999999999999996	6043780563914.472
8.924999999999999	2.3	4011741218744.843
8.924999999999999	2.5	2473800146946.707
8.924999999999999	2.7	1409217171978.9937
8.924999999999999	2.9000000000000004	737505818965.8856
8.924999999999999	3.1000000000000005	352637082986.07074
8.924999999999999	3.3000000000000007	153203031478.3249
8.924999999999999	3.500000000000001	60142730025.90335
8.924999999999999	3.700000000000001	21216327392.852158
8.924999999999999	3.899999500000001	6688341171.085447
9.774999999999999	0.1000005	23853675499716.355
9.774999999999999	0.30000000000000004	23595026795943.688
9.774999999999999	0.5	23026008227663.617
9.774999999999999	0.7000000000000001	22064045760292.117
9.774999999999999	0.9	20631643175381.492
9.774999999999999	1.1	18696885074433.19
9.774999999999999	1.3	16304986689553.123
9.774999999999999	1.5	13588677418631.379
9.774999999999999	1.7	10750925749209.555
9.774999999999999	1.9	8023329478897.802
9.774999999999999	2.0999999999999996	5613513087540.077
9.774999999999999	2.3	3660106224643.557
9.774999999999999	2.5	2211012243501.7144
9.774999999999999	2.7	1230322013590.5847
9.774999999999999	2.9000000000000004	627026013171.9323
9.774999999999999	3.1000000000000005	291009940251.8576
9.774999999999999	3.3000000000000007	122293503807.7668
9.774999999999999	3.500000000000001	46268713396.7062
9.774999999999999	3.700000000000001	15670036244.717125
9.774999999999999	3.899999500000001	4723435360.416307
10.624999999999998	0.1000005	23733913366052.668
10.624999999999998	0.30000000000000004	23450636406502.125
10.624999999999998	0.5	22832641673705.848
10.624999999999998	0.7000000000000001	21799313938039.3
10.624999999999998	0.9	20278905534727.734
10.624999999999998	1.1	18250430881137.61
10.624999999999998	1.3	15774762454247.195
10.624999999999998	1.5	13001950951829.531
10.624999999999998	1.7	10148962253447.11
10.624999999999998	1.9	7453062869359.789
10.624999999999998	2.0999999999999996	5116607771877.993
10.624999999999998	2.3	3263424084801.0674
10.624999999999998	2.5	1922067160197.0876
10.624999999999998	2.7	1039101922510.1088
10.624999999999998	2.9000000000000004	512565502045.8294
10.624999999999998	3.1000000000000005	229327833276.38556
10.624999999999998	3.3000000000000007	92511457450.0653
10.624999999999998	3.500000000000001	33448694923.875317
10.624999999999998	3.700000000000001	10774991514.476336
10.624999999999998	3.899999500000001	3074077979.0882235
11.474999999999998	0.1000005	23536776489681.98
11.474999999999998	0.30000000000000004	23223282789600.8
11.474999999999998	0.5	22545638408129.484
11.474999999999998	0.7000000000000001	21426523594076.12
11.474999999999998	0.9	19802389095104.49
11.474999999999998	1.1	17666822416401.055
11.474999999999998	1.3	15100513417342.936
11.474999999999998	1.5	12274250450948.768
11.474999999999998	1.7	9420244830059.875
11.474999999999998	1.9	6779650062119.944
11.474999999999998	2.0999999999999996	4545114131877.626
11.474999999999998	2.3	2820088734002.606
11.474999999999998	2.5	1609153381501.2986
11.474999999999998	2.7	839103100816.951
11.474999999999998	2.9000000000000004	397373521082.11707
11.474999999999998	3.1000000000000005	169839001230.77972
11.474999999999998	3.3000000000000007	65106152289.30653
11.474999999999998	3.500000000000001	22245503395.310467
11.474999999999998	3.700000000000001	6732644710.229914
11.474999999999998	3.899999500000001	1793654363.8903246
12.324999999999998	0.1000005	23216709035830.684
12.324999999999998	0.30000000000000004	22865763091871.164
12.324999999999998	0.5	22114904492093.035
12.324999999999998	0.7000000000000001	20892261083858.13
12.324999999999998	0.9	19146280779111.125
12.324999999999998	1.1	16890326443846.146
12.324999999999998	1.3	14230401743965.023
12.324999999999998	1.5	11361919684915.83
12.324999999999998	1.7	8532715207139.306
12.324999999999998	1.9	5983950222397.374
12.324999999999998	2.0999999999999996	3891499797320.589
12.324999999999998	2.3	2330821682968.6743
12.324999999999998	2.5	1277162640843.203
12.324999999999998	2.7	635974511012.9675
12.324999999999998	2.9000000000000004	285901753606.8514
12.324999999999998	3.1000000000000005	115269090583.52113
12.324999999999998	3.3000000000000007	41406294229.854836
12.324999999999998	3.500000000000001	13164898075.934633
12.324999999999998	3.700000000000001	3680498042.1937766
12.324999999999998	3.899999500000001	898827839.9043652
13.174999999999997	0.1000005	22694180543385.83
13.174999999999997	0.30000000000000004	22296286488247.266
13.174999999999997	0.5	21454858753006.434
13.174999999999997	0.7000000000000001	20107171695907.625
13.174999999999997	0.9	18219675278555.53
13.174999999999997	1.1	15833172465982.523
13.174999999999997	1.3	13086229455093.115
13.174999999999997	1.5	10202800316062.438
13.174999999999997	1.7	7444498869078.019
13.174999999999997	1.9	5044683616420.3
13.174999999999997	2.0999999999999996	3151244085428.113
13.174999999999997	2.3	1801432836895.334
13.174999999999997	2.5	935679642954.2483
13.174999999999997	2.7	438454542983.31116
13.174999999999997	2.9000000000000004	184053056575.7771
13.174999999999997	3.1000000000000005	68727068757.80298
13.174999999999997	3.3000000000000007	22668938160.959568
13.174999999999997	3.500000000000001	6558620694.690684
13.174999999999997	3.700000000000001	1652865501.2908266
13.174999999999997	3.899999500000001	360313497.8580797
14.024999999999997	0.1000005	21819463132187.03
14.024999999999997	0.30000000000000004	21362205346621.375
14.024999999999997	0.5	20408504324075.17
14.024999999999997	0.7000000000000001	18911401095230.094
14.024999999999997	0.9	16865357214369.074
14.024999999999997	1.1	14350117055067.75
14.024999999999997	1.3	11546007871541.828
14.024999999999997	1.5	8707777155980.595
14.024999999999997	1.7	6103484840658.04
14.024999999999997	1.9	3943267456138.6514
14.024999999999997	2.0999999999999996	2329441693914.438
14.024999999999997	2.3	1248377430671.3904
14.024999999999997	2.5	602240838264.2104
14.024999999999997	2.7	259532616841.32263
14.024999999999997	2.9000000000000004	99152465676.41664
14.024999999999997	3.1000000000000005	33328698068.11171
14.024999999999997	3.3000000000000007	9782912172.70864
14.024999999999997	3.500000000000001	2488869089.542599
14.024999999999997	3.700000000000001	544736812.034644
14.024999999999997	3.899999500000001	101813823.92042324
14.874999999999996	0.1000005	20279393530334.21
14.874999999999996	0.30000000000000004	19747786239529.746
14.874999999999996	0.5	18658237817028.164
14.874999999999996	0.7000000000000001	16992338058586.213
14.874999999999996	0.9	14789940241275.68
14.874999999999996	1.1	12186963201756.95
14.874999999999996	1.3	9414824044798.107
14.874999999999996	1.5	6753689123091.1045
14.874999999999996	1.7	4456788949383.746
14.874999999999996	1.9	2681128794788.7812
14.874999999999996	2.0999999999999996	1457454596922.3188
14.874999999999996	2.3	709749717561.9855
14.874999999999996	2.5	307019031907.1414
14.874999999999996	2.7	116989412504.69577
14.874999999999996	2.9000000000000004	38946375495.33738
14.874999999999996	3.1000000000000005	11235342247.973982
14.874999999999996	3.3000000000000007	2786126884.013761
14.874999999999996	3.500000000000001	589168341.4651139
14.874999999999996	3.700000000000001	105403219.38551183
14.874999999999996	3.899999500000001	15827461.028023545
15.724999999999996	0.1000005	17308498403430.49
15.724999999999996	0.30000000000000004	16693976356914.842
15.724999999999996	0.5	15466029823873.465
15.724999999999996	0.7000000000000001	13661189876365.541
15.724999999999996	0.9	11395196582968.498
15.724999999999996	1.1	8880847281400.117
15.724999999999996	1.3	6396543417522.934
15.724999999999996	1.5	4212345151350.942
15.724999999999996	1.7	2509955103779.054
15.724999999999996	1.9	1339703795207.096
15.724999999999996	2.0999999999999996	634368445798.2018
15.724999999999996	2.3	263988754456.04312
15.724999999999996	2.5	95669800242.89088
15.724999999999996	2.7	29924940778.497166
15.724999999999996	2.9000000000000004	8008432824.825734
15.724999999999996	3.1000000000000005	1817757804.8514915
15.724999999999996	3.3000000000000007	346906976.79165226
15.724999999999996	3.500000000000001	55176492.315891325
15.724999999999996	3.700000000000001	7248753.893059657
15.724999999999996	3.899999500000001	779388.8538925643
16.574999499999993	0.1000005	10568037418655.45
16.574999499999993	0.30000000000000004	9965453082364.441
16.574999499999993	0.5	8819892733265.648
16.574999499999993	0.7000000000000001	7265150860854.8
16.574999499999993	0.9	5510898643138.121
16.574999499999993	1.1	3805375980526.3345
16.574999499999993	1.3	2364729165627.832
16.574999499999993	1.5	1307891207438.8198
16.574999499999993	1.7	637039667375.9004
16.574999499999993	1.9	270450690686.9452
16.574999499999993	2.0999999999999996	99053957535.9931
16.574999499999993	2.3	30971953564.57027
16.574999499999993	2.5	8178680316.976805
16.574999499999993	2.7	1803654119.071387
16.574999499999993	2.9000000000000004	328365335.9971828
16.574999499999993	3.1000000000000005	48768467.14409857
16.574999499999993	3.3000000000000007	5837570.675105133
16.574999499999993	3.500000000000001	556261.8878405491
16.574999499999993	3.700000000000001	41672.43657805776
16.574999499999993	3.899999500000001	2423.5039251652806