0.42500049999999995	0.1000005	4068388214622.3647
0.42500049999999995	0.30000000000000004	4040890083766.6963
0.42500049999999995	0.5	3977405712767.2563
0.42500049999999995	0.7000000000000001	3863644188788.7827
0.42500049999999995	0.9	3684034453242.4175
0.42500049999999995	1.1	3427338798064.6025
0.42500049999999995	1.3	3091761304491.6367
0.42500049999999995	1.5	2688051053524.8774
0.42500049999999995	1.7	2239402828910.789
0.42500049999999995	1.9	1777841705500.8926
0.42500049999999995	2.0999999999999996	1337917331301.4097
0.42500049999999995	2.3	949583116718.8602
0.42500049999999995	2.5	632491513608.8715
0.42500049999999995	2.7	393444082091.2028
0.42500049999999995	2.9000000000000004	227472613643.21616
0.42500049999999995	3.1000000000000005	121651136552.08818
0.42500049999999995	3.3000000000000007	59892247725.21849
0.42500049999999995	3.500000000000001	27015854516.541862
0.42500049999999995	3.700000000000001	11111750865.30114
0.42500049999999995	3.899999500000001	4147409354.592265
1.275	0.1000005	4068923989909.8643
1.275	0.30000000000000004	4041237266152.9966
1.275	0.5	3977367136946.556
1.275	0.7000000000000001	3863014831417.733
1.275	0.9	3682625007052.7666
1.275	1.1	3425011390215.701
1.275	1.3	3088475216061.635
1.275	1.5	2683900580964.3745
1.275	1.7	2234627999548.586
1.275	1.9	1772796845393.789
1.275	2.0999999999999996	1333008200933.8066
1.275	2.3	945179043855.6074
1.275	2.5	628852456419.4641
1.275	2.7	390679838791.2261
1.275	2.9000000000000004	225547180133.34995
1.275	3.1000000000000005	120424854074.05737
1.275	3.3000000000000007	59180566695.32602
1.275	3.500000000000001	26640818958.96212
1.275	3.700000000000001	10932980511.038525
1.275	3.899999500000001	4070640613.9310155
2.125	0.1000005	4069943391690.2153
2.125	0.30000000000000004	4041874481561.5977
2.125	0.5	3977223549169.506
2.125	0.7000000000000001	3861679679401.2812
2.125	0.9	3679715390058.1147
2.125	1.1	3420250848194.498
2.125	1.3	3081787311739.5303
2.125	1.5	2675481765280.119
2.125	1.7	2224964756463.23
2.125	1.9	1762609256893.7327
2.125	2.0999999999999996	1323112074190.1504
2.125	2.3	936318749334.4517
2.125	2.5	621546910345.9294
2.125	2.7	385142994096.7875
2.125	2.9000000000000004	221699742075.45746
2.125	3.1000000000000005	117981004396.00581
2.125	3.3000000000000007	57766327102.769615
2.125	3.500000000000001	25897920088.984642
2.125	3.700000000000001	10580097475.679298
2.125	3.899999500000001	3919672710.887369
2.9749999999999996	0.1000005	4071361410284.466
2.9749999999999996	0.30000000000000004	4042708862275.998
2.9749999999999996	0.5	3976865651277.456
2.9749999999999996	0.7000000000000001	3859501574265.83
2.9749999999999996	0.9	3675139869102.862
2.9749999999999996	1.1	3412862864163.393
2.9749999999999996	1.3	3071479709575.0737
2.9749999999999996	1.5	2662564580282.0107
2.9749999999999996	1.7	2210193788970.37
2.9749999999999996	1.9	1747086060897.2227
2.9749999999999996	2.0999999999999996	1308081791458.1404
2.9749999999999996	2.3	922904364869.543
2.9749999999999996	2.5	610524155327.7173
2.9749999999999996	2.7	376819689287.1171
2.9749999999999996	2.9000000000000004	215939300494.36877
2.9749999999999996	3.1000000000000005	114338161061.23346
2.9749999999999996	3.3000000000000007	55668509680.06777
2.9749999999999996	3.500000000000001	24801809574.804935
2.9749999999999996	3.700000000000001	10062474254.919466
2.9749999999999996	3.899999500000001	3699641944.5508275
3.8249999999999997	0.1000005	4073032314814.4175
3.8249999999999997	0.30000000000000004	4043580390076.998
3.8249999999999997	0.5	3976104850369.205
3.8249999999999997	0.7000000000000001	3856256204757.678
3.8249999999999997	0.9	3668626270340.957
3.8249999999999997	1.1	3402530259152.1865
3.8249999999999997	1.3	3057201655346.7144
3.8249999999999997	1.5	2644788270609.7993
3.8249999999999997	1.7	2189968629050.757
3.8249999999999997	1.9	1725929366344.4092
3.8249999999999997	2.0999999999999996	1287687326547.6775
3.8249999999999997	2.3	904785873380.3813
3.8249999999999997	2.5	595708039837.2977
3.8249999999999997	2.7	365690850761.98
3.8249999999999997	2.9000000000000004	208281500028.47882
3.8249999999999997	3.1000000000000005	109526041739.02039
3.8249999999999997	3.3000000000000007	52916524918.66901
3.8249999999999997	3.500000000000001	23374839961.41752
3.8249999999999997	3.700000000000001	9394233885.337538
3.8249999999999997	3.899999500000001	3418177755.0153966
4.675	0.1000005	4074739652063.918
4.675	0.30000000000000004	4044253323838.099
4.675	0.5	3974666829497.554
4.675	0.7000000000000001	3851612818932.6753
4.675	0.9	3659780977527.8516
4.675	1.1	3388797266982.9775
4.675	1.3	3038451663385.3525
4.675	1.5	2621636348886.3345
4.675	1.7	2163802078376.2905
4.675	1.9	1698719839776.9414
4.675	2.0999999999999996	1261610786121.5107
4.675	2.3	881759680257.7167
4.675	2.5	576999123981.3108
4.675	2.7	351735547566.81104
4.675	2.9000000000000004	198751772144.76773
4.675	3.1000000000000005	103587508452.36656
4.675	3.3000000000000007	49551506073.31234
4.675	3.500000000000001	21647564727.55091
4.675	3.700000000000001	8594285662.747023
4.675	3.899999500000001	3085298425.7902827
5.5249999999999995	0.1000005	4076174101100.3193
5.5249999999999995	0.30000000000000004	4044389767944.6484
5.5249999999999995	0.5	3972161544253.2026
5.5249999999999995	0.7000000000000001	3845107792575.3706
5.5249999999999995	0.9	3648054642402.0947
5.5249999999999995	1.1	3371033815917.666
5.5249999999999995	1.3	3014542512588.887
5.5249999999999995	1.5	2592408735402.6157
5.5249999999999995	1.7	2131037633628.0193
5.5249999999999995	1.9	1664902417996.9697
5.5249999999999995	2.0999999999999996	1229439266024.74
5.5249999999999995	2.3	853565755895.3484
5.5249999999999995	2.5	554277394095.3562
5.5249999999999995	2.7	334935920525.3602
5.5249999999999995	2.9000000000000004	187389978524.62543
5.5249999999999995	3.1000000000000005	96582139413.24207
5.5249999999999995	3.3000000000000007	45628037930.28832
5.5249999999999995	3.500000000000001	19659316922.978134
5.5249999999999995	3.700000000000001	7686332285.86694
5.5249999999999995	3.899999500000001	2713248922.479543
6.374999999999999	0.1000005	4076893468719.67
6.374999999999999	0.30000000000000004	4043512525207.248
6.374999999999999	0.5	3968043932576.9995
6.374999999999999	0.7000000000000001	3836098195340.7646
6.374999999999999	0.9	3632695750827.0845
6.374999999999999	1.1	3348384094230.3516
6.374999999999999	1.3	2984551240728.718
6.374999999999999	1.5	2556176038626.5923
6.374999999999999	1.7	2090816625611.8438
6.374999999999999	1.9	1623763448321.5435
6.374999999999999	2.0999999999999996	1190651278310.865
6.374999999999999	2.3	819890493158.3269
6.374999999999999	2.5	527407549060.1639
6.374999999999999	2.7	315284397346.8976
6.374999999999999	2.9000000000000004	174257054677.41696
6.374999999999999	3.1000000000000005	88590372351.47693
6.374999999999999	3.3000000000000007	41216328483.27099
6.374999999999999	3.500000000000001	17458859242.53222
6.374999999999999	3.700000000000001	6698821279.362405
6.374999999999999	3.899999500000001	2316231576.404238
7.224999999999999	0.1000005	4076271969386.169
7.224999999999999	0.30000000000000004	4040949376231.8467
7.224999999999999	0.5	3961547478624.296
7.224999999999999	0.7000000000000001	3823695354618.6567
7.224999999999999	0.9	3612672756782.6216
7.224999999999999	1.1	3319691541667.083
7.224999999999999	1.3	2947246279010.644
7.224999999999999	1.5	2511715976535.7144
7.224999999999999	1.7	2042026784830.912
7.224999999999999	1.9	1574392827128.9617
7.224999999999999	2.0999999999999996	1144602463900.7854
7.224999999999999	2.3	780359563712.4514
7.224999999999999	2.5	496247072649.2589
7.224999999999999	2.7	292794551005.3731
7.224999999999999	2.9000000000000004	159444225275.42746
7.224999999999999	3.1000000000000005	79719362324.57123
7.224999999999999	3.3000000000000007	36404773511.0274
7.224999999999999	3.500000000000001	15104991238.098707
7.224999999999999	3.700000000000001	5664662818.85989
7.224999999999999	3.899999500000001	1910008182.1555772
8.075	0.1000005	4073411643717.968
8.075	0.30000000000000004	4035739497336.193
8.075	0.5	3951594916883.6895
8.075	0.7000000000000001	3806658414843.1963
8.075	0.9	3586568356041.505
8.075	1.1	3283386693819.01
8.075	1.3	2900979582650.3145
8.075	1.5	2457418365799.2793
8.075	1.7	1983232947881.7744
8.075	1.9	1515650424607.4238
8.075	2.0999999999999996	1090511305241.8007
8.075	2.3	734550062264.122
8.075	2.5	460660949490.191
8.075	2.7	267517601618.27188
8.075	2.9000000000000004	143085648450.64694
8.075	3.1000000000000005	70110475428.04956
8.075	3.3000000000000007	31302935488.016117
8.075	3.500000000000001	12666949364.163641
8.075	3.700000000000001	4620713957.937119
8.075	3.899999500000001	1511311359.1457212
8.924999999999999	0.1000005	4067003771279.463
8.924999999999999	0.30000000000000004	4026492015873.9375
8.924999999999999	0.5	3936639642691.9297
8.924999999999999	0.7000000000000001	3783232176172.5312
8.924999999999999	0.9	3552405180609.3325
8.924999999999999	1.1	3237315019663.33
8.924999999999999	1.3	2843526612654.0273
8.924999999999999	1.5	2391152963874.1865
8.924999999999999	1.7	1912579189168.529
8.924999999999999	1.9	1446103220454.6292
8.924999999999999	2.0999999999999996	1027442695865.4603
8.924999999999999	2.3	681996007186.6233
8.924999999999999	2.5	420546024980.9402
8.924999999999999	2.7	239566919236.42892
8.924999999999999	2.9000000000000004	125375989224.20056
8.924999999999999	3.1000000000000005	59948304107.63203
8.924999999999999	3.3000000000000007	26044515351.315235
8.924999999999999	3.500000000000001	10224264104.40357
8.924999999999999	3.700000000000001	3606775656.7848673
8.924999999999999	3.899999500000001	1137012313.9945307
9.774999999999999	0.1000005	4055104559327.606
9.774999999999999	0.30000000000000004	4011154555310.4272
9.774999999999999	0.5	3914421398702.815
9.774999999999999	0.7000000000000001	3750887779249.66
9.774999999999999	0.9	3507379339814.854
9.774999999999999	1.1	3178470462653.6426
9.774999999999999	1.3	2771847737224.0312
9.774999999999999	1.5	2310075161167.3345
9.774999999999999	1.7	1827657377365.6245
9.774999999999999	1.9	1363966011412.6265
9.774999999999999	2.0999999999999996	954297224881.8132
9.774999999999999	2.3	622218058189.4048
9.774999999999999	2.5	375872081395.2915
9.774999999999999	2.7	209154742310.3994
9.774999999999999	2.9000000000000004	106594422239.2285
9.774999999999999	3.1000000000000005	49471689842.815796
9.774999999999999	3.3000000000000007	20789895647.32036
9.774999999999999	3.500000000000001	7865681277.440055
9.774999999999999	3.700000000000001	2663906161.6019115
9.774999999999999	3.899999500000001	802979996.350716
10.624999999999998	0.1000005	4034745098402.593
10.624999999999998	0.30000000000000004	3986608189105.3613
10.624999999999998	0.5	3881549084529.994
10.624999999999998	0.7000000000000001	3705883369466.681
10.624999999999998	0.9	3447413940903.7153
10.624999999999998	1.1	3102573249793.3936
10.624999999999998	1.3	2681709617222.0234
10.624999999999998	1.5	2210331661811.0205
10.624999999999998	1.7	1725323583086.0088
10.624999999999998	1.9	1267020687791.1643
10.624999999999998	2.0999999999999996	869823321219.2589
10.624999999999998	2.3	554782094416.1815
10.624999999999998	2.5	326751417233.50494
10.624999999999998	2.7	176647326826.7185
10.624999999999998	2.9000000000000004	87136135347.791
10.624999999999998	3.1000000000000005	38985731656.98555
10.624999999999998	3.3000000000000007	15726947766.511105
10.624999999999998	3.500000000000001	5686278137.0588045
10.624999999999998	3.700000000000001	1831748557.460977
10.624999999999998	3.899999500000001	522590643.47871584
11.474999999999998	0.1000005	4001231996985.921
11.474999999999998	0.30000000000000004	3947958074232.1367
11.474999999999998	0.5	3832758529382.0127
11.474999999999998	0.7000000000000001	3642509010992.941
11.474999999999998	0.9	3366406146167.763
11.474999999999998	1.1	3003359810788.1797
11.474999999999998	1.3	2567087280948.2993
11.474999999999998	1.5	2086622576661.2908
11.474999999999998	1.7	1601441621110.179
11.474999999999998	1.9	1152540510560.3906
11.474999999999998	2.0999999999999996	772669402419.1965
11.474999999999998	2.3	479415084780.44305
11.474999999999998	2.5	273556074855.2208
11.474999999999998	2.7	142647527138.88168
11.474999999999998	2.9000000000000004	67553498583.95991
11.474999999999998	3.1000000000000005	28872630209.232555
11.474999999999998	3.3000000000000007	11068045889.182112
11.474999999999998	3.500000000000001	3781735577.20278
11.474999999999998	3.700000000000001	1144549600.7390854
11.474999999999998	3.899999500000001	304919717.2551459
12.324999999999998	0.1000005	3946820801888.536
12.324999999999998	0.30000000000000004	3887179725618.098
12.324999999999998	0.5	3759533763655.816
12.324999999999998	0.7000000000000001	3551684384255.8823
12.324999999999998	0.9	3254867732448.8916
12.324999999999998	1.1	2871355495453.845
12.324999999999998	1.3	2419168296474.054
12.324999999999998	1.5	1931526346435.6912
12.324999999999998	1.7	1450561585213.6821
12.324999999999998	1.9	1017271537807.5536
12.324999999999998	2.0999999999999996	661554965544.5001
12.324999999999998	2.3	396239686104.6746
12.324999999999998	2.5	217117648943.3445
12.324999999999998	2.7	108115666872.20448
12.324999999999998	2.9000000000000004	48603298113.164734
12.324999999999998	3.1000000000000005	19595745399.198593
12.324999999999998	3.3000000000000007	7039070019.075323
12.324999999999998	3.500000000000001	2238032672.908888
12.324999999999998	3.700000000000001	625684667.172942
12.324999999999998	3.899999500000001	152799968.78007817
13.174999999999997	0.1000005	3857991402322.1294
13.174999999999997	0.30000000000000004	3790368703002.0356
13.174999999999997	0.5	3647325988011.0938
13.174999999999997	0.7000000000000001	3418219188304.2964
13.174999999999997	0.9	3097344797354.4404
13.174999999999997	1.1	2691639319217.0293
13.174999999999997	1.3	2224659007365.8296
13.174999999999997	1.5	1734476053730.6145
13.174999999999997	1.7	1265564807743.2632
13.174999999999997	1.9	857596214791.451
13.174999999999997	2.0999999999999996	535711494522.77924
13.174999999999997	2.3	306243582272.2068
13.174999999999997	2.5	159065539302.22223
13.174999999999997	2.7	74537272307.1629
13.174999999999997	2.9000000000000004	31289019617.882107
13.174999999999997	3.1000000000000005	11683601688.826508
13.174999999999997	3.3000000000000007	3853719487.3631268
13.174999999999997	3.500000000000001	1114965518.0974164
13.174999999999997	3.700000000000001	280987135.2194405
13.174999999999997	3.899999500000001	61252988.36940037
14.024999999999997	0.1000005	3709290185928.1333
14.024999999999997	0.30000000000000004	3631574908925.634
14.024999999999997	0.5	3469445735092.7793
14.024999999999997	0.7000000000000001	3214938186189.116
14.024999999999997	0.9	2867110726442.7427
14.024999999999997	1.1	2439519899361.5176
14.024999999999997	1.3	1962821338162.111
14.024999999999997	1.5	1480322116516.7012
14.024999999999997	1.7	1037592422911.8668
14.024999999999997	1.9	670355467543.5708
14.024999999999997	2.0999999999999996	396005087965.45447
14.024999999999997	2.3	212224163214.13638
14.024999999999997	2.5	102380942504.91579
14.024999999999997	2.7	44120544863.02485
14.024999999999997	2.9000000000000004	16855919164.990831
14.024999999999997	3.1000000000000005	5665878671.578991
14.024999999999997	3.3000000000000007	1663095069.3604686
14.024999999999997	3.500000000000001	423107745.2222419
14.024999999999997	3.700000000000001	92605258.0458895
14.024999999999997	3.899999500000001	17308263.52472162
14.874999999999996	0.1000005	3447479662672.3154
14.874999999999996	0.30000000000000004	3357123660720.057
14.874999999999996	0.5	3171900428894.788
14.874999999999996	0.7000000000000001	2888697469959.6562
14.874999999999996	0.9	2514289841016.8657
14.874999999999996	1.1	2071783744298.6814
14.874999999999996	1.3	1600520087615.6785
14.874999999999996	1.5	1148127150925.4878
14.874999999999996	1.7	757654121395.2369
14.874999999999996	1.9	455791895114.09283
14.874999999999996	2.0999999999999996	247767281476.79422
14.874999999999996	2.3	120657451985.53754
14.874999999999996	2.5	52193235424.21404
14.874999999999996	2.7	19888200125.798283
14.874999999999996	2.9000000000000004	6620883834.207355
14.874999999999996	3.1000000000000005	1910008182.1555772
14.874999999999996	3.3000000000000007	473641570.2823394
14.874999999999996	3.500000000000001	100158618.04906936
14.874999999999996	3.700000000000001	17918547.295537014
14.874999999999996	3.899999500000001	2690654.921422129
15.724999999999996	0.1000005	2942430016359.5405
15.724999999999996	0.30000000000000004	2837975980675.5234
15.724999999999996	0.5	2629225070058.4893
15.724999999999996	0.7000000000000001	2322402278982.142
15.724999999999996	0.9	1937183419104.6448
15.724999999999996	1.1	1509744037838.02
15.724999999999996	1.3	1087412380978.8988
15.724999999999996	1.5	716098675729.6602
15.724999999999996	1.7	426692367642.4392
15.724999999999996	1.9	227749645185.20633
15.724999999999996	2.0999999999999996	107842635785.6943
15.724999999999996	2.3	44878088257.527336
15.724999999999996	2.5	16263866041.29145
15.724999999999996	2.7	5087239932.344519
15.724999999999996	2.9000000000000004	1361433580.2203748
15.724999999999996	3.1000000000000005	309018826.8247536
15.724999999999996	3.3000000000000007	58974186.05458089
15.724999999999996	3.500000000000001	9380003.693701526
15.724999999999996	3.700000000000001	1232288.1618201418
15.724999999999996	3.899999500000001	132495.44268121014
16.574999499999993	0.1000005	1796555264742.7046
16.574999499999993	0.30000000000000004	1694125030911.3386
16.574999499999993	0.5	1499380000676.6135
16.574999499999993	0.7000000000000001	1235074193315.1438
16.574999499999993	0.9	936851667153.7521
16.574999499999993	1.1	646913155614.2808
16.574999499999993	1.3	402003485210.8983
16.574999499999993	1.5	222341243686.35788
16.574999499999993	1.7	108296616045.96959
16.574999499999993	1.9	45976563326.64255
16.574999499999993	2.0999999999999996	16839152970.327322
16.574999499999993	2.3	5265225911.586233
16.574999499999993	2.5	1390374018.1499934
16.574999499999993	2.7	306620839.511312
16.574999499999993	2.9000000000000004	55822041.44645388
16.574999499999993	3.1000000000000005	8290629.660803328
16.574999499999993	3.3000000000000007	992385.8472537376
16.574999499999993	3.500000000000001	94564.40968051578
16.574999499999993	3.700000000000001	7084.305883782503
16.574999499999993	3.899999500000001	411.99312260139976