500.0	115518.0
519.904	113283.0
539.808	111048.0
559.712	108813.0
579.616	106578.0
599.52	104343.0
619.424	102108.0
639.328	99873.3
659.232	97638.4
679.136	95403.4
699.04	93168.5
718.944	90933.6
738.848	88698.6
758.752	86463.7
778.656	84228.8
798.56	81993.9
818.464	79758.9
838.368	77524.0
858.272	75289.1
878.176	73054.2
898.08	70819.2
917.984	68584.3
937.888	66349.4
957.792	64114.5
977.696	61879.5
997.599	59644.6
1017.5	57409.7
1037.41	55296.2
1057.31	53249.8
1077.22	51360.0
1097.12	49561.6
1117.02	47798.4
1136.93	46175.7
1156.83	44674.8
1176.74	43192.8
1196.64	41783.9
1216.54	40486.2
1236.45	39175.2
1256.35	37966.1
1276.26	36844.7
1296.16	35752.9
1316.06	34704.1
1335.97	33715.7
1355.87	32744.3
1375.78	31806.7
1395.68	30925.1
1415.58	30100.7
1435.49	29275.1
1455.39	28490.0
1475.3	27738.8
1495.2	27027.0
1515.1	26317.7
1535.01	25603.4
1554.91	24893.9
1574.81	24244.6
1594.72	23614.4
1614.62	23003.8
1634.53	22423.7
1654.43	21857.9
1674.33	21313.8
1694.24	20788.5
1714.14	20280.9
1734.05	19790.4
1753.95	19312.1
1773.85	18871.2
1793.76	18437.7
1813.66	18013.8
1833.57	17602.7
1853.47	17197.5
1873.37	16816.3
1893.28	16439.9
1913.18	16085.3
1933.09	15736.9
1952.99	15407.2
1972.89	15082.1
1992.8	14766.0
2012.7	14450.1
2032.61	14148.4
2052.51	13852.3
2072.41	13563.8
2092.32	13280.8
2112.22	13005.4
2132.13	12739.3
2152.03	12486.5
2171.93	12237.4
2191.84	11997.2
2211.74	11759.4
2231.65	11532.5
2251.55	11305.9
2271.45	11094.6
2291.36	10883.2
2311.26	10682.9
2331.17	10485.1
2351.07	10293.6
2370.97	10107.2
2390.88	9923.54
2410.78	9748.14
2430.69	9572.75
2450.59	9404.79
2470.49	9237.82
2490.4	16221.2
2510.3	17366.3
2530.21	18520.8
2550.11	19821.0
2570.01	21121.1
2589.92	27881.2
2609.82	27560.9
2629.73	27241.2
2649.63	26939.9
2669.53	26638.6
2689.44	26343.7
2709.34	26055.8
2729.25	25767.9
2749.15	25496.6
2769.05	25227.9
2788.96	24960.5
2808.86	24700.4
2828.77	24440.2
2848.67	24186.7
2868.57	23941.8
2888.48	23696.8
2908.38	23458.9
2928.29	23225.1
2948.19	22991.4
2968.09	22762.6
2988.0	22535.3
3007.9	22243.7
3027.81	21874.0
3047.71	21506.6
3067.61	24449.4
3087.52	24064.0
3107.42	23689.2
3127.33	23314.4
3147.23	22961.0
3167.13	22609.7
3187.04	22258.3
3206.94	21929.8
3226.85	21605.3
3246.75	21280.8
3266.65	20967.0
3286.56	20658.2
3306.46	20349.4
3326.37	20051.9
3346.27	19764.8
3366.17	19477.6
3386.08	19195.5
3405.98	18927.7
3425.89	18659.9
3445.79	18392.1
3465.69	18141.7
3485.6	17892.5
3505.5	17643.2
3525.41	17397.8
3545.31	17156.0
3565.21	17938.6
3585.12	17695.8
3605.02	17470.6
3624.92	17245.5
3644.83	17020.3
3664.73	16804.2
3684.64	16594.5
3704.54	16384.7
3724.45	16174.9
3744.35	15976.8
3764.25	15778.9
3784.16	15581.1
3804.06	15386.6
3823.96	15200.0
3843.87	15013.3
3863.77	15475.6
3883.68	15288.9
3903.58	15110.2
3923.48	14931.4
3943.39	14752.6
3963.29	14579.7
3983.2	14408.5
4003.1	14237.6
4023.0	14068.8
4042.91	13906.2
4062.81	13744.2
4082.72	13582.3
4102.62	13420.3
4122.52	13267.2
4142.43	13114.6
4162.33	12962.1
4182.24	12809.6
4202.14	12667.1
4222.04	12525.6
4241.95	12384.0
4261.85	12242.5
4281.76	12107.3
4301.66	11973.8
4321.56	11840.3
4341.47	11706.8
4361.37	11578.7
4381.28	11453.8
4401.18	11328.9
4421.08	11203.9
4440.99	11082.2
4460.89	10966.2
4480.8	10850.2
4500.7	10734.2
4520.6	10618.2
4540.51	10508.7
4560.41	10399.3
4580.32	10289.9
4600.22	10180.5
4620.12	10074.9
4640.03	9972.27
4659.93	9869.69
4679.84	9767.1
4699.74	9664.78
4719.64	9569.44
4739.55	9474.11
4759.45	9378.76
4779.36	9283.43
4799.26	9190.68
4819.16	9101.58
4839.07	9012.48
4858.97	8923.38
4878.88	8834.27
4898.78	8748.71
4918.68	8664.71
4938.59	8580.71
4958.49	8496.71
4978.4	8412.72
4998.3	8333.18
5018.2	8254.51
5038.11	8175.88
5058.01	8097.25
5077.92	8018.62
5097.82	7943.99
5117.72	7869.38
5137.63	7794.77
5157.53	7720.17
5177.44	7645.66
5197.34	7575.79
5217.24	7505.93
5237.15	7436.06
5257.05	7366.19
5276.96	7296.33
5296.86	7230.78
5316.76	7165.47
5336.67	7100.16
5356.57	7034.86
5376.48	6969.55
5396.38	6907.59
5416.28	6846.62
5436.19	6785.65
5456.09	6724.68
5476.0	6663.71
5495.9	6604.37
5515.8	6547.05
5535.71	6489.73
5555.61	6432.41
5575.52	6375.09
5595.42	6318.06
5615.32	6264.81
5635.23	6211.57
5655.13	6158.33
5675.04	6105.09
5694.94	6051.84
5714.84	6000.85
5734.75	5951.39
5754.65	5901.93
5774.55	5852.47
5794.46	5803.0
5814.36	5753.54
5834.27	5706.2
5854.17	5658.93
5874.07	5611.65
5893.98	5564.38
5913.88	5517.11
5933.79	5470.8
5953.69	5426.83
5973.59	5382.86
5993.5	5338.9
6013.4	5295.27
6033.31	5251.8
6053.21	5209.47
6073.11	5168.46
6093.02	5127.45
6112.92	5086.44
6132.83	5045.43
6152.73	5004.42
6172.63	4964.38
6192.54	4925.36
6212.44	4886.34
6232.35	4847.32
6252.25	4808.3
6272.15	4769.28
6292.06	4731.67
6311.96	4695.74
6331.87	4659.82
6351.77	4623.9
6371.67	4587.97
6391.58	4552.05
6411.48	4516.58
6431.39	4482.28
6451.29	4447.99
6471.19	4413.7
6491.1	4379.4
6511.0	4345.11
6530.91	4310.82
6550.81	4279.38
6570.71	4247.95
6590.62	4216.52
6610.52	4185.09
6630.43	4153.66
6650.33	4122.23
6670.23	4091.93
6690.14	4062.51
6710.04	4033.09
6729.95	4003.67
6749.85	3974.24
6769.75	3944.82
6789.66	3915.47
6809.56	3888.19
6829.47	3860.92
6849.37	3833.65
6869.27	3806.38
6889.18	3779.11
6909.08	3751.83
6928.99	3725.05
6948.89	3699.16
6968.79	3673.27
6988.7	3647.38
7008.6	3621.48
7028.51	3595.59
7048.41	3569.7
7068.31	3544.67
7088.22	3520.3
7108.12	3495.93
7128.03	3471.56
7147.93	3447.18
7167.83	3422.81
7187.74	3398.44
7207.64	3375.38
7227.55	3353.07
7247.45	3330.76
7267.35	3308.45
7287.26	3286.14
7307.16	3263.83
7327.07	3241.52
7346.97	3219.86
7366.87	3198.74
7386.78	3177.62
7406.68	3156.49
7426.59	3135.37
7446.49	3114.25
7466.39	3093.13
7486.3	3072.55
7506.2	3052.9
7526.1	3033.25
7546.01	3013.6
7565.91	2993.95
7585.82	2974.3
7605.72	2954.65
7625.63	2935.05
7645.53	2916.8
7665.43	2898.55
7685.34	2880.31
7705.24	2862.06
7725.15	2843.82
7745.05	2825.57
7764.95	2807.33
7784.86	2789.61
7804.76	2772.43
7824.67	2755.24
7844.57	2738.06
7864.47	2720.88
7884.38	2703.7
7904.28	2686.52
7924.18	2669.34
7944.09	2652.87
7963.99	2636.52
7983.9	2620.17
8003.8	2603.9
8023.7	2587.97
8043.61	2572.05
8063.51	2556.12
8083.42	2540.25
8103.32	2525.01
8123.23	2509.78
8143.13	2494.54
8163.03	2479.31
8182.94	2464.07
8202.84	2448.84
8222.74	2433.6
8242.65	2418.5
8262.55	2404.29
8282.46	2390.08
8302.36	2375.86
8322.26	2361.65
8342.17	2347.44
8362.07	2333.22
8381.98	2319.01
8401.88	2304.83
8421.78	2291.52
8441.69	2278.21
8461.59	2264.9
8481.5	2251.59
8501.4	2238.28
8521.3	2224.97
8541.21	2211.66
8561.11	2198.35
8581.02	2185.77
8600.92	2173.37
8620.82	2160.97
8640.73	2148.57
8660.63	2136.17
8680.54	2123.77
8700.44	2111.37
8720.34	2098.97
8740.25	2086.92
8760.15	2075.35
8780.06	2063.78
8799.96	2052.21
8819.86	2040.64
8839.77	2029.07
8859.67	2017.5
8879.58	2005.93
8899.48	1994.36
8919.38	1983.42
8939.29	1972.62
8959.19	1961.82
8979.1	1951.01
8999.0	1940.21
9018.9	1929.41
9038.81	1918.61
9058.71	1907.81
9078.62	1897.07
9098.52	1887.03
9118.42	1876.99
9138.33	1866.95
9158.23	1856.9
9178.14	1846.86
9198.04	1836.82
9217.94	1826.78
9237.85	1816.74
9257.75	1806.79
9277.66	1797.35
9297.56	1787.91
9317.46	1778.47
9337.37	1769.04
9357.27	1759.6
9377.17	1750.16
9397.08	1740.73
9416.98	1731.29
9436.89	1721.88
9456.79	1713.06
9476.7	1704.25
9496.6	1695.43
9516.5	1686.61
9536.41	1677.8
9556.31	1668.98
9576.21	1660.16
9596.12	1651.34
9616.02	1642.53
9635.93	1634.2
9655.83	1625.99
9675.74	1617.78
9695.64	1609.57
9715.54	1601.36
9735.45	1593.16
9755.35	1584.95
9775.25	1576.74
9795.16	1568.53
9815.06	1560.52
9834.97	1552.86
9854.87	1545.2
9874.77	1537.54
9894.68	1529.88
9914.58	1522.22
9934.49	1514.56
9954.39	1506.9
9974.29	1499.24
9994.2	1491.58
10014.1	1484.32
10034.0	1477.23
10053.9	1470.14
10073.8	1463.06
10093.7	1455.97
10113.6	1448.88
10133.5	1441.79
10153.4	1434.7
10173.3	1427.61
10193.2	1420.52
10213.1	1413.41
10233.0	1406.3
10253.0	1399.18
10272.9	1392.06
10292.8	1384.95
10312.7	1377.83
10332.6	1370.72
10352.5	1363.6
10372.4	1356.49
10392.3	1349.49
10412.2	1343.4
10432.1	1337.3
10452.0	1331.21
10471.9	1325.12
10491.8	1319.03
10511.7	1312.93
10531.6	1306.84
10551.5	1300.75
10571.4	1294.66
10591.3	1288.56
10611.2	1282.63
10631.1	1276.82
10651.0	1271.01
10670.9	1265.2
10690.8	1259.39
10710.7	1253.58
10730.6	1247.77
10750.5	1241.96
10770.5	1236.15
10790.4	1230.34
10810.3	1224.54
10830.2	1218.98
10850.1	1213.42
10870.0	1207.86
10889.9	1202.3
10909.8	1196.74
10929.7	1191.19
10949.6	1185.63
10969.5	1180.07
10989.4	1174.51
11009.3	1168.95
11029.2	1163.54
11049.1	1158.29
11069.0	1153.05
11088.9	1147.81
11108.8	1142.56
11128.7	1137.32
11148.6	1132.07
11168.5	1126.83
11188.4	1121.58
11208.3	1116.34
11228.2	1111.09
11248.1	1106.26
11268.1	1101.46
11288.0	1096.67
11307.9	1091.87
11327.8	1087.07
11347.7	1082.28
11367.6	1077.48
11387.5	1072.68
11407.4	1067.89
11427.3	1063.09
11447.2	1058.3
11467.1	1053.88
11487.0	1049.52
11506.9	1045.16
11526.8	1040.8
11546.7	1036.44
11566.6	1032.08
11586.5	1027.73
11606.4	1023.37
11626.3	1019.01
11646.2	1014.65
11666.1	1010.29
11686.0	1005.94
11705.9	1001.59
11725.8	997.244
11745.7	992.897
11765.7	988.551
11785.6	984.204
11805.5	979.857
11825.4	975.511
11845.3	971.164
11865.2	966.818
11885.1	962.471
11905.0	958.27
11924.9	954.505
11944.8	950.741
11964.7	946.976
11984.6	943.212
12004.5	939.447
12024.4	935.682
12044.3	931.918
12064.2	928.153
12084.1	924.389
12104.0	920.624
12123.9	916.86
12143.8	913.097
12163.7	909.341
12183.6	905.584
12203.5	901.828
12223.4	898.072
12243.3	894.316
12263.3	890.559
12283.2	886.803
12303.1	883.047
12323.0	879.291
12342.9	875.535
12362.8	871.779
12382.7	868.315
12402.6	865.017
12422.5	861.72
12442.4	858.422
12462.3	855.125
12482.2	851.827
12502.1	848.53
12522.0	845.232
12541.9	841.935
12561.8	838.638
12581.7	835.34
12601.6	832.043
12621.5	828.749
12641.4	825.507
12661.3	822.265
12681.2	819.022
12701.1	815.78
12721.0	812.537
12740.9	809.295
12760.9	806.052
12780.8	802.81
12800.7	799.567
12820.6	796.325
12840.5	793.082
12860.4	789.846
12880.3	786.952
12900.2	784.057
12920.1	781.163
12940.0	778.268
12959.9	775.374
12979.8	772.48
12999.7	769.585
13019.6	766.691
13039.5	763.797
13059.4	1839.98
13079.3	1831.47
13099.2	1822.97
13119.1	1815.15
13139.0	1808.15
13158.9	1801.15
13178.8	1794.15
13198.7	1787.15
13218.6	1780.15
13238.5	1773.15
13258.5	1766.15
13278.4	1759.15
13298.3	1752.15
13318.2	1745.14
13338.1	1738.14
13358.0	1731.14
13377.9	1724.29
13397.8	1717.67
13417.7	1711.05
13437.6	1704.43
13457.5	1697.81
13477.4	1691.19
13497.3	1684.57
13517.2	1677.95
13537.1	1671.33
13557.0	1664.71
13576.9	1658.09
13596.8	1651.47
13616.7	1644.85
13636.6	1638.41
13656.5	1632.33
13676.4	1626.25
13696.3	1620.16
13716.2	1614.08
13736.1	1608.0
13756.1	1601.92
13776.0	1595.84
13795.9	1589.75
13815.8	1583.67
13835.7	1577.59
13855.6	1571.51
13875.5	1565.43
13895.4	1559.34
13915.3	1553.51
13935.2	1547.74
13955.1	1541.98
13975.0	1536.21
13994.9	1530.45
14014.8	1524.68
14034.7	1518.92
14054.6	1513.16
14074.5	1507.39
14094.4	1501.63
14114.3	1495.86
14134.2	1490.1
14154.1	1484.33
14174.0	1478.67
14193.9	1473.39
14213.8	1468.12
14233.7	1462.84
14253.7	1457.56
14273.6	1452.29
14293.5	1447.01
14313.4	1441.74
14333.3	1436.46
14353.2	1431.19
14373.1	1425.91
14393.0	1420.63
14412.9	1415.36
14432.8	1410.08
14452.7	1404.84
14472.6	1399.82
14492.5	1394.81
14512.4	1389.79
14532.3	1384.77
14552.2	1379.76
14572.1	1374.74
14592.0	1369.72
14611.9	1364.71
14631.8	1359.69
14651.7	1354.67
14671.6	1349.66
14691.5	1344.64
14711.4	1339.62
14731.3	1334.63
14751.3	1329.99
14771.2	1325.35
14791.1	1320.71
14811.0	1316.07
14830.9	1311.43
14850.8	1306.79
14870.7	1302.15
14890.6	1297.5
14910.5	1292.86
14930.4	1288.22
14950.3	1283.58
14970.2	1278.94
14990.1	1274.3
15010.0	1270.0
15029.9	1265.85
15049.8	1261.49
15069.7	1257.13
15089.6	1252.77
15109.5	1248.41
15129.4	1244.05
15149.3	1239.69
15169.2	1235.33
15189.1	1230.97
15209.0	1690.99
15228.9	1685.73
15248.8	1680.46
15268.8	1675.2
15288.7	1669.94
15308.6	1664.67
15328.5	1659.72
15348.4	1654.8
15368.3	1649.87
15388.2	1644.95
15408.1	1640.03
15428.0	1635.1
15447.9	1630.18
15467.8	1625.25
15487.7	1620.33
15507.6	1615.41
15527.5	1610.48
15547.4	1605.56
15567.3	1600.63
15587.2	1595.71
15607.1	1590.78
15627.0	1586.1
15646.9	1581.46
15666.8	1576.82
15686.7	1572.17
15706.6	1567.53
15726.5	1562.89
15746.5	1558.24
15766.4	1553.6
15786.3	1548.96
15806.2	1544.32
15826.1	1539.67
15846.0	1535.03
15865.9	1763.76
15885.8	1758.62
15905.7	1753.47
15925.6	1748.27
15945.5	1742.91
15965.4	1737.55
15985.3	1732.19
16005.2	1726.83
16025.1	1721.47
16045.0	1716.1
16064.9	1710.74
16084.8	1705.38
16104.7	1700.02
16124.6	1694.66
16144.5	1689.3
16164.4	1683.94
16184.3	1678.58
16204.2	1673.22
16224.1	1667.86
16244.0	1662.69
16264.0	1657.61
16283.9	1652.52
16303.8	1647.44
16323.7	1642.35
16343.6	1637.27
16363.5	1632.18
16383.4	1627.1
16403.3	1622.01
16423.2	1616.93
16443.1	1611.85
16463.0	1606.76
16482.9	1601.68
16502.8	1596.59
16522.7	1591.51
16542.6	1586.49
16562.5	1581.94
16582.4	1577.38
16602.3	1572.82
16622.2	1568.27
16642.1	1563.71
16662.0	1559.15
16681.9	1554.6
16701.8	1550.04
16721.7	1545.48
16741.6	1540.93
16761.6	1536.37
16781.5	1531.82
16801.4	1527.26
16821.3	1522.7
16841.2	1518.15
16861.1	1513.59
16881.0	1509.15
16900.9	1504.82
16920.8	1500.48
16940.7	1496.14
16960.6	1491.81
16980.5	1487.47
17000.4	1483.13
17020.3	1478.8
17040.2	1474.46
17060.1	1470.12
17080.0	1465.79
17099.9	1461.45
17119.8	1457.11
17139.7	1452.78
17159.6	1448.44
17179.5	1444.1
17199.4	1439.77
17219.3	1435.63
17239.2	1431.49
17259.2	1427.35
17279.1	1423.22
17299.0	1419.08
17318.9	1414.94
17338.8	1410.81
17358.7	1406.67
17378.6	1402.53
17398.5	1398.39
17418.4	1394.26
17438.3	1390.12
17458.2	1385.98
17478.1	1381.85
17498.0	1377.71
17517.9	1373.57
17537.8	1369.6
17557.7	1365.89
17577.6	1362.18
17597.5	1358.47
17617.4	1354.76
17637.3	1351.04
17657.2	1347.33
17677.1	1343.62
17697.0	1339.91
17716.9	1336.2
17736.8	1332.48
17756.8	1328.77
17776.7	1325.06
17796.6	1321.35
17816.5	1317.64
17836.4	1313.92
17856.3	1310.21
17876.2	1306.5
17896.1	1302.94
17916.0	1299.42
17935.9	1295.89
17955.8	1292.37
17975.7	1288.85
17995.6	1285.32
18015.5	1281.8
18035.4	1278.28
18055.3	1274.75
18075.2	1271.23
18095.1	1267.71
18115.0	1264.18
18134.9	1260.66
18154.8	1257.14
18174.7	1253.61
18194.6	1250.09
18214.5	1246.56
18234.4	1243.07
18254.3	1239.7
18274.3	1236.33
18294.2	1232.96
18314.1	1229.58
18334.0	1226.21
18353.9	1222.84
18373.8	1219.46
18393.7	1216.09
18413.6	1212.72
18433.5	1209.35
18453.4	1205.97
18473.3	1202.6
18493.2	1199.23
18513.1	1195.86
18533.0	1192.48
18552.9	1189.11
18572.8	1185.74
18592.7	1182.58
18612.6	1179.55
18632.5	1176.52
18652.4	1173.49
18672.3	1170.46
18692.2	1167.43
18712.1	1164.4
18732.0	1161.37
18752.0	1158.34
18771.9	1155.31
18791.8	1152.28
18811.7	1149.25
18831.6	1146.22
18851.5	1143.19
18871.4	1140.16
18891.3	1137.13
18911.2	1134.1
18931.1	1131.07
18951.0	1128.05
18970.9	1125.16
18990.8	1122.27
19010.7	1119.39
19030.6	1116.5
19050.5	1113.61
19070.4	1110.72
19090.3	1107.84
19110.2	1104.95
19130.1	1102.06
19150.0	1099.17
19169.9	1096.29
19189.8	1093.4
19209.7	1090.51
19229.6	1087.62
19249.5	1084.74
19269.5	1081.85
19289.4	1078.96
19309.3	1076.07
19329.2	1073.25
19349.1	1070.51
19369.0	1067.76
19388.9	1065.02
19408.8	1062.27
19428.7	1059.53
19448.6	1056.78
19468.5	1054.04
19488.4	1051.29
19508.3	1048.55
19528.2	1045.8
19548.1	1043.06
19568.0	1040.31
19587.9	1037.57
19607.8	1034.82
19627.7	1032.08
19647.6	1029.33
19667.5	1026.59
19687.4	1023.84
19707.3	1021.32
19727.2	1018.83
19747.2	1016.34
19767.1	1013.86
19787.0	1011.37
19806.9	1008.88
19826.8	1006.39
19846.7	1003.9
19866.6	1001.41
19886.5	998.921
19906.4	996.432
19926.3	993.943
19946.2	991.454
19966.1	988.965
19986.0	986.476
20005.9	983.991
20025.8	981.518
20045.7	979.045
20065.6	976.572
20085.5	974.105
20105.4	971.653
20125.3	969.201
20145.2	966.749
20165.1	964.297
20185.0	961.845
20204.9	959.393
20224.8	956.941
20244.7	954.49
20264.7	952.038
20284.6	949.586
20304.5	947.134
20324.4	944.682
20344.3	942.23
20364.2	939.778
20384.1	937.326
20404.0	934.874
20423.9	932.422
20443.8	929.97
20463.7	927.518
20483.6	925.198
20503.5	922.94
20523.4	920.681
20543.3	918.422
20563.2	916.163
20583.1	913.905
20603.0	911.646
20622.9	909.387
20642.8	907.128
20662.7	904.87
20682.6	902.611
20702.5	900.352
20722.4	898.093
20742.3	895.835
20762.3	893.576
20782.2	891.317
20802.1	889.058
20822.0	886.8
20841.9	884.541
20861.8	882.282
20881.7	880.122
20901.6	878.031
20921.5	875.94
20941.4	873.849
20961.3	871.758
20981.2	869.667
21001.1	867.576
21021.0	865.484
21040.9	863.393
21060.8	861.302
21080.7	859.211
21100.6	857.12
21120.5	855.029
21140.4	852.938
21160.3	850.847
21180.2	848.756
21200.1	846.665
21220.0	844.574
21239.9	842.483
21259.9	840.392
21279.8	838.301
21299.7	836.352
21319.6	834.405
21339.5	832.458
21359.4	830.511
21379.3	828.564
21399.2	826.617
21419.1	824.67
21439.0	822.723
21458.9	820.775
21478.8	818.828
21498.7	816.881
21518.6	814.934
21538.5	812.987
21558.4	811.04
21578.3	809.093
21598.2	807.146
21618.1	805.199
21638.0	803.252
21657.9	801.305
21677.8	799.358
21697.7	797.411
21717.6	795.561
21737.5	793.724
21757.5	791.887
21777.4	790.05
21797.3	788.213
21817.2	786.375
21837.1	784.538
21857.0	782.701
21876.9	780.864
21896.8	779.027
21916.7	777.19
21936.6	775.353
21956.5	773.516
21976.4	771.678
21996.3	769.841
22016.2	768.004
22036.1	766.167
22056.0	764.33
22075.9	762.493
22095.8	760.655
22115.7	758.818
22135.6	757.075
22155.5	755.357
22175.4	753.64
22195.3	751.922
22215.2	750.204
22235.1	748.486
22255.1	746.769
22275.0	745.051
22294.9	743.333
22314.8	741.615
22334.7	739.898
22354.6	738.18
22374.5	736.462
22394.4	734.744
22414.3	733.027
22434.2	731.309
22454.1	729.591
22474.0	727.874
22493.9	726.156
22513.8	724.438
22533.7	722.72
22553.6	721.023
22573.5	719.419
22593.4	717.816
22613.3	716.212
22633.2	714.608
22653.1	713.005
22673.0	711.401
22692.9	709.797
22712.8	708.193
22732.7	706.589
22752.7	704.986
22772.6	703.382
22792.5	701.778
22812.4	700.174
22832.3	698.571
22852.2	696.967
22872.1	695.363
22892.0	693.76
22911.9	692.156
22931.8	690.552
22951.7	688.948
22971.6	687.344
22991.5	685.75
23011.4	684.27
23031.3	682.79
23051.2	681.309
23071.1	679.829
23091.0	678.349
23110.9	676.869
23130.8	675.389
23150.7	673.909
23170.6	672.429
23190.5	670.948
23210.4	669.468
23230.3	667.988
23250.3	666.508
23270.2	665.027
23290.1	663.547
23310.0	662.067
23329.9	660.587
23349.8	659.107
23369.7	657.627
23389.6	656.146
23409.5	654.666
23429.4	653.186
23449.3	651.754
23469.2	650.378
23489.1	649.002
23509.0	647.625
23528.9	646.249
23548.8	644.873
23568.7	643.496
23588.6	642.12
23608.5	640.744
23628.4	639.367
23648.3	637.991
23668.2	636.615
23688.1	635.239
23708.0	633.862
23727.9	632.486
23747.8	631.11
23767.8	629.733
23787.7	628.357
23807.6	626.98
23827.5	625.604
23847.4	624.228
23867.3	622.852
23887.2	621.475
23907.1	620.134
23927.0	618.857
23946.9	617.581
23966.8	616.304
23986.7	615.027
24006.6	613.75
24026.5	612.473
24046.4	611.196
24066.3	609.919
24086.2	608.643
24106.1	607.366
24126.0	606.089
24145.9	604.812
24165.8	603.535
24185.7	602.258
24205.6	600.981
24225.5	599.704
24245.4	598.427
24265.4	597.151
24285.3	595.874
24305.2	594.597
24325.1	593.32
24345.0	592.043
24364.9	590.766
24384.8	589.55
24404.7	588.354
24424.6	587.159
24444.5	585.964
24464.4	584.769
24484.3	583.573
24504.2	582.378
24524.1	581.183
24544.0	579.987
24563.9	578.792
24583.8	577.597
24603.7	576.401
24623.6	575.206
24643.5	574.011
24663.4	572.815
24683.3	571.62
24703.2	570.425
24723.1	569.229
24743.0	568.034
24763.0	566.839
24782.9	565.643
24802.8	564.448
24822.7	563.253
24842.6	562.057
24862.5	560.897
24882.4	559.756
24902.3	558.616
24922.2	557.475
24942.1	556.335
24962.0	555.195
24981.9	554.054
25001.8	552.914
25021.7	551.774
25041.6	550.633
25061.5	549.493
25081.4	548.353
25101.3	547.212
25121.2	546.072
25141.1	544.932
25161.0	543.791
25180.9	542.651
25200.8	541.51
25220.7	540.37
25240.6	539.23
25260.6	538.089
25280.5	536.949
25300.4	535.809
25320.3	534.668
25340.2	533.585
25360.1	532.556
25380.0	531.527
25399.9	530.499
25419.8	529.47
25439.7	528.441
25459.6	527.412
25479.5	526.383
25499.4	525.355
25519.3	524.326
25539.2	523.297
25559.1	522.268
25579.0	521.239
25598.9	520.21
25618.8	519.182
25638.7	518.153
25658.6	517.124
25678.5	516.095
25698.4	515.066
25718.3	514.038
25738.2	513.009
25758.2	511.98
25778.1	510.951
25798.0	509.922
25817.9	508.894
25837.8	507.88
25857.7	506.891
25877.6	505.902
25897.5	504.913
25917.4	503.923
25937.3	502.934
25957.2	501.945
25977.1	500.956
25997.0	499.967
26016.9	498.977
26036.8	497.988
26056.7	496.999
26076.6	496.01
26096.5	495.02
26116.4	494.031
26136.3	493.042
26156.2	492.053
26176.1	491.063
26196.0	490.074
26215.9	489.085
26235.8	488.096
26255.8	487.107
26275.7	486.117
26295.6	485.128
26315.5	484.139
26335.4	483.174
26355.3	482.273
26375.2	481.373
26395.1	480.472
26415.0	479.572
26434.9	478.671
26454.8	477.771
26474.7	476.87
26494.6	475.97
26514.5	475.07
26534.4	474.169
26554.3	473.268
26574.2	472.368
26594.1	471.468
26614.0	470.567
26633.9	469.667
26653.8	468.766
26673.7	467.866
26693.6	466.965
26713.5	466.065
26733.4	465.164
26753.4	464.264
26773.3	463.364
26793.2	462.463
26813.1	461.563
26833.0	460.662
26852.9	459.767
26872.8	458.905
26892.7	458.042
26912.6	457.18
26932.5	456.318
26952.4	455.455
26972.3	454.593
26992.2	453.73
27012.1	452.868
27032.0	452.006
27051.9	451.143
27071.8	450.281
27091.7	449.418
27111.6	448.556
27131.5	447.694
27151.4	446.831
27171.3	445.969
27191.2	445.106
27211.1	444.244
27231.0	443.382
27251.0	442.519
27270.9	441.657
27290.8	440.794
27310.7	439.932
27330.6	439.07
27350.5	438.207
27370.4	437.346
27390.3	436.565
27410.2	435.783
27430.1	435.001
27450.0	434.22
27469.9	433.438
27489.8	432.657
27509.7	431.875
27529.6	431.093
27549.5	430.312
27569.4	429.53
27589.3	428.749
27609.2	427.967
27629.1	427.185
27649.0	426.404
27668.9	425.622
27688.8	424.84
27708.7	424.059
27728.6	423.277
27748.5	422.496
27768.5	421.714
27788.4	420.932
27808.3	420.151
27828.2	419.369
27848.1	418.588
27868.0	417.806
27887.9	417.024
27907.8	416.243
27927.7	415.494
27947.6	414.749
27967.5	414.004
27987.4	413.259
28007.3	412.514
28027.2	411.769
28047.1	411.024
28067.0	410.279
28086.9	409.534
28106.8	408.789
28126.7	408.044
28146.6	407.299
28166.5	406.554
28186.4	405.809
28206.3	405.064
28226.2	404.319
28246.1	403.574
28266.1	402.829
28286.0	402.084
28305.9	401.339
28325.8	400.594
28345.7	399.849
28365.6	399.104
28385.5	398.359
28405.4	397.614
28425.3	396.869
28445.2	396.124
28465.1	395.426
28485.0	394.743
28504.9	394.06
28524.8	393.377
28544.7	392.694
28564.6	392.011
28584.5	391.328
28604.4	390.645
28624.3	389.962
28644.2	389.279
28664.1	388.596
28684.0	387.913
28703.9	387.23
28723.8	386.547
28743.8	385.864
28763.7	385.181
28783.6	384.498
28803.5	383.815
28823.4	383.132
28843.3	382.448
28863.2	381.765
28883.1	381.082
28903.0	380.399
28922.9	379.716
28942.8	379.033
28962.7	378.35
28982.6	377.667
29002.5	376.984
29022.4	376.33
29042.3	375.694
29062.2	375.058
29082.1	374.421
29102.0	373.785
29121.9	373.148
29141.8	372.512
29161.7	371.876
29181.6	371.239
29201.5	370.603
29221.4	369.967
29241.3	369.33
29261.3	368.694
29281.2	368.058
29301.1	367.421
29321.0	366.785
29340.9	366.149
29360.8	365.512
29380.7	364.876
29400.6	364.24
29420.5	363.603
29440.4	362.967
29460.3	362.331
29480.2	361.694
29500.1	361.058
29520.0	360.421
29539.9	359.785
29559.8	359.149
29579.7	358.513
29599.6	357.9
29619.5	357.287
29639.4	356.675
29659.3	356.063
29679.2	355.45
29699.1	354.838
29719.0	354.225
29738.9	353.613
29758.8	353.001
29778.8	352.388
29798.7	351.776
29818.6	351.164
29838.5	350.551
29858.4	349.939
29878.3	349.326
29898.2	348.714
29918.1	348.102
29938.0	347.489
29957.9	346.877
29977.8	346.265
29997.7	345.652
30017.6	345.037
30037.5	344.422
30057.4	343.806
30077.3	343.19
30097.2	342.575
30117.1	341.959
30137.0	341.344
30156.9	340.746
30176.8	340.182
30196.7	339.617
30216.6	339.053
30236.5	338.488
30256.5	337.924
30276.4	337.359
30296.3	336.795
30316.2	336.23
30336.1	335.666
30356.0	335.101
30375.9	334.537
30395.8	333.972
30415.7	333.408
30435.6	332.844
30455.5	332.279
30475.4	331.714
30495.3	331.15
30515.2	330.586
30535.1	330.021
30555.0	329.457
30574.9	328.892
30594.8	328.328
30614.7	327.763
30634.6	327.199
30654.5	326.634
30674.4	326.07
30694.3	325.505
30714.2	324.941
30734.1	324.376
30754.1	323.836
30774.0	323.307
30793.9	322.777
30813.8	322.247
30833.7	321.717
30853.6	321.187
30873.5	320.658
30893.4	320.128
30913.3	319.598
30933.2	319.068
30953.1	318.538
30973.0	318.009
30992.9	317.479
31012.8	316.949
31032.7	316.419
31052.6	315.89
31072.5	315.36
31092.4	314.83
31112.3	314.3
31132.2	313.77
31152.1	313.241
31172.0	312.711
31191.9	312.181
31211.8	311.651
31231.7	311.121
31251.7	310.592
31271.6	310.062
31291.5	309.532
31311.4	309.002
31331.3	308.473
31351.2	307.967
31371.1	307.481
31391.0	306.995
31410.9	306.509
31430.8	306.023
31450.7	305.537
31470.6	305.051
31490.5	304.565
31510.4	304.078
31530.3	303.592
31550.2	303.106
31570.1	302.62
31590.0	302.134
31609.9	301.648
31629.8	301.162
31649.7	300.676
31669.6	300.19
31689.5	299.703
31709.4	299.217
31729.3	298.731
31749.2	298.245
31769.2	297.759
31789.1	297.273
31809.0	296.787
31828.9	296.301
31848.8	295.815
31868.7	295.329
31888.6	294.842
31908.5	294.356
31928.4	293.87
31948.3	293.384
31968.2	292.907
31988.1	292.443
32008.0	291.98
32027.9	291.516
32047.8	291.052
32067.7	290.588
32087.6	290.125
32107.5	289.661
32127.4	289.197
32147.3	288.733
32167.2	288.27
32187.1	287.806
32207.0	287.342
32226.9	286.878
32246.8	286.414
32266.8	285.951
32286.7	285.487
32306.6	285.023
32326.5	284.559
32346.4	284.096
32366.3	283.632
32386.2	283.168
32406.1	282.704
32426.0	282.241
32445.9	281.777
32465.8	281.313
32485.7	280.849
32505.6	280.385
32525.5	279.922
32545.4	279.458
32565.3	278.994
32585.2	278.54
32605.1	278.115
32625.0	277.689
32644.9	277.264
32664.8	276.838
32684.7	276.413
32704.6	275.987
32724.5	275.561
32744.4	275.136
32764.4	274.71
32784.3	274.285
32804.2	273.859
32824.1	273.433
32844.0	273.008
32863.9	272.582
32883.8	272.157
32903.7	271.731
32923.6	271.306
32943.5	270.88
32963.4	270.454
32983.3	270.029
33003.2	269.603
33023.1	269.178
33043.0	268.752
33062.9	268.327
33082.8	267.901
33102.7	267.475
33122.6	267.05
33142.5	266.624
33162.4	266.199
33182.3	265.773
33202.2	265.348
33222.1	264.925
33242.0	264.526
33262.0	264.127
33281.9	263.729
33301.8	263.33
33321.7	262.931
33341.6	262.532
33361.5	262.134
33381.4	261.735
33401.3	261.336
33421.2	260.937
33441.1	260.539
33461.0	260.14
33480.9	259.741
33500.8	259.343
33520.7	258.944
33540.6	258.545
33560.5	258.146
33580.4	257.748
33600.3	257.349
33620.2	256.95
33640.1	256.551
33660.0	256.153
33679.9	255.754
33699.8	255.355
33719.7	254.957
33739.6	254.558
33759.6	254.159
33779.5	253.76
33799.4	253.362
33819.3	252.963
33839.2	252.564
33859.1	252.165
33879.0	251.778
33898.9	251.406
33918.8	251.033
33938.7	250.66
33958.6	250.287
33978.5	249.915
33998.4	249.542
34018.3	249.169
34038.2	248.797
34058.1	248.424
34078.0	248.051
34097.9	247.679
34117.8	247.306
34137.7	246.933
34157.6	246.56
34177.5	246.188
34197.4	245.815
34217.3	245.442
34237.2	245.07
34257.2	244.697
34277.1	244.324
34297.0	243.951
34316.9	243.579
34336.8	243.206
34356.7	242.833
34376.6	242.461
34396.5	242.088
34416.4	241.715
34436.3	241.342
34456.2	240.97
34476.1	240.597
34496.0	240.224
34515.9	239.852
34535.8	239.487
34555.7	239.143
34575.6	238.799
34595.5	238.454
34615.4	238.11
34635.3	237.766
34655.2	237.421
34675.1	237.077
34695.0	236.733
34714.9	236.389
34734.8	236.044
34754.8	235.7
34774.7	235.356
34794.6	235.011
34814.5	234.667
34834.4	234.323
34854.3	233.979
34874.2	233.634
34894.1	233.29
34914.0	232.946
34933.9	232.601
34953.8	232.257
34973.7	231.913
34993.6	231.568
35013.5	231.224
35033.4	230.88
35053.3	230.536
35073.2	230.191
35093.1	229.847
35113.0	229.503
35132.9	229.158
35152.8	228.814
35172.7	228.47
35192.6	228.126
35212.5	227.784
35232.4	227.457
35252.4	227.13
35272.3	226.803
35292.2	226.476
35312.1	226.149
35332.0	225.823
35351.9	225.496
35371.8	225.169
35391.7	224.842
35411.6	224.515
35431.5	224.188
35451.4	223.862
35471.3	223.535
35491.2	223.208
35511.1	222.881
35531.0	222.554
35550.9	222.227
35570.8	221.901
35590.7	221.574
35610.6	221.247
35630.5	220.92
35650.4	220.593
35670.3	220.266
35690.2	219.94
35710.1	219.613
35730.0	219.286
35749.9	218.959
35769.9	218.632
35789.8	218.305
35809.7	217.979
35829.6	217.652
35849.5	217.325
35869.4	216.998
35889.3	216.671
35909.2	216.373
35929.1	216.076
35949.0	215.778
35968.9	215.481
35988.8	215.184
36008.7	214.887
36028.6	214.589
36048.5	214.292
36068.4	213.995
36088.3	213.698
36108.2	213.401
36128.1	213.103
36148.0	212.806
36167.9	212.509
36187.8	212.212
36207.7	211.914
36227.6	211.617
36247.6	211.32
36267.5	211.023
36287.4	210.725
36307.3	210.428
36327.2	210.131
36347.1	209.834
36367.0	209.537
36386.9	209.239
36406.8	208.942
36426.7	208.645
36446.6	208.348
36466.5	208.05
36486.4	207.753
36506.3	207.456
36526.2	207.159
36546.1	206.861
36566.0	206.564
36585.9	206.267
36605.8	205.974
36625.7	205.692
36645.6	205.409
36665.5	205.127
36685.4	204.845
36705.3	204.562
36725.2	204.28
36745.1	203.997
36765.1	203.715
36785.0	203.433
36804.9	203.15
36824.8	202.868
36844.7	202.586
36864.6	202.303
36884.5	202.021
36904.4	201.738
36924.3	201.456
36944.2	201.174
36964.1	200.891
36984.0	200.609
37003.9	200.327
37023.8	200.044
37043.7	199.762
37063.6	199.479
37083.5	199.197
37103.4	198.915
37123.3	198.632
37143.2	198.35
37163.1	198.068
37183.0	197.785
37202.9	197.503
37222.8	197.221
37242.7	196.938
37262.7	196.656
37282.6	196.373
37302.5	196.091
37322.4	195.821
37342.3	195.559
37362.2	195.297
37382.1	195.035
37402.0	194.773
37421.9	194.511
37441.8	194.249
37461.7	193.987
37481.6	193.725
37501.5	193.463
37521.4	193.201
37541.3	192.939
37561.2	192.678
37581.1	192.416
37601.0	192.154
37620.9	191.891
37640.8	191.63
37660.7	191.368
37680.6	191.106
37700.5	190.844
37720.4	190.582
37740.3	190.32
37760.3	190.058
37780.2	189.796
37800.1	189.534
37820.0	189.272
37839.9	189.01
37859.8	188.748
37879.7	188.486
37899.6	188.224
37919.5	187.962
37939.4	187.7
37959.3	187.438
37979.2	187.176
37999.1	186.914
38019.0	186.652
38038.9	186.39
38058.8	186.148
38078.7	185.907
38098.6	185.666
38118.5	185.425
38138.4	185.184
38158.3	184.943
38178.2	184.702
38198.1	184.461
38218.0	184.22
38237.9	183.979
38257.9	183.738
38277.8	183.497
38297.7	183.256
38317.6	183.016
38337.5	182.775
38357.4	182.534
38377.3	182.293
38397.2	182.052
38417.1	181.811
38437.0	181.57
38456.9	181.329
38476.8	181.088
38496.7	180.847
38516.6	180.606
38536.5	180.365
38556.4	180.124
38576.3	179.883
38596.2	179.643
38616.1	179.402
38636.0	179.161
38655.9	178.92
38675.8	178.679
38695.7	178.438
38715.6	178.197
38735.5	177.956
38755.5	177.715
38775.4	177.474
38795.3	177.236
38815.2	177.006
38835.1	176.775
38855.0	176.545
38874.9	176.314
38894.8	176.084
38914.7	175.854
38934.6	175.623
38954.5	175.393
38974.4	175.163
38994.3	174.932
39014.2	174.702
39034.1	174.471
39054.0	174.241
39073.9	174.011
39093.8	173.78
39113.7	173.55
39133.6	173.32
39153.5	173.089
39173.4	172.859
39193.3	172.628
39213.2	172.398
39233.1	172.168
39253.1	171.937
39273.0	171.707
39292.9	171.476
39312.8	171.246
39332.7	171.016
39352.6	170.785
39372.5	170.555
39392.4	170.325
39412.3	170.094
39432.2	169.864
39452.1	169.633
39472.0	169.403
39491.9	169.173
39511.8	168.942
39531.7	168.712
39551.6	168.492
39571.5	168.28
39591.4	168.068
39611.3	167.856
39631.2	167.643
39651.1	167.431
39671.0	167.219
39690.9	167.007
39710.8	166.795
39730.7	166.582
39750.6	166.37
39770.6	166.158
39790.5	165.946
39810.4	165.734
39830.3	165.522
39850.2	165.309
39870.1	165.097
39890.0	164.885
39909.9	164.673
39929.8	164.461
39949.7	164.248
39969.6	164.036
39989.5	163.824
40009.4	163.614
40029.3	163.406
40049.2	163.198
40069.1	162.989
40089.0	162.781
40108.9	162.573
40128.8	162.365
40148.7	162.157
40168.6	161.949
40188.5	161.74
40208.4	161.532
40228.3	161.324
40248.3	161.116
40268.2	160.908
40288.1	160.7
40308.0	160.492
40327.9	160.287
40347.8	160.087
40367.7	159.888
40387.6	159.688
40407.5	159.489
40427.4	159.289
40447.3	159.09
40467.2	158.89
40487.1	158.691
40507.0	158.491
40526.9	158.292
40546.8	158.092
40566.7	157.893
40586.6	157.693
40606.5	157.494
40626.4	157.294
40646.3	157.095
40666.2	156.895
40686.1	156.696
40706.0	156.496
40725.9	156.297
40745.9	156.097
40765.8	155.897
40785.7	155.698
40805.6	155.498
40825.5	155.299
40845.4	155.099
40865.3	154.9
40885.2	154.7
40905.1	154.501
40925.0	154.301
40944.9	154.102
40964.8	153.902
40984.7	153.703
41004.6	153.503
41024.5	153.304
41044.4	153.104
41064.3	152.905
41084.2	152.705
41104.1	152.506
41124.0	152.316
41143.9	152.129
41163.8	151.943
41183.7	151.757
41203.6	151.57
41223.5	151.384
41243.4	151.198
41263.4	151.011
41283.3	150.825
41303.2	150.639
41323.1	150.452
41343.0	150.266
41362.9	150.08
41382.8	149.894
41402.7	149.707
41422.6	149.521
41442.5	149.335
41462.4	149.148
41482.3	148.962
41502.2	148.776
41522.1	148.589
41542.0	148.403
41561.9	148.217
41581.8	148.031
41601.7	147.844
41621.6	147.658
41641.5	147.472
41661.4	147.285
41681.3	147.099
41701.2	146.913
41721.1	146.726
41741.0	146.54
41760.9	146.354
41780.9	146.167
41800.8	145.981
41820.7	145.795
41840.6	145.609
41860.5	145.422
41880.4	145.236
41900.3	145.05
41920.2	144.87
41940.1	144.696
41960.0	144.522
41979.9	144.349
41999.8	144.175
42019.7	144.001
42039.6	143.827
42059.5	143.654
42079.4	143.48
42099.3	143.306
42119.2	143.133
42139.1	142.959
42159.0	142.785
42178.9	142.611
42198.8	142.438
42218.7	142.264
42238.6	142.09
42258.6	141.917
42278.5	141.743
42298.4	141.569
42318.3	141.395
42338.2	141.222
42358.1	141.048
42378.0	140.874
42397.9	140.701
42417.8	140.527
42437.7	140.353
42457.6	140.179
42477.5	140.006
42497.4	139.832
42517.3	139.658
42537.2	139.484
42557.1	139.311
42577.0	139.137
42596.9	138.963
42616.8	138.79
42636.7	138.616
42656.6	138.442
42676.5	138.268
42696.4	138.095
42716.3	137.921
42736.3	137.751
42756.2	137.589
42776.1	137.427
42796.0	137.265
42815.9	137.103
42835.8	136.94
42855.7	136.778
42875.6	136.616
42895.5	136.454
42915.4	136.292
42935.3	136.13
42955.2	135.968
42975.1	135.806
42995.0	135.644
43014.9	135.482
43034.8	135.32
43054.7	135.158
43074.6	134.995
43094.5	134.833
43114.4	134.671
43134.3	134.509
43154.2	134.347
43174.1	134.185
43194.0	134.023
43213.9	133.861
43233.8	133.699
43253.8	133.537
43273.7	133.374
43293.6	133.212
43313.5	133.05
43333.4	132.888
43353.3	132.726
43373.2	132.564
43393.1	132.402
43413.0	132.24
43432.9	132.078
43452.8	131.916
43472.7	131.754
43492.6	131.592
43512.5	131.429
43532.4	131.267
43552.3	131.105
43572.2	130.951
43592.1	130.803
43612.0	130.654
43631.9	130.505
43651.8	130.356
43671.7	130.207
43691.6	130.059
43711.5	129.91
43731.4	129.761
43751.3	129.612
43771.3	129.464
43791.2	129.315
43811.1	129.166
43831.0	129.017
43850.9	128.869
43870.8	128.72
43890.7	128.571
43910.6	128.422
43930.5	128.273
43950.4	128.125
43970.3	127.976
43990.2	127.827
44010.1	127.678
44030.0	127.53
44049.9	127.381
44069.8	127.232
44089.7	127.083
44109.6	126.935
44129.5	126.786
44149.4	126.637
44169.3	126.488
44189.2	126.34
44209.1	126.191
44229.0	126.042
44248.9	125.893
44268.9	125.744
44288.8	125.596
44308.7	125.447
44328.6	125.298
44348.5	125.149
44368.4	125.001
44388.3	124.852
44408.2	124.703
44428.1	124.557
44448.0	124.415
44467.9	124.273
44487.8	124.132
44507.7	123.99
44527.6	123.848
44547.5	123.706
44567.4	123.564
44587.3	123.422
44607.2	123.28
44627.1	123.138
44647.0	122.997
44666.9	122.855
44686.8	122.713
44706.7	122.571
44726.6	122.429
44746.6	122.287
44766.5	122.145
44786.4	122.004
44806.3	121.862
44826.2	121.72
44846.1	121.578
44866.0	121.436
44885.9	121.294
44905.8	121.152
44925.7	121.01
44945.6	120.869
44965.5	120.727
44985.4	120.585
45005.3	120.443
45025.2	120.301
45045.1	120.159
45065.0	120.017
45084.9	119.876
45104.8	119.734
45124.7	119.592
45144.6	119.45
45164.5	119.308
45184.4	119.166
45204.3	119.024
45224.2	118.882
45244.1	118.741
45264.1	118.599
45284.0	118.459
45303.9	118.33
45323.8	118.2
45343.7	118.07
45363.6	117.941
45383.5	117.811
45403.4	117.681
45423.3	117.552
45443.2	117.422
45463.1	117.292
45483.0	117.163
45502.9	117.033
45522.8	116.903
45542.7	116.774
45562.6	116.644
45582.5	116.514
45602.4	116.384
45622.3	116.255
45642.2	116.125
45662.1	115.995
45682.0	115.866
45701.9	115.736
45721.8	115.606
45741.7	115.477
45761.7	115.347
45781.6	115.217
45801.5	115.088
45821.4	114.958
45841.3	114.828
45861.2	114.699
45881.1	114.569
45901.0	114.439
45920.9	114.31
45940.8	114.18
45960.7	114.05
45980.6	113.921
46000.5	113.791
46020.4	113.661
46040.3	113.532
46060.2	113.402
46080.1	113.272
46100.0	113.143
46119.9	113.013
46139.8	112.883
46159.7	112.754
46179.6	112.627
46199.5	112.505
46219.4	112.383
46239.3	112.26
46259.3	112.138
46279.2	112.016
46299.1	111.893
46319.0	111.771
46338.9	111.648
46358.8	111.526
46378.7	111.404
46398.6	111.281
46418.5	111.159
46438.4	111.037
46458.3	110.914
46478.2	110.792
46498.1	110.67
46518.0	110.547
46537.9	110.425
46557.8	110.302
46577.7	110.18
46597.6	110.058
46617.5	109.935
46637.4	109.813
46657.3	109.691
46677.2	109.568
46697.1	109.446
46717.0	109.323
46736.9	109.201
46756.9	109.079
46776.8	108.956
46796.7	108.834
46816.6	108.712
46836.5	108.589
46856.4	108.467
46876.3	108.344
46896.2	108.222
46916.1	108.1
46936.0	107.977
46955.9	107.855
46975.8	107.733
46995.7	107.61
47015.6	107.488
47035.5	107.365
47055.4	107.243
47075.3	107.123
47095.2	107.01
47115.1	106.897
47135.0	106.783
47154.9	106.67
47174.8	106.557
47194.7	106.444
47214.6	106.33
47234.5	106.217
47254.5	106.104
47274.4	105.991
47294.3	105.877
47314.2	105.764
47334.1	105.651
47354.0	105.538
47373.9	105.424
47393.8	105.311
47413.7	105.198
47433.6	105.085
47453.5	104.971
47473.4	104.858
47493.3	104.745
47513.2	104.631
47533.1	104.518
47553.0	104.405
47572.9	104.292
47592.8	104.178
47612.7	104.065
47632.6	103.952
47652.5	103.839
47672.4	103.725
47692.3	103.612
47712.2	103.499
47732.1	103.386
47752.1	103.272
47772.0	103.159
47791.9	103.046
47811.8	102.933
47831.7	102.819
47851.6	102.706
47871.5	102.593
47891.4	102.48
47911.3	102.366
47931.2	102.253
47951.1	102.14
47971.0	102.026
47990.9	101.914
48010.8	101.808
48030.7	101.703
48050.6	101.598
48070.5	101.493
48090.4	101.387
48110.3	101.282
48130.2	101.177
48150.1	101.072
48170.0	100.966
48189.9	100.861
48209.8	100.756
48229.7	100.651
48249.6	100.546
48269.6	100.44
48289.5	100.335
48309.4	100.23
48329.3	100.125
48349.2	100.019
48369.1	99.9141
48389.0	99.8088
48408.9	99.7036
48428.8	99.5984
48448.7	99.4932
48468.6	99.3879
48488.5	99.2827
48508.4	99.1774
48528.3	99.0722
48548.2	98.967
48568.1	98.8617
48588.0	98.7565
48607.9	98.6512
48627.8	98.546
48647.7	98.4408
48667.6	98.3355
48687.5	98.2303
48707.4	98.1251
48727.3	98.0198
48747.3	97.9146
48767.2	97.8094
48787.1	97.7041
48807.0	97.5989
48826.9	97.4936
48846.8	97.3884
48866.7	97.2832
48886.6	97.1779
48906.5	97.0727
48926.4	96.9674
48946.3	96.868
48966.2	96.7697
48986.1	96.6715
49006.0	96.5732
49025.9	96.475
49045.8	96.3768
49065.7	96.2785
49085.6	96.1803
49105.5	96.082
49125.4	95.9838
49145.3	95.8856
49165.2	95.7873
49185.1	95.6891
49205.0	95.5909
49224.9	95.4926
49244.8	95.3944
49264.8	95.2962
49284.7	95.1979
49304.6	95.0997
49324.5	95.0015
49344.4	94.9032
49364.3	94.805
49384.2	94.7068
49404.1	94.6085
49424.0	94.5103
49443.9	94.412
49463.8	94.3138
49483.7	94.2156
49503.6	94.1173
49523.5	94.0191
49543.4	93.9209
49563.3	93.8226
49583.2	93.7244
49603.1	93.6262
49623.0	93.5279
49642.9	93.4297
49662.8	93.3315
49682.7	93.2332
49702.6	93.135
49722.5	93.0367
49742.4	92.9385
49762.4	92.8403
49782.3	92.742
49802.2	92.6438
49822.1	92.5456
49842.0	92.4473
49861.9	92.3491
49881.8	92.2508
49901.7	92.154
49921.6	92.0581
49941.5	91.9621
49961.4	91.8662
49981.3	91.7703
50001.2	91.6745
50021.1	91.5818
50041.0	91.489
50060.9	91.3962
50080.8	91.3034
50100.7	91.2106
50120.6	91.1178
50140.5	91.025
50160.4	90.9322
50180.3	90.8394
50200.2	90.7467
50220.1	90.6539
50240.0	90.5611
50260.0	90.4683
50279.9	90.3755
50299.8	90.2827
50319.7	90.1899
50339.6	90.0971
50359.5	90.0043
50379.4	89.9115
50399.3	89.8188
50419.2	89.726
50439.1	89.6332
50459.0	89.5404
50478.9	89.4476
50498.8	89.3548
50518.7	89.262
50538.6	89.1692
50558.5	89.0765
50578.4	88.9837
50598.3	88.8909
50618.2	88.7981
50638.1	88.7053
50658.0	88.6125
50677.9	88.5197
50697.8	88.4269
50717.7	88.3341
50737.6	88.2414
50757.6	88.1486
50777.5	88.0558
50797.4	87.963
50817.3	87.8702
50837.2	87.7774
50857.1	87.6846
50877.0	87.5984
50896.9	87.5133
50916.8	87.4283
50936.7	87.3432
50956.6	87.2581
50976.5	87.1731
50996.4	87.088
51016.3	87.0029
51036.2	86.9178
51056.1	86.8328
51076.0	86.7477
51095.9	86.6626
51115.8	86.5775
51135.7	86.4925
51155.6	86.4074
51175.5	86.3223
51195.4	86.2373
51215.3	86.1522
51235.3	86.0671
51255.2	85.982
51275.1	85.897
51295.0	85.8119
51314.9	85.7268
51334.8	85.6417
51354.7	85.5567
51374.6	85.4716
51394.5	85.3865
51414.4	85.3014
51434.3	85.2164
51454.2	85.1313
51474.1	85.0462
51494.0	84.9612
51513.9	84.8761
51533.8	84.791
51553.7	84.7059
51573.6	84.6208
51593.5	84.5358
51613.4	84.4507
51633.3	84.3656
51653.2	84.2806
51673.1	84.1955
51693.0	84.1104
51712.9	84.0253
51732.8	83.9402
51752.8	83.8552
51772.7	83.7701
51792.6	83.685
51812.5	83.6
51832.4	83.5149
51852.3	83.4298
51872.2	83.3473
51892.1	83.2663
51912.0	83.1853
51931.9	83.1044
51951.8	83.0234
51971.7	82.9424
51991.6	82.8615
52011.5	82.7805
52031.4	82.6995
52051.3	82.6186
52071.2	82.5376
52091.1	82.4566
52111.0	82.3756
52130.9	82.2947
52150.8	82.2137
52170.7	82.1328
52190.6	82.0518
52210.5	81.9708
52230.4	81.8899
52250.3	81.8089
52270.3	81.7279
52290.2	81.6469
52310.1	81.566
52330.0	81.485
52349.9	81.404
52369.8	81.3231
52389.7	81.2421
52409.6	81.1612
52429.5	81.0802
52449.4	80.9992
52469.3	80.9182
52489.2	80.8373
52509.1	80.7563
52529.0	80.6754
52548.9	80.5944
52568.8	80.5134
52588.7	80.4325
52608.6	80.3515
52628.5	80.2705
52648.4	80.1896
52668.3	80.1086
52688.2	80.0276
52708.1	79.9467
52728.0	79.8657
52747.9	79.7847
52767.9	79.7038
52787.8	79.6228
52807.7	79.5418
52827.6	79.4609
52847.5	79.3799
52867.4	79.2989
52887.3	79.2238
52907.2	79.1497
52927.1	79.0755
52947.0	79.0012
52966.9	78.9271
52986.8	78.8529
53006.7	78.7787
53026.6	78.7045
53046.5	78.6303
53066.4	78.5561
53086.3	78.4819
53106.2	78.4077
53126.1	78.3335
53146.0	78.2593
53165.9	78.1851
53185.8	78.1109
53205.7	78.0368
53225.6	77.9626
53245.5	77.8884
53265.4	77.8142
53285.4	77.74
53305.3	77.6658
53325.2	77.5916
53345.1	77.5174
53365.0	77.4432
53384.9	77.369
53404.8	77.2948
53424.7	77.2206
53444.6	77.1465
53464.5	77.0723
53484.4	76.9981
53504.3	76.9239
53524.2	76.8497
53544.1	76.7755
53564.0	76.7013
53583.9	76.6271
53603.8	76.5529
53623.7	76.4787
53643.6	76.4045
53663.5	76.3303
53683.4	76.2561
53703.3	76.182
53723.2	76.1077
53743.1	76.0336
53763.1	75.9594
53783.0	75.8852
53802.9	75.811
53822.8	75.7368
53842.7	75.6626
53862.6	75.5884
53882.5	75.5142
53902.4	75.44
53922.3	75.3686
53942.2	75.2989
53962.1	75.2292
53982.0	75.1595
54001.9	75.0897
54021.8	75.02
54041.7	74.9503
54061.6	74.8806
54081.5	74.8109
54101.4	74.7411
54121.3	74.6714
54141.2	74.6017
54161.1	74.532
54181.0	74.4623
54200.9	74.3926
54220.8	74.3228
54240.8	74.2531
54260.7	74.1834
54280.6	74.1137
54300.5	74.044
54320.4	73.9743
54340.3	73.9045
54360.2	73.8348
54380.1	73.7651
54400.0	73.6954
54419.9	73.6257
54439.8	73.5559
54459.7	73.4862
54479.6	73.4165
54499.5	73.3468
54519.4	73.2771
54539.3	73.2074
54559.2	73.1376
54579.1	73.0679
54599.0	72.9982
54618.9	72.9285
54638.8	72.8588
54658.7	72.7891
54678.6	72.7194
54698.5	72.6496
54718.4	72.5799
54738.3	72.5102
54758.3	72.4405
54778.2	72.3708
54798.1	72.301
54818.0	72.2313
54837.9	72.1616
54857.8	72.0919
54877.7	72.0222
54897.6	71.9524
54917.5	71.8827
54937.4	71.813
54957.3	71.7433
54977.2	71.6774
54997.1	71.6121
55017.0	71.5467
55036.9	71.4814
55056.8	71.416
55076.7	71.3507
55096.6	71.2854
55116.5	71.22
55136.4	71.1547
55156.3	71.0894
55176.2	71.0241
55196.1	70.9587
55216.0	70.8934
55235.9	70.8281
55255.9	70.7627
55275.8	70.6974
55295.7	70.6321
55315.6	70.5667
55335.5	70.5014
55355.4	70.4361
55375.3	70.3707
55395.2	70.3054
55415.1	70.2401
55435.0	70.1747
55454.9	70.1094
55474.8	70.0441
55494.7	69.9787
55514.6	69.9134
55534.5	69.8481
55554.4	69.7828
55574.3	69.7174
55594.2	69.6521
55614.1	69.5867
55634.0	69.5214
55653.9	69.4561
55673.8	69.3908
55693.7	69.3254
55713.6	69.2601
55733.6	69.1947
55753.5	69.1294
55773.4	69.0641
55793.3	68.9987
55813.2	68.9334
55833.1	68.8681
55853.0	68.8028
55872.9	68.7374
55892.8	68.6721
55912.7	68.6068
55932.6	68.5414
55952.5	68.4761
55972.4	68.4108
55992.3	68.3454
56012.2	68.2801
56032.1	68.2153
56052.0	68.1554
56071.9	68.0954
56091.8	68.0355
56111.7	67.9755
56131.6	67.9156
56151.5	67.8556
56171.4	67.7957
56191.3	67.7357
56211.2	67.6758
56231.1	67.6158
56251.0	67.5559
56271.0	67.4959
56290.9	67.4359
56310.8	67.376
56330.7	67.316
56350.6	67.2561
56370.5	67.1961
56390.4	67.1362
56410.3	67.0762
56430.2	67.0163
56450.1	66.9563
56470.0	66.8964
56489.9	66.8364
56509.8	66.7765
56529.7	66.7165
56549.6	66.6565
56569.5	66.5966
56589.4	66.5367
56609.3	66.4767
56629.2	66.4167
56649.1	66.3568
56669.0	66.2968
56688.9	66.2369
56708.8	66.1769
56728.7	66.117
56748.6	66.057
56768.6	65.9971
56788.5	65.9371
56808.4	65.8772
56828.3	65.8172
56848.2	65.7572
56868.1	65.6973
56888.0	65.6373
56907.9	65.5774
56927.8	65.5174
56947.7	65.4575
56967.6	65.3975
56987.5	65.3376
57007.4	65.2776
57027.3	65.2177
57047.2	65.1577
57067.1	65.0978
57087.0	65.0378
57106.9	64.9779
57126.8	64.9179
57146.7	64.8613
57166.6	64.8054
57186.5	64.7494
57206.4	64.6935
57226.3	64.6376
57246.2	64.5816
57266.2	64.5257
57286.1	64.4698
57306.0	64.4138
57325.9	64.3579
57345.8	64.3019
57365.7	64.246
57385.6	64.1901
57405.5	64.1341
57425.4	64.0782
57445.3	64.0223
57465.2	63.9663
57485.1	63.9104
57505.0	63.8544
57524.9	63.7985
57544.8	63.7425
57564.7	63.6866
57584.6	63.6307
57604.5	63.5747
57624.4	63.5188
57644.3	63.4628
57664.2	63.4069
57684.1	63.351
57704.0	63.295
57723.9	63.2391
57743.8	63.1832
57763.8	63.1272
57783.7	63.0713
57803.6	63.0154
57823.5	62.9594
57843.4	62.9035
57863.3	62.8475
57883.2	62.7916
57903.1	62.7356
57923.0	62.6797
57942.9	62.6238
57962.8	62.5678
57982.7	62.5119
58002.6	62.456
58022.5	62.4
58042.4	62.3441
58062.3	62.2881
58082.2	62.2322
58102.1	62.1763
58122.0	62.1203
58141.9	62.0644
58161.8	62.0085
58181.7	61.9525
58201.6	61.8966
58221.5	61.8406
58241.4	61.7847
58261.4	61.7306
58281.3	61.678
58301.2	61.6254
58321.1	61.5727
58341.0	61.5201
58360.9	61.4674
58380.8	61.4148
58400.7	61.3621
58420.6	61.3095
58440.5	61.2568
58460.4	61.2042
58480.3	61.1516
58500.2	61.0989
58520.1	61.0463
58540.0	60.9936
58559.9	60.941
58579.8	60.8883
58599.7	60.8357
58619.6	60.7831
58639.5	60.7304
58659.4	60.6778
58679.3	60.6251
58699.2	60.5725
58719.1	60.5198
58739.1	60.4672
58759.0	60.4146
58778.9	60.3619
58798.8	60.3093
58818.7	60.2566
58838.6	60.204
58858.5	60.1513
58878.4	60.0987
58898.3	60.0461
58918.2	59.9934
58938.1	59.9408
58958.0	59.8881
58977.9	59.8355
58997.8	59.7828
59017.7	59.7302
59037.6	59.6775
59057.5	59.6249
59077.4	59.5723
59097.3	59.5196
59117.2	59.467
59137.1	59.4143
59157.0	59.3617
59176.9	59.3091
59196.8	59.2564
59216.7	59.2038
59236.6	59.1511
59256.6	59.0985
59276.5	59.0458
59296.4	58.9932
59316.3	58.9406
59336.2	58.8879
59356.1	58.8353
59376.0	58.7826
59395.9	58.7308
59415.8	58.6811
59435.7	58.6314
59455.6	58.5816
59475.5	58.5319
59495.4	58.4822
59515.3	58.4325
59535.2	58.3827
59555.1	58.333
59575.0	58.2832
59594.9	58.2335
59614.8	58.1838
59634.7	58.1341
59654.6	58.0843
59674.5	58.0346
59694.4	57.9849
59714.3	57.9351
59734.3	57.8854
59754.2	57.8357
59774.1	57.7859
59794.0	57.7362
59813.9	57.6865
59833.8	57.6367
59853.7	57.587
59873.6	57.5373
59893.5	57.4875
59913.4	57.4378
59933.3	57.3881
59953.2	57.3383
59973.1	57.2886
59993.0	57.2389
60012.9	57.1903
60032.8	57.1423
60052.7	57.0944
60072.6	57.0464
60092.5	56.9984
60112.4	56.9505
60132.3	56.9025
60152.2	56.8546
60172.1	56.8066
60192.0	56.7586
60211.9	56.7107
60231.8	56.6627
60251.7	56.6148
60271.7	56.5668
60291.6	56.5188
60311.5	56.4709
60331.4	56.4229
60351.3	56.3749
60371.2	56.327
60391.1	56.279
60411.0	56.231
60430.9	56.1831
60450.8	56.1351
60470.7	56.0872
60490.6	56.0392
60510.5	55.9912
60530.4	55.9433
60550.3	55.8953
60570.2	55.8495
60590.1	55.8037
60610.0	55.7578
60629.9	55.712
60649.8	55.6662
60669.7	55.6204
60689.6	55.5745
60709.5	55.5287
60729.4	55.4829
60749.3	55.4371
60769.3	55.3912
60789.2	55.3454
60809.1	55.2996
60829.0	55.2537
60848.9	55.2079
60868.8	55.1621
60888.7	55.1163
60908.6	55.0704
60928.5	55.0246
60948.4	54.9788
60968.3	54.9329
60988.2	54.8871
61008.1	54.8413
61028.0	54.7955
61047.9	54.7496
61067.8	54.7038
61087.7	54.658
61107.6	54.6121
61127.5	54.5663
61147.4	54.5205
61167.3	54.4746
61187.2	54.4288
61207.1	54.383
61227.0	54.3372
61246.9	54.2913
61266.9	54.2455
61286.8	54.1997
61306.7	54.1538
61326.6	54.108
61346.5	54.0622
61366.4	54.0164
61386.3	53.9705
61406.2	53.9247
61426.1	53.8789
61446.0	53.833
61465.9	53.7872
61485.8	53.7414
61505.7	53.6956
61525.6	53.6497
61545.5	53.6039
61565.4	53.5581
61585.3	53.5122
61605.2	53.4664
61625.1	53.4206
61645.0	53.3748
61664.9	53.3289
61684.8	53.2831
61704.7	53.2373
61724.6	53.1914
61744.5	53.148
61764.5	53.1055
61784.4	53.063
61804.3	53.0205
61824.2	52.978
61844.1	52.9355
61864.0	52.893
61883.9	52.8504
61903.8	52.8079
61923.7	52.7654
61943.6	52.7229
61963.5	52.6804
61983.4	52.6379
62003.3	52.5954
62023.2	52.5529
62043.1	52.5103
62063.0	52.4678
62082.9	52.4253
62102.8	52.3828
62122.7	52.3403
62142.6	52.2978
62162.5	52.2553
62182.4	52.2128
62202.3	52.1702
62222.2	52.1277
62242.1	52.0852
62262.1	52.0427
62282.0	52.0002
62301.9	51.9577
62321.8	51.9152
62341.7	51.8727
62361.6	51.8302
62381.5	51.7876
62401.4	51.7451
62421.3	51.7026
62441.2	51.6601
62461.1	51.6176
62481.0	51.5751
62500.9	51.5326
62520.8	51.49
62540.7	51.4475
62560.6	51.405
62580.5	51.3625
62600.4	51.32
62620.3	51.2775
62640.2	51.235
62660.1	51.1925
62680.0	51.15
62699.9	51.1074
62719.8	51.0649
62739.8	51.0224
62759.7	50.9799
62779.6	50.9374
62799.5	50.8949
62819.4	50.8524
62839.3	50.8099
62859.2	50.7674
62879.1	50.7248
62899.0	50.6823
62918.9	50.6398
62938.8	50.5973
62958.7	50.5574
62978.6	50.5178
62998.5	50.4781
63018.4	50.4384
63038.3	50.3987
63058.2	50.3591
63078.1	50.3194
63098.0	50.2797
63117.9	50.24
63137.8	50.2004
63157.7	50.1607
63177.6	50.121
63197.5	50.0813
63217.4	50.0417
63237.3	50.002
63257.3	49.9623
63277.2	49.9226
63297.1	49.8829
63317.0	49.8433
63336.9	49.8036
63356.8	49.7639
63376.7	49.7242
63396.6	49.6846
63416.5	49.6449
63436.4	49.6052
63456.3	49.5655
63476.2	49.5259
63496.1	49.4862
63516.0	49.4465
63535.9	49.4068
63555.8	49.3672
63575.7	49.3275
63595.6	49.2878
63615.5	49.2481
63635.4	49.2085
63655.3	49.1688
63675.2	49.1291
63695.1	49.0894
63715.0	49.0497
63734.9	49.0101
63754.9	48.9704
63774.8	48.9307
63794.7	48.891
63814.6	48.8514
63834.5	48.8117
63854.4	48.772
63874.3	48.7323
63894.2	48.6927
63914.1	48.653
63934.0	48.6133
63953.9	48.5736
63973.8	48.5339
63993.7	48.4943
64013.6	48.4546
64033.5	48.4149
64053.4	48.3752
64073.3	48.3356
64093.2	48.2959
64113.1	48.2562
64133.0	48.2165
64152.9	48.1769
64172.8	48.1376
64192.7	48.1006
64212.6	48.0637
64232.5	48.0268
64252.4	47.9899
64272.4	47.9529
64292.3	47.916
64312.2	47.8791
64332.1	47.8421
64352.0	47.8052
64371.9	47.7683
64391.8	47.7313
64411.7	47.6944
64431.6	47.6575
64451.5	47.6205
64471.4	47.5836
64491.3	47.5467
64511.2	47.5097
64531.1	47.4728
64551.0	47.4359
64570.9	47.399
64590.8	47.362
64610.7	47.3251
64630.6	47.2882
64650.5	47.2512
64670.4	47.2143
64690.3	47.1774
64710.2	47.1404
64730.1	47.1035
64750.0	47.0666
64770.0	47.0296
64789.9	46.9927
64809.8	46.9558
64829.7	46.9188
64849.6	46.8819
64869.5	46.845
64889.4	46.8081
64909.3	46.7711
64929.2	46.7342
64949.1	46.6973
64969.0	46.6603
64988.9	46.6234
65008.8	46.5865
65028.7	46.5495
65048.6	46.5126
65068.5	46.4757
65088.4	46.4387
65108.3	46.4018
65128.2	46.3649
65148.1	46.3279
65168.0	46.291
65187.9	46.2541
65207.8	46.2172
65227.7	46.1802
65247.6	46.1433
65267.6	46.1064
65287.5	46.0694
65307.4	46.0325
65327.3	45.9956
65347.2	45.9586
65367.1	45.9217
65387.0	45.8848
65406.9	45.8478
65426.8	45.8117
65446.7	45.7772
65466.6	45.7427
65486.5	45.7082
65506.4	45.6736
65526.3	45.6391
65546.2	45.6046
65566.1	45.5701
65586.0	45.5356
65605.9	45.501
65625.8	45.4665
65645.7	45.432
65665.6	45.3975
65685.5	45.363
65705.4	45.3285
65725.3	45.2939
65745.3	45.2594
65765.2	45.2249
65785.1	45.1904
65805.0	45.1559
65824.9	45.1213
65844.8	45.0868
65864.7	45.0523
65884.6	45.0178
65904.5	44.9832
65924.4	44.9487
65944.3	44.9142
65964.2	44.8797
65984.1	44.8452
66004.0	44.8106
66023.9	44.7761
66043.8	44.7416
66063.7	44.7071
66083.6	44.6726
66103.5	44.638
66123.4	44.6035
66143.3	44.569
66163.2	44.5345
66183.1	44.5
66203.0	44.4655
66222.9	44.4309
66242.9	44.3964
66262.8	44.3619
66282.7	44.3274
66302.6	44.2928
66322.5	44.2583
66342.4	44.2238
66362.3	44.1893
66382.2	44.1548
66402.1	44.1203
66422.0	44.0857
66441.9	44.0512
66461.8	44.0167
66481.7	43.9822
66501.6	43.9476
66521.5	43.9131
66541.4	43.8786
66561.3	43.8441
66581.2	43.8096
66601.1	43.7751
66621.0	43.7405
66640.9	43.706
66660.8	43.6715
66680.7	43.637
66700.6	43.6025
66720.5	43.5708
66740.5	43.5391
66760.4	43.5074
66780.3	43.4757
66800.2	43.444
66820.1	43.4122
66840.0	43.3805
66859.9	43.3488
66879.8	43.3171
66899.7	43.2854
66919.6	43.2537
66939.5	43.222
66959.4	43.1902
66979.3	43.1585
66999.2	43.1268
67019.1	43.0951
67039.0	43.0634
67058.9	43.0317
67078.8	42.9999
67098.7	42.9682
67118.6	42.9365
67138.5	42.9048
67158.4	42.8731
67178.3	42.8414
67198.2	42.8097
67218.1	42.7779
67238.0	42.7462
67258.0	42.7145
67277.9	42.6828
67297.8	42.6511
67317.7	42.6194
67337.6	42.5876
67357.5	42.5559
67377.4	42.5242
67397.3	42.4925
67417.2	42.4608
67437.1	42.4291
67457.0	42.3973
67476.9	42.3656
67496.8	42.3339
67516.7	42.3022
67536.6	42.2705
67556.5	42.2388
67576.4	42.207
67596.3	42.1753
67616.2	42.1436
67636.1	42.1119
67656.0	42.0802
67675.9	42.0485
67695.8	42.0168
67715.7	41.985
67735.6	41.9533
67755.6	41.9216
67775.5	41.8899
67795.4	41.8582
67815.3	41.8265
67835.2	41.7947
67855.1	41.763
67875.0	41.7313
67894.9	41.6996
67914.8	41.6679
67934.7	41.6362
67954.6	41.6044
67974.5	41.5727
67994.4	41.541
68014.3	41.5097
68034.2	41.48
68054.1	41.4502
68074.0	41.4205
68093.9	41.3907
68113.8	41.361
68133.7	41.3312
68153.6	41.3015
68173.5	41.2717
68193.4	41.242
68213.3	41.2122
68233.2	41.1825
68253.1	41.1527
68273.1	41.123
68293.0	41.0932
68312.9	41.0634
68332.8	41.0337
68352.7	41.0039
68372.6	40.9742
68392.5	40.9445
68412.4	40.9147
68432.3	40.8849
68452.2	40.8552
68472.1	40.8254
68492.0	40.7957
68511.9	40.7659
68531.8	40.7362
68551.7	40.7064
68571.6	40.6767
68591.5	40.6469
68611.4	40.6172
68631.3	40.5874
68651.2	40.5577
68671.1	40.5279
68691.0	40.4982
68710.9	40.4684
68730.8	40.4387
68750.8	40.4089
68770.6	40.3792
68790.6	40.3494
68810.5	40.3197
68830.4	40.2899
68850.3	40.2602
68870.2	40.2304
68890.1	40.2007
68910.0	40.1709
68929.9	40.1412
68949.8	40.1114
68969.7	40.0817
68989.6	40.0519
69009.5	40.0222
69029.4	39.9924
69049.3	39.9627
69069.2	39.9329
69089.1	39.9032
69109.0	39.8734
69128.9	39.8436
69148.8	39.8139
69168.7	39.7841
69188.6	39.7544
69208.5	39.7246
69228.4	39.6949
69248.4	39.6651
69268.3	39.6354
69288.2	39.6056
69308.1	39.5759
69328.0	39.5461
69347.9	39.5171
69367.8	39.4893
69387.7	39.4614
69407.6	39.4336
69427.5	39.4058
69447.4	39.3779
69467.3	39.3501
69487.2	39.3222
69507.1	39.2944
69527.0	39.2665
69546.9	39.2387
69566.8	39.2108
69586.7	39.183
69606.6	39.1552
69626.5	39.1273
69646.4	39.0995
69666.3	39.0716
69686.2	39.0438
69706.1	39.0159
69726.0	38.9881
69745.9	38.9602
69765.9	38.9324
69785.8	38.9045
69805.7	38.8767
69825.6	38.8489
69845.5	38.821
69865.4	38.7932
69885.3	38.7653
69905.2	38.7375
69925.1	38.7096
69945.0	38.6818
69964.9	38.6539
69984.8	38.6261
70004.7	38.5983
70024.6	38.5704
70044.5	38.5426
70064.4	38.5147
70084.3	38.4869
70104.2	38.459
70124.1	38.4312
70144.0	38.4034
70163.9	38.3755
70183.8	38.3477
70203.7	38.3198
70223.6	38.292
70243.5	38.2641
70263.5	38.2363
70283.4	38.2084
70303.3	38.1806
70323.2	38.1527
70343.1	38.1249
70363.0	38.097
70382.9	38.0692
70402.8	38.0414
70422.7	38.0135
70442.6	37.9857
70462.5	37.9578
70482.4	37.93
70502.3	37.9021
70522.2	37.8743
70542.1	37.8464
70562.0	37.8186
70581.9	37.7908
70601.8	37.7629
70621.7	37.7351
70641.6	37.7072
70661.5	37.6794
70681.4	37.6515
70701.3	37.6246
70721.3	37.5983
70741.1	37.572
70761.1	37.5457
70781.0	37.5194
70800.9	37.4932
70820.8	37.4669
70840.7	37.4406
70860.6	37.4143
70880.5	37.388
70900.4	37.3617
70920.3	37.3355
70940.2	37.3092
70960.1	37.2829
70980.0	37.2566
70999.9	37.2303
71019.8	37.204
71039.7	37.1777
71059.6	37.1515
71079.5	37.1252
71099.4	37.0989
71119.3	37.0726
71139.2	37.0463
71159.1	37.02
71179.0	36.9938
71198.9	36.9675
71218.8	36.9412
71238.8	36.9149
71258.7	36.8886
71278.6	36.8623
71298.5	36.8361
71318.4	36.8098
71338.3	36.7835
71358.2	36.7572
71378.1	36.7309
71398.0	36.7046
71417.9	36.6784
71437.8	36.6521
71457.7	36.6258
71477.6	36.5995
71497.5	36.5732
71517.4	36.5469
71537.3	36.5207
71557.2	36.4944
71577.1	36.4681
71597.0	36.4418
71616.9	36.4155
71636.8	36.3892
71656.7	36.3629
71676.6	36.3367
71696.5	36.3104
71716.4	36.2841
71736.4	36.2578
71756.3	36.2315
71776.2	36.2052
71796.1	36.179
71816.0	36.1527
71835.9	36.1264
71855.8	36.1001
71875.7	36.0738
71895.6	36.0475
71915.5	36.0213
71935.4	35.995
71955.3	35.9687
71975.2	35.9424
71995.1	35.9161
72015.0	35.8898
72034.9	35.8636
72054.8	35.8373
72074.7	35.8116
72094.6	35.7877
72114.5	35.7638
72134.4	35.74
72154.3	35.7161
72174.2	35.6923
72194.1	35.6684
72214.0	35.6446
72233.9	35.6207
72253.9	35.5969
72273.8	35.573
72293.7	35.5492
72313.6	35.5253
72333.5	35.5015
72353.4	35.4776
72373.3	35.4538
72393.2	35.4299
72413.1	35.4061
72433.0	35.3822
72452.9	35.3583
72472.8	35.3345
72492.7	35.3106
72512.6	35.2868
72532.5	35.2629
72552.4	35.2391
72572.3	35.2152
72592.2	35.1914
72612.1	35.1675
72632.0	35.1437
72651.9	35.1198
72671.8	35.0959
72691.7	35.0721
72711.6	35.0482
72731.5	35.0244
72751.4	35.0005
72771.4	34.9767
72791.3	34.9528
72811.2	34.929
72831.1	34.9051
72851.0	34.8813
72870.9	34.8574
72890.8	34.8336
72910.7	34.8097
72930.6	34.7858
72950.5	34.762
72970.4	34.7381
72990.3	34.7143
73010.2	34.6904
73030.1	34.6666
73050.0	34.6427
73069.9	34.6189
73089.8	34.595
73109.7	34.5712
73129.6	34.5473
73149.5	34.5235
73169.4	34.4996
73189.3	34.4757
73209.2	34.4519
73229.1	34.428
73249.0	34.4042
73269.0	34.3803
73288.9	34.3565
73308.8	34.3326
73328.7	34.3088
73348.6	34.2849
73368.5	34.2611
73388.4	34.2372
73408.3	34.2134
73428.2	34.1895
73448.1	34.1657
73468.0	34.1418
73487.9	34.1185
73507.8	34.096
73527.7	34.0735
73547.6	34.051
73567.5	34.0285
73587.4	34.0061
73607.3	33.9836
73627.2	33.9611
73647.1	33.9386
73667.0	33.9161
73686.9	33.8936
73706.8	33.8711
73726.7	33.8486
73746.6	33.8262
73766.6	33.8037
73786.5	33.7812
73806.4	33.7587
73826.3	33.7362
73846.2	33.7137
73866.1	33.6912
73886.0	33.6688
73905.9	33.6463
73925.8	33.6238
73945.7	33.6013
73965.6	33.5788
73985.5	33.5563
74005.4	33.5338
74025.3	33.5113
74045.2	33.4889
74065.1	33.4664
74085.0	33.4439
74104.9	33.4214
74124.8	33.3989
74144.7	33.3764
74164.6	33.3539
74184.5	33.3314
74204.4	33.309
74224.3	33.2865
74244.3	33.264
74264.2	33.2415
74284.1	33.219
74304.0	33.1965
74323.9	33.174
74343.8	33.1516
74363.7	33.1291
74383.6	33.1066
74403.5	33.0841
74423.4	33.0616
74443.3	33.0391
74463.2	33.0166
74483.1	32.9942
74503.0	32.9717
74522.9	32.9492
74542.8	32.9267
74562.7	32.9042
74582.6	32.8817
74602.5	32.8592
74622.4	32.8367
74642.3	32.8143
74662.2	32.7918
74682.1	32.7693
74702.0	32.7468
74721.9	32.7243
74741.9	32.7018
74761.8	32.6793
74781.7	32.6568
74801.6	32.6344
74821.5	32.6119
74841.4	32.5894
74861.3	32.5669
74881.2	32.5444
74901.1	32.5219
74921.0	32.4995
74940.9	32.4785
74960.8	32.4575
74980.7	32.4365
75000.6	32.4155
75020.5	32.3945
75040.4	32.3735
75060.3	32.3525
75080.2	32.3315
75100.1	32.3105
75120.0	32.2895
75139.9	32.2685
75159.8	32.2475
75179.7	32.2265
75199.6	32.2055
75219.5	32.1845
75239.5	32.1634
75259.4	32.1424
75279.3	32.1214
75299.2	32.1004
75319.1	32.0794
75339.0	32.0584
75358.9	32.0374
75378.8	32.0164
75398.7	31.9954
75418.6	31.9744
75438.5	31.9534
75458.4	31.9324
75478.3	31.9114
75498.2	31.8904
75518.1	31.8694
75538.0	31.8484
75557.9	31.8274
75577.8	31.8064
75597.7	31.7854
75617.6	31.7644
75637.5	31.7434
75657.4	31.7224
75677.3	31.7014
75697.2	31.6804
75717.1	31.6594
75737.0	31.6383
75757.0	31.6173
75776.9	31.5963
75796.8	31.5753
75816.7	31.5543
75836.6	31.5333
75856.5	31.5123
75876.4	31.4913
75896.3	31.4703
75916.2	31.4493
75936.1	31.4283
75956.0	31.4073
75975.9	31.3863
75995.8	31.3653
76015.7	31.3443
76035.6	31.3233
76055.5	31.3023
76075.4	31.2813
76095.3	31.2603
76115.2	31.2393
76135.1	31.2183
76155.0	31.1973
76174.9	31.1763
76194.8	31.1553
76214.7	31.1342
76234.6	31.1132
76254.5	31.0922
76274.5	31.0712
76294.4	31.0502
76314.3	31.0292
76334.2	31.0082
76354.1	30.9872
76374.0	30.9662
76393.9	30.9463
76413.8	30.9269
76433.7	30.9074
76453.6	30.888
76473.5	30.8686
76493.4	30.8491
76513.3	30.8297
76533.2	30.8103
76553.1	30.7908
76573.0	30.7714
76592.9	30.752
76612.8	30.7325
76632.7	30.7131
76652.6	30.6937
76672.5	30.6742
76692.4	30.6548
76712.3	30.6354
76732.2	30.6159
76752.1	30.5965
76772.1	30.5771
76792.0	30.5576
76811.9	30.5382
76831.8	30.5188
76851.7	30.4993
76871.6	30.4799
76891.5	30.4605
76911.4	30.441
76931.3	30.4216
76951.2	30.4022
76971.1	30.3827
76991.0	30.3633
77010.9	30.3439
77030.8	30.3245
77050.7	30.305
77070.6	30.2856
77090.5	30.2662
77110.4	30.2467
77130.3	30.2273
77150.2	30.2078
77170.1	30.1884
77190.0	30.169
77209.9	30.1496
77229.8	30.1301
77249.8	30.1107
77269.6	30.0913
77289.6	30.0718
77309.5	30.0524
77329.4	30.033
77349.3	30.0135
77369.2	29.9941
77389.1	29.9747
77409.0	29.9552
77428.9	29.9358
77448.8	29.9164
77468.7	29.8969
77488.6	29.8775
77508.5	29.8581
77528.4	29.8386
77548.3	29.8192
77568.2	29.7998
77588.1	29.7803
77608.0	29.7609
77627.9	29.7415
77647.8	29.722
77667.7	29.7026
77687.6	29.6832
77707.5	29.6637
77727.4	29.6443
77747.4	29.6249
77767.3	29.6054
77787.2	29.586
77807.1	29.5666
77827.0	29.5471
77846.9	29.5277
77866.8	29.5083
77886.7	29.4892
77906.6	29.471
77926.5	29.4528
77946.4	29.4346
77966.3	29.4164
77986.2	29.3981
78006.1	29.3799
78026.0	29.3617
78045.9	29.3435
78065.8	29.3252
78085.7	29.307
78105.6	29.2888
78125.5	29.2706
78145.4	29.2523
78165.3	29.2341
78185.2	29.2159
78205.1	29.1977
78225.0	29.1795
78245.0	29.1612
78264.9	29.143
78284.8	29.1248
78304.7	29.1066
78324.6	29.0883
78344.5	29.0701
78364.4	29.0519
78384.3	29.0337
78404.2	29.0155
78424.1	28.9972
78444.0	28.979
78463.9	28.9608
78483.8	28.9426
78503.7	28.9243
78523.6	28.9061
78543.5	28.8879
78563.4	28.8697
78583.3	28.8514
78603.2	28.8332
78623.1	28.815
78643.0	28.7968
78662.9	28.7786
78682.8	28.7603
78702.7	28.7421
78722.6	28.7239
78742.5	28.7057
78762.5	28.6874
78782.4	28.6692
78802.3	28.651
78822.2	28.6328
78842.1	28.6146
78862.0	28.5963
78881.9	28.5781
78901.8	28.5599
78921.7	28.5417
78941.6	28.5234
78961.5	28.5052
78981.4	28.487
79001.3	28.4688
79021.2	28.4506
79041.1	28.4323
79061.0	28.4141
79080.9	28.3959
79100.8	28.3777
79120.7	28.3594
79140.6	28.3412
79160.5	28.323
79180.4	28.3048
79200.3	28.2866
79220.3	28.2683
79240.1	28.2501
79260.1	28.2319
79280.0	28.2137
79299.9	28.1954
79319.8	28.1772
79339.7	28.159
79359.6	28.1408
79379.5	28.1225
79399.4	28.1043
79419.3	28.0869
79439.2	28.0696
79459.1	28.0522
79479.0	28.0348
79498.9	28.0175
79518.8	28.0001
79538.7	27.9827
79558.6	27.9654
79578.5	27.948
79598.4	27.9306
79618.3	27.9133
79638.2	27.8959
79658.1	27.8785
79678.0	27.8612
79697.9	27.8438
79717.8	27.8264
79737.8	27.8091
79757.7	27.7917
79777.6	27.7743
79797.5	27.757
79817.4	27.7396
79837.3	27.7222
79857.2	27.7049
79877.1	27.6875
79897.0	27.6701
79916.9	27.6528
79936.8	27.6354
79956.7	27.618
79976.6	27.6007
79996.5	27.5833
80016.4	27.5664
80036.3	27.5496
80056.2	27.5328
80076.1	27.516
80096.0	27.4992
80115.9	27.4824
80135.8	27.4656
80155.7	27.4488
80175.6	27.432
80195.5	27.4152
80215.4	27.3984
80235.3	27.3816
80255.3	27.3648
80275.2	27.348
80295.1	27.3312
80315.0	27.3144
80334.9	27.2976
80354.8	27.2808
80374.7	27.264
80394.6	27.2472
80414.5	27.2304
80434.4	27.2136
80454.3	27.1968
80474.2	27.18
80494.1	27.1632
80514.0	27.1464
80533.9	27.1296
80553.8	27.1128
80573.7	27.096
80593.6	27.0792
80613.5	27.0624
80633.4	27.0456
80653.3	27.0288
80673.2	27.012
80693.1	26.9952
80713.0	26.9784
80732.9	26.9616
80752.9	26.9448
80772.8	26.928
80792.7	26.9112
80812.6	26.8944
80832.5	26.8776
80852.4	26.8608
80872.3	26.844
80892.2	26.8272
80912.1	26.8104
80932.0	26.7936
80951.9	26.7769
80971.8	26.7611
80991.7	26.7453
81011.6	26.7295
81031.5	26.7137
81051.4	26.6979
81071.3	26.6821
81091.2	26.6663
81111.1	26.6505
81131.0	26.6347
81150.9	26.6189
81170.8	26.6031
81190.7	26.5873
81210.6	26.5715
81230.5	26.5557
81250.4	26.5399
81270.4	26.5241
81290.3	26.5083
81310.2	26.4925
81330.1	26.4767
81350.0	26.4609
81369.9	26.4451
81389.8	26.4293
81409.7	26.4135
81429.6	26.3976
81449.5	26.3818
81469.4	26.366
81489.3	26.3502
81509.2	26.3344
81529.1	26.3186
81549.0	26.3028
81568.9	26.287
81588.8	26.2712
81608.7	26.2554
81628.6	26.2396
81648.5	26.2238
81668.4	26.208
81688.3	26.1922
81708.2	26.1764
81728.1	26.1606
81748.0	26.1448
81768.0	26.129
81787.9	26.1132
81807.8	26.0974
81827.7	26.0816
81847.6	26.0658
81867.5	26.05
81887.4	26.0342
81907.3	26.0184
81927.2	26.0026
81947.1	25.9868
81967.0	25.971
81986.9	25.9552
82006.8	25.9394
82026.7	25.9236
82046.6	25.9078
82066.5	25.892
82086.4	25.8762
82106.3	25.8604
82126.2	25.8446
82146.1	25.8288
82166.0	25.8129
82185.9	25.7971
82205.8	25.7813
82225.8	25.7655
82245.6	25.7497
82265.6	25.7339
82285.5	25.7181
82305.4	25.7023
82325.3	25.6865
82345.2	25.6707
82365.1	25.6549
82385.0	25.6391
82404.9	25.6233
82424.8	25.6075
82444.7	25.5917
82464.6	25.5759
82484.5	25.5601
82504.4	25.5443
82524.3	25.5285
82544.2	25.5129
82564.1	25.4981
82584.0	25.4833
82603.9	25.4685
82623.8	25.4538
82643.7	25.439
82663.6	25.4242
82683.5	25.4094
82703.4	25.3946
82723.3	25.3798
82743.3	25.365
82763.2	25.3502
82783.1	25.3355
82803.0	25.3207
82822.9	25.3059
82842.8	25.2911
82862.7	25.2763
82882.6	25.2615
82902.5	25.2467
82922.4	25.232
82942.3	25.2172
82962.2	25.2024
82982.1	25.1876
83002.0	25.1728
83021.9	25.158
83041.8	25.1432
83061.7	25.1284
83081.6	25.1137
83101.5	25.0989
83121.4	25.0841
83141.3	25.0693
83161.2	25.0545
83181.1	25.0397
83201.0	25.0249
83220.9	25.0101
83240.9	24.9954
83260.8	24.9806
83280.7	24.9658
83300.6	24.951
83320.5	24.9362
83340.4	24.9214
83360.3	24.9066
83380.2	24.8918
83400.1	24.8771
83420.0	24.8623
83439.9	24.8475
83459.8	24.8327
83479.7	24.8179
83499.6	24.8031
83519.5	24.7883
83539.4	24.7735
83559.3	24.7588
83579.2	24.744
83599.1	24.7292
83619.0	24.7144
83638.9	24.6996
83658.8	24.6848
83678.7	24.67
83698.6	24.6552
83718.5	24.6405
83738.5	24.6257
83758.4	24.6109
83778.3	24.5961
83798.2	24.5813
83818.1	24.5665
83838.0	24.5517
83857.9	24.537
83877.8	24.5222
83897.7	24.5074
83917.6	24.4926
83937.5	24.4778
83957.4	24.463
83977.3	24.4482
83997.2	24.4334
84017.1	24.4187
84037.0	24.4039
84056.9	24.3891
84076.8	24.3743
84096.7	24.3595
84116.6	24.3447
84136.5	24.3299
84156.4	24.3155
84176.3	24.3017
84196.2	24.288
84216.1	24.2742
84236.0	24.2605
84255.9	24.2467
84275.9	24.233
84295.8	24.2192
84315.7	24.2055
84335.6	24.1917
84355.5	24.178
84375.4	24.1642
84395.3	24.1505
84415.2	24.1367
84435.1	24.123
84455.0	24.1092
84474.9	24.0955
84494.8	24.0817
84514.7	24.068
84534.6	24.0542
84554.5	24.0405
84574.4	24.0267
84594.3	24.013
84614.2	23.9992
84634.1	23.9855
84654.0	23.9717
84673.9	23.958
84693.8	23.9442
84713.7	23.9305
84733.6	23.9167
84753.5	23.903
84773.5	23.8892
84793.4	23.8755
84813.3	23.8617
84833.2	23.848
84853.1	23.8342
84873.0	23.8205
84892.9	23.8068
84912.8	23.793
84932.7	23.7793
84952.6	23.7655
84972.5	23.7518
84992.4	23.738
85012.3	23.7243
85032.2	23.7105
85052.1	23.6968
85072.0	23.683
85091.9	23.6693
85111.8	23.6555
85131.7	23.6418
85151.6	23.628
85171.5	23.6143
85191.4	23.6005
85211.3	23.5868
85231.2	23.573
85251.1	23.5593
85271.1	23.5455
85291.0	23.5318
85310.9	23.518
85330.8	23.5043
85350.7	23.4905
85370.6	23.4768
85390.5	23.463
85410.4	23.4493
85430.3	23.4355
85450.2	23.4218
85470.1	23.408
85490.0	23.3943
85509.9	23.3805
85529.8	23.3668
85549.7	23.353
85569.6	23.3393
85589.5	23.3255
85609.4	23.3118
85629.3	23.298
85649.2	23.2843
85669.1	23.2705
85689.0	23.2568
85708.9	23.243
85728.8	23.2293
85748.8	23.2155
85768.7	23.2018
85788.6	23.188
85808.5	23.1747
85828.4	23.1618
85848.3	23.1489
85868.2	23.136
85888.1	23.1232
85908.0	23.1103
85927.9	23.0974
85947.8	23.0845
85967.7	23.0717
85987.6	23.0588
86007.5	23.0459
86027.4	23.033
86047.3	23.0202
86067.2	23.0073
86087.1	22.9944
86107.0	22.9815
86126.9	22.9687
86146.8	22.9558
86166.7	22.9429
86186.6	22.9301
86206.5	22.9172
86226.4	22.9043
86246.4	22.8914
86266.3	22.8786
86286.2	22.8657
86306.1	22.8528
86326.0	22.8399
86345.9	22.8271
86365.8	22.8142
86385.7	22.8013
86405.6	22.7884
86425.5	22.7756
86445.4	22.7627
86465.3	22.7498
86485.2	22.7369
86505.1	22.7241
86525.0	22.7112
86544.9	22.6983
86564.8	22.6855
86584.7	22.6726
86604.6	22.6597
86624.5	22.6468
86644.4	22.634
86664.3	22.6211
86684.2	22.6082
86704.1	22.5953
86724.0	22.5825
86744.0	22.5696
86763.9	22.5567
86783.8	22.5438
86803.7	22.531
86823.6	22.5181
86843.5	22.5052
86863.4	22.4923
86883.3	22.4795
86903.2	22.4666
86923.1	22.4537
86943.0	22.4408
86962.9	22.428
86982.8	22.4151
87002.7	22.4022
87022.6	22.3894
87042.5	22.3765
87062.4	22.3636
87082.3	22.3507
87102.2	22.3379
87122.1	22.325
87142.0	22.3121
87161.9	22.2992
87181.8	22.2864
87201.7	22.2735
87221.6	22.2606
87241.5	22.2477
87261.5	22.2349
87281.4	22.222
87301.3	22.2091
87321.2	22.1962
87341.1	22.1834
87361.0	22.1705
87380.9	22.1576
87400.8	22.1448
87420.7	22.1319
87440.6	22.119
87460.5	22.1061
87480.4	22.0935
87500.3	22.0812
87520.2	22.0689
87540.1	22.0566
87560.0	22.0443
87579.9	22.0319
87599.8	22.0196
87619.7	22.0073
87639.6	21.995
87659.5	21.9827
87679.4	21.9704
87699.3	21.958
87719.2	21.9457
87739.1	21.9334
87759.1	21.9211
87779.0	21.9088
87798.9	21.8964
87818.8	21.8841
87838.7	21.8718
87858.6	21.8595
87878.5	21.8472
87898.4	21.8349
87918.3	21.8225
87938.2	21.8102
87958.1	21.7979
87978.0	21.7856
87997.9	21.7733
88017.8	87.5627
88037.7	87.5129
88057.6	87.4631
88077.5	87.4133
88097.4	87.3636
88117.3	87.3138
88137.2	87.264
88157.1	87.2142
88177.0	87.1644
88196.9	87.1146
88216.8	87.0649
88236.7	87.0151
88256.6	86.9653
88276.6	86.9155
88296.5	86.8657
88316.4	86.8159
88336.3	86.7662
88356.2	86.7164
88376.1	86.6666
88396.0	86.6168
88415.9	86.567
88435.8	86.5172
88455.7	86.4674
88475.6	86.4177
88495.5	86.3679
88515.4	86.3181
88535.3	86.2683
88555.2	86.2185
88575.1	86.1688
88595.0	86.119
88614.9	86.0692
88634.8	86.0194
88654.7	85.9696
88674.6	85.9199
88694.5	85.8701
88714.4	85.8203
88734.3	85.7705
88754.3	85.7207
88774.1	85.6709
88794.1	85.6211
88814.0	85.5714
88833.9	85.5216
88853.8	85.4718
88873.7	85.422
88893.6	85.3722
88913.5	85.3224
88933.4	85.2727
88953.3	85.2229
88973.2	85.1731
88993.1	85.1233
89013.0	85.0735
89032.9	85.0238
89052.8	84.974
89072.7	84.9242
89092.6	84.8744
89112.5	84.8246
89132.4	84.7748
89152.3	84.725
89172.2	84.6753
89192.1	84.6276
89212.0	84.5812
89231.9	84.5349
89251.9	84.4885
89271.8	84.4422
89291.7	84.3958
89311.6	84.3495
89331.5	84.3031
89351.4	84.2568
89371.3	84.2104
89391.2	84.164
89411.1	84.1177
89431.0	84.0714
89450.9	84.025
89470.8	83.9787
89490.7	83.9323
89510.6	83.8859
89530.5	83.8396
89550.4	83.7932
89570.3	83.7469
89590.2	83.7005
89610.1	83.6542
89630.0	83.6078
89649.9	83.5615
89669.8	83.5151
89689.7	83.4688
89709.6	83.4224
89729.5	83.3761
89749.5	83.3297
89769.4	83.2834
89789.3	83.237
89809.2	83.1907
89829.1	83.1443
89849.0	83.0979
89868.9	83.0516
89888.8	83.0052
89908.7	82.9589
89928.6	82.9125
89948.5	82.8662
89968.4	82.8198
89988.3	82.7735
90008.2	82.7271
90028.1	82.6808
90048.0	82.6344
90067.9	82.5881
90087.8	82.5417
90107.7	82.4954
90127.6	82.449
90147.5	82.4027
90167.4	82.3563
90187.3	82.3099
90207.2	82.2636
90227.1	82.2172
90247.0	82.1709
90267.0	82.1245
90286.9	82.0782
90306.8	82.0318
90326.7	81.9855
90346.6	81.9391
90366.5	81.8928
90386.4	81.8464
90406.3	81.8001
90426.2	81.7537
90446.1	81.7074
90466.0	81.661
90485.9	81.6147
90505.8	81.5683
90525.7	81.5219
90545.6	81.4756
90565.5	81.4293
90585.4	81.3829
90605.3	81.3366
90625.2	81.2902
90645.1	81.2439
90665.0	81.1975
90684.9	81.1511
90704.8	81.1048
90724.8	81.0584
90744.6	81.0121
90764.6	80.9657
90784.5	80.9194
90804.4	80.873
90824.3	80.8267
90844.2	80.7803
90864.1	80.734
90884.0	80.6876
90903.9	80.6413
90923.8	80.5949
90943.7	80.5506
90963.6	80.5073
90983.5	80.4639
91003.4	80.4206
91023.3	80.3772
91043.2	80.3339
91063.1	80.2905
91083.0	80.2472
91102.9	80.2038
91122.8	80.1605
91142.7	80.1171
91162.6	80.0738
91182.5	80.0305
91202.4	79.9871
91222.3	79.9437
91242.3	79.9004
91262.2	79.857
91282.1	79.8137
91302.0	79.7704
91321.9	79.727
91341.8	79.6837
91361.7	79.6403
91381.6	79.597
91401.5	79.5536
91421.4	79.5103
91441.3	79.4669
91461.2	79.4236
91481.1	79.3802
91501.0	79.3369
91520.9	79.2935
91540.8	79.2502
91560.7	79.2068
91580.6	79.1635
91600.5	79.1201
91620.4	79.0768
91640.3	79.0334
91660.2	78.9901
91680.1	78.9467
91700.0	78.9034
91719.9	78.86
91739.9	78.8167
91759.8	78.7733
91779.7	78.73
91799.6	78.6866
91819.5	78.6433
91839.4	78.6
91859.3	78.5566
91879.2	78.5133
91899.1	78.4699
91919.0	78.4266
91938.9	78.3832
91958.8	78.3399
91978.7	78.2965
91998.6	78.2532
92018.5	78.2098
92038.4	78.1665
92058.3	78.1231
92078.2	78.0798
92098.1	78.0364
92118.0	77.9931
92137.9	77.9497
92157.8	77.9064
92177.7	77.863
92197.6	77.8197
92217.5	77.7763
92237.4	77.733
92257.4	77.6896
92277.3	77.6463
92297.2	77.6029
92317.1	77.5596
92337.0	77.5162
92356.9	77.4729
92376.8	77.4296
92396.7	77.3862
92416.6	77.3429
92436.5	77.2995
92456.4	77.2562
92476.3	77.2128
92496.2	77.1694
92516.1	77.1261
92536.0	77.0828
92555.9	77.0394
92575.8	76.9961
92595.7	76.9527
92615.6	76.9094
92635.5	76.866
92655.4	76.8227
92675.3	76.7793
92695.2	76.736
92715.1	76.6933
92735.0	76.6525
92754.9	76.6117
92774.9	76.5709
92794.8	76.5301
92814.7	76.4892
92834.6	76.4484
92854.5	76.4076
92874.4	76.3668
92894.3	76.326
92914.2	76.2852
92934.1	76.2444
92954.0	76.2036
92973.9	76.1628
92993.8	76.122
93013.7	76.0812
93033.6	76.0404
93053.5	75.9996
93073.4	75.9587
93093.3	75.9179
93113.2	75.8771
93133.1	75.8363
93153.0	75.7955
93172.9	75.7547
93192.8	75.7139
93212.7	75.6731
93232.6	75.6323
93252.5	75.5915
93272.5	75.5507
93292.4	75.5099
93312.3	75.469
93332.2	75.4282
93352.1	75.3874
93372.0	75.3466
93391.9	75.3058
93411.8	75.265
93431.7	75.2242
93451.6	75.1834
93471.5	75.1426
93491.4	75.1018
93511.3	75.061
93531.2	75.0201
93551.1	74.9793
93571.0	74.9385
93590.9	74.8977
93610.8	74.8569
93630.7	74.8161
93650.6	74.7753
93670.5	74.7345
93690.4	74.6937
93710.3	74.6529
93730.3	74.6121
93750.1	74.5713
93770.1	74.5305
93790.0	74.4897
93809.9	74.4488
93829.8	74.408
93849.7	74.3672
93869.6	74.3264
93889.5	74.2856
93909.4	74.2448
93929.3	74.204
93949.2	74.1632
93969.1	74.1224
93989.0	74.0816
94008.9	74.0408
94028.8	74.0
94048.7	73.9591
94068.6	73.9183
94088.5	73.8775
94108.4	73.8367
94128.3	73.7959
94148.2	73.7551
94168.1	73.7143
94188.0	73.6735
94207.9	73.6327
94227.8	73.5919
94247.8	73.5511
94267.7	73.5103
94287.6	73.4695
94307.5	73.4286
94327.4	73.3878
94347.3	73.347
94367.2	73.3062
94387.1	73.2654
94407.0	73.2246
94426.9	73.1838
94446.8	73.143
94466.7	73.1022
94486.6	73.0614
94506.5	73.0206
94526.4	72.9807
94546.3	72.9429
94566.2	72.9052
94586.1	72.8674
94606.0	72.8296
94625.9	72.7918
94645.8	72.754
94665.7	72.7162
94685.6	72.6784
94705.5	72.6406
94725.4	72.6029
94745.4	72.5651
94765.3	72.5273
94785.2	72.4895
94805.1	72.4517
94825.0	72.4139
94844.9	72.3761
94864.8	72.3383
94884.7	72.3006
94904.6	72.2628
94924.5	72.225
94944.4	72.1872
94964.3	72.1494
94984.2	72.1116
95004.1	72.0738
95024.0	72.0361
95043.9	71.9983
95063.8	71.9605
95083.7	71.9227
95103.6	71.8849
95123.5	71.8471
95143.4	71.8093
95163.3	71.7716
95183.2	71.7338
95203.1	71.696
95223.0	71.6582
95243.0	71.6204
95262.9	71.5826
95282.8	71.5448
95302.7	71.507
95322.6	71.4693
95342.5	71.4315
95362.4	71.3937
95382.3	71.3559
95402.2	71.3181
95422.1	71.2803
95442.0	71.2425
95461.9	71.2048
95481.8	71.167
95501.7	71.1292
95521.6	71.0914
95541.5	71.0536
95561.4	71.0158
95581.3	70.978
95601.2	70.9402
95621.1	70.9025
95641.0	70.8647
95660.9	70.8269
95680.8	70.7891
95700.7	70.7513
95720.6	70.7135
95740.6	70.6757
95760.5	70.6379
95780.4	70.6002
95800.3	70.5624
95820.2	70.5246
95840.1	70.4868
95860.0	70.449
95879.9	70.4112
95899.8	70.3734
95919.7	70.3356
95939.6	70.2979
95959.5	70.2601
95979.4	70.2223
95999.3	70.1845
96019.2	70.1467
96039.1	70.1089
96059.0	70.0712
96078.9	70.0334
96098.8	69.9956
96118.7	69.9578
96138.6	69.92
96158.5	69.8822
96178.4	69.8444
96198.3	69.8066
96218.2	69.7689
96238.1	69.7311
96258.0	69.6933
96278.0	69.6555
96297.9	69.6177
96317.8	69.5799
96337.7	69.5421
96357.6	69.5043
96377.5	69.4676
96397.4	69.4325
96417.3	69.3974
96437.2	69.3623
96457.1	69.3273
96477.0	69.2922
96496.9	69.2571
96516.8	69.222
96536.7	69.187
96556.6	69.1519
96576.5	69.1168
96596.4	69.0817
96616.3	69.0466
96636.2	69.0116
96656.1	68.9765
96676.0	68.9414
96695.9	68.9063
96715.8	68.8712
96735.7	68.8362
96755.6	68.8011
96775.6	68.766
96795.5	68.7309
96815.4	68.6958
96835.3	68.6608
96855.2	68.6257
96875.1	68.5906
96895.0	68.5555
96914.9	68.5204
96934.8	68.4854
96954.7	68.4503
96974.6	68.4152
96994.5	68.3801
97014.4	68.345
97034.3	68.31
97054.2	68.2749
97074.1	68.2398
97094.0	68.2047
97113.9	68.1696
97133.8	68.1346
97153.7	68.0995
97173.6	68.0644
97193.5	68.0293
97213.4	67.9942
97233.3	67.9592
97253.3	67.9241
97273.2	67.889
97293.1	67.8539
97313.0	67.8188
97332.9	67.7838
97352.8	67.7487
97372.7	67.7136
97392.6	67.6785
97412.5	67.6435
97432.4	67.6084
97452.3	67.5733
97472.2	67.5382
97492.1	67.5031
97512.0	67.4681
97531.9	67.433
97551.8	67.3979
97571.7	67.3628
97591.6	67.3278
97611.5	67.2927
97631.4	67.2576
97651.3	67.2225
97671.2	67.1874
97691.1	67.1524
97711.0	67.1173
97730.9	67.0822
97750.9	67.0471
97770.8	67.012
97790.7	66.977
97810.6	66.9419
97830.5	66.9068
97850.4	66.8717
97870.3	66.8366
97890.2	66.8016
97910.1	66.7665
97930.0	66.7314
97949.9	66.6963
97969.8	66.6613
97989.7	66.6262
98009.6	66.5911
98029.5	66.556
98049.4	66.5209
98069.3	66.4859
98089.2	66.4508
98109.1	66.4157
98129.0	66.3806
98148.9	66.3455
98168.8	66.3105
98188.7	66.2754
98208.6	66.2403
98228.5	66.2052
98248.5	66.1701
98268.4	66.1368
98288.3	66.1037
98308.2	66.0705
98328.1	66.0373
98348.0	66.0042
98367.9	65.971
98387.8	65.9378
98407.7	65.9047
98427.6	65.8715
98447.5	65.8384
98467.4	65.8052
98487.3	65.772
98507.2	65.7389
98527.1	65.7057
98547.0	65.6725
98566.9	65.6394
98586.8	65.6062
98606.7	65.5731
98626.6	65.5399
98646.5	65.5067
98666.4	65.4736
98686.3	65.4404
98706.2	65.4072
98726.1	65.3741
98746.0	65.3409
98766.0	65.3078
98785.9	65.2746
98805.8	65.2414
98825.7	65.2083
98845.6	65.1751
98865.5	65.142
98885.4	65.1088
98905.3	65.0756
98925.2	65.0424
98945.1	65.0093
98965.0	64.9761
98984.9	64.943
99004.8	64.9098
99024.7	64.8766
99044.6	64.8435
99064.5	64.8103
99084.4	64.7771
99104.3	64.744
99124.2	64.7108
99144.1	64.6777
99164.0	64.6445
99183.9	64.6113
99203.8	64.5782
99223.8	64.545
99243.6	64.5119
99263.6	64.4787
99283.5	64.4455
99303.4	64.4124
99323.3	64.3792
99343.2	64.346
99363.1	64.3129
99383.0	64.2797
99402.9	64.2465
99422.8	64.2134
99442.7	64.1802
99462.6	64.1471
99482.5	64.1139
99502.4	64.0807
99522.3	64.0476
99542.2	64.0144
99562.1	63.9813
99582.0	63.9481
99601.9	63.9149
99621.8	63.8818
99641.7	63.8486
99661.6	63.8154
99681.5	63.7823
99701.4	63.7491
99721.3	63.7159
99741.3	63.6828
99761.2	63.6496
99781.1	63.6165
99801.0	63.5833
99820.9	63.5501
99840.8	63.517
99860.7	63.4838
99880.6	63.4506
99900.5	63.4175
99920.4	63.3843
99940.3	63.3512
99960.2	63.318
99980.1	63.2848
100000.0	63.2517