5e-07	5e-07	1.0002818587811301e-10
5e-07	0.1000005	1.9870653957717457e-05
5e-07	0.30000000000000004	1.90786902320783e-05
5e-07	0.5	1.756368801447692e-05
5e-07	0.7000000000000001	1.5471761075453708e-05
5e-07	0.9	1.3019502038633215e-05
5e-07	1.1	1.0458780175976506e-05
5e-07	1.3	8.023775687020886e-06
5e-07	1.5	5.8862270723206515e-06
5e-07	1.7	4.136305911893528e-06
5e-07	1.9	2.7893787394568205e-06
5e-07	2.0999999999999996	1.808121937636734e-06
5e-07	2.3	1.1279350426157708e-06
5e-07	2.5	6.775596329787279e-07
5e-07	2.7	3.9197484463862137e-07
5e-07	2.9000000000000004	2.1830820497506692e-07
5e-07	3.1000000000000005	1.169788889992725e-07
5e-07	3.3000000000000007	6.025827963953553e-08
5e-07	3.500000000000001	2.981289715827526e-08
5e-07	3.700000000000001	1.415341628250588e-08
5e-07	3.899999500000001	6.441361235825203e-09
5e-07	3.9999995000000013	2.0801128691997378e-14
0.42500049999999995	5e-07	8.498656289166992e-05
0.42500049999999995	0.1000005	16.882596521932403
0.42500049999999995	0.30000000000000004	16.209549003503014
0.42500049999999995	0.5	14.922060766214718
0.42500049999999995	0.7000000000000001	13.144352463254219
0.42500049999999995	0.9	11.06053274209738
0.42500049999999995	1.1	8.884663395725703
0.42500049999999995	1.3	6.8157421630133745
0.42500049999999995	1.5	4.999677925210244
0.42500049999999995	1.7	3.5130515698418368
0.42500049999999995	1.9	2.368876089067798
0.42500049999999995	2.0999999999999996	1.5353996486672021
0.42500049999999995	2.3	0.9577059993322042
0.42500049999999995	2.5	0.5752347821325593
0.42500049999999995	2.7	0.33273618352015727
0.42500049999999995	2.9000000000000004	0.1852893743035267
0.42500049999999995	3.1000000000000005	0.09927062100827583
0.42500049999999995	3.3000000000000007	0.05112775974819292
0.42500049999999995	3.500000000000001	0.025290934938603647
0.42500049999999995	3.700000000000001	0.012004289527909044
0.42500049999999995	3.899999500000001	0.005462117262696172
0.42500049999999995	3.9999995000000013	1.7636619016761662e-08
1.275	5e-07	8.476345074716733e-05
1.275	0.1000005	16.838090670186187
1.275	0.30000000000000004	16.165768008243194
1.275	0.5	14.879851880437464
1.275	0.7000000000000001	13.104705906232542
1.275	0.9	11.02446846272074
1.275	1.1	8.853040048883482
1.275	1.3	6.789087340564679
1.275	1.5	4.97810888797524
1.275	1.7	3.4962973359197544
1.275	1.9	2.3563749422755684
1.275	2.0999999999999996	1.5264303710042606
1.275	2.3	0.9515123706147313
1.275	2.5	0.5711165182089241
1.275	2.7	0.3300998621748084
1.275	2.9000000000000004	0.18366568166529482
1.275	3.1000000000000005	0.09830949617463865
1.275	3.3000000000000007	0.05058162748088498
1.275	3.500000000000001	0.02499341398951637
1.275	3.700000000000001	0.011849080860877105
1.275	3.899999500000001	0.005384670608668534
1.275	3.9999995000000013	1.73733815810036e-08
2.125	5e-07	8.431421375741943e-05
2.125	0.1000005	16.748480799355242
2.125	0.30000000000000004	16.07763152133213
2.125	0.5	14.794905874568848
2.125	0.7000000000000001	13.024949675366601
2.125	0.9	10.951954838188994
2.125	1.1	8.789491678332128
2.125	1.3	6.735557273709782
2.125	1.5	4.934822271123926
2.125	1.7	3.4626985754403594
2.125	1.9	2.3313254351484463
2.125	2.0999999999999996	1.5084736487964774
2.125	2.3	0.9391242494835869
2.125	2.5	0.5628879579659202
2.125	2.7	0.32483828708242063
2.125	2.9000000000000004	0.1804291668443255
2.125	3.1000000000000005	0.09639631623150573
2.125	3.3000000000000007	0.049496150148791905
2.125	3.500000000000001	0.02440303648915813
2.125	3.700000000000001	0.011541641279617744
2.125	3.899999500000001	0.005231554554368656
2.125	3.9999995000000013	1.685353209475443e-08
2.9749999999999996	5e-07	8.36332311758722e-05
2.9749999999999996	0.1000005	16.612650006854196
2.9749999999999996	0.30000000000000004	15.944067415638179
2.9749999999999996	0.5	14.666237311707155
2.9749999999999996	0.7000000000000001	12.904220631331823
2.9749999999999996	0.9	10.84227576079275
2.9749999999999996	1.1	8.693459713056917
2.9749999999999996	1.3	6.654746065746106
2.9749999999999996	1.5	4.86954782566013
2.9749999999999996	1.7	3.4120947435128217
2.9749999999999996	1.9	2.293647707547049
2.9749999999999996	2.0999999999999996	1.4815030810903846
2.9749999999999996	2.3	0.9205466780121914
2.9749999999999996	2.5	0.5505692997707993
2.9749999999999996	2.7	0.31697630530542886
2.9749999999999996	2.9000000000000004	0.17560317855548085
2.9749999999999996	3.1000000000000005	0.09355012520576436
2.9749999999999996	3.3000000000000007	0.0478853789807314
2.9749999999999996	3.500000000000001	0.023529361079280425
2.9749999999999996	3.700000000000001	0.011088024410111858
2.9749999999999996	3.899999500000001	0.005006358523206037
2.9749999999999996	3.9999995000000013	1.609040717163402e-08
3.8249999999999997	5e-07	8.271166040689305e-05
3.8249999999999997	0.1000005	16.428842048499853
3.8249999999999997	0.30000000000000004	15.763390225197545
3.8249999999999997	0.5	14.492298380916843
3.8249999999999997	0.7000000000000001	12.74116498224427
3.8249999999999997	0.9	10.694309986248626
3.8249999999999997	1.1	8.564071178378423
3.8249999999999997	1.3	6.54602139523852
3.8249999999999997	1.5	4.781865822116437
3.8249999999999997	1.7	3.3442373470927995
3.8249999999999997	1.9	2.2432187659262843
3.8249999999999997	2.0999999999999996	1.4454786848568502
3.8249999999999997	2.3	0.8957880637773841
3.8249999999999997	2.5	0.5341922362542927
3.8249999999999997	2.7	0.30655241981166587
3.8249999999999997	2.9000000000000004	0.16922369951102825
3.8249999999999997	3.1000000000000005	0.08980010703710349
3.8249999999999997	3.3000000000000007	0.04577073823845995
3.8249999999999997	3.500000000000001	0.02238688296601585
3.8249999999999997	3.700000000000001	0.010497358546745645
3.8249999999999997	3.899999500000001	0.004714463116022999
3.8249999999999997	3.9999995000000013	1.510392997685062e-08
4.675	5e-07	8.153720815068513e-05
4.675	0.1000005	16.194614932755158
4.675	0.30000000000000004	15.533258139534876
4.675	0.5	14.270941279161544
4.675	0.7000000000000001	12.533907530354234
4.675	0.9	10.506508319821803
4.675	1.1	8.400124350163987
4.675	1.3	6.408517252112383
4.675	1.5	4.671205546721075
4.675	1.7	3.258792640112363
4.675	1.9	2.1798772084032336
4.675	2.0999999999999996	1.4003519479468634
4.675	2.3	0.8648648723675855
4.675	2.5	0.5138036833694566
4.675	2.7	0.293621607456612
4.675	2.9000000000000004	0.16134120033598004
4.675	3.1000000000000005	0.0851867157676604
4.675	3.3000000000000007	0.04318161873004685
4.675	3.500000000000001	0.020995303274959888
4.675	3.700000000000001	0.009781937398382014
4.675	3.899999500000001	0.0043630473153701615
4.675	3.9999995000000013	1.392054571736296e-08
5.5249999999999995	5e-07	8.00936426140086e-05
5.5249999999999995	0.1000005	15.906745217096173
5.5249999999999995	0.30000000000000004	15.250582324846508
5.5249999999999995	0.5	13.999337356175507
5.5249999999999995	0.7000000000000001	12.279984882104321
5.5249999999999995	0.9	10.27684309229246
5.5249999999999995	1.1	8.200054155651332
5.5249999999999995	1.3	6.241113444068284
5.5249999999999995	1.5	4.5368364025435515
5.5249999999999995	1.7	3.1553398892155253
5.5249999999999995	1.9	2.1034260158189655
5.5249999999999995	2.0999999999999996	1.3460707636656788
5.5249999999999995	2.3	0.8278069463365705
5.5249999999999995	2.5	0.489470329715654
5.5249999999999995	2.7	0.2782587706355558
5.5249999999999995	2.9000000000000004	0.15202300156054788
5.5249999999999995	3.1000000000000005	0.07976307866383235
5.5249999999999995	3.3000000000000007	0.040156125661035505
5.5249999999999995	3.500000000000001	0.019379850350745877
5.5249999999999995	3.700000000000001	0.008957312346873341
5.5249999999999995	3.899999500000001	0.003961080647214888
5.5249999999999995	3.9999995000000013	1.2573064552341465e-08
6.374999999999999	5e-07	7.83601149735885e-05
6.374999999999999	0.1000005	15.561093229463664
6.374999999999999	0.30000000000000004	14.911399842670003
6.374999999999999	0.5	13.673865231692254
6.374999999999999	0.7000000000000001	11.97625305665965
6.374999999999999	0.9	10.002737823185148
6.374999999999999	1.1	7.961884667518633
6.374999999999999	1.3	6.042408559541107
6.374999999999999	1.5	4.377856267043916
6.374999999999999	1.7	3.0333709949800642
6.374999999999999	1.9	2.013637979466294
6.374999999999999	2.0999999999999996	1.282587142049408
6.374999999999999	2.3	0.7846651385276652
6.374999999999999	2.5	0.46128525634863793
6.374999999999999	2.7	0.26056361686738594
6.374999999999999	2.9000000000000004	0.1413564731613535
6.374999999999999	3.1000000000000005	0.07359688641899545
6.374999999999999	3.3000000000000007	0.03674202292471608
6.374999999999999	3.500000000000001	0.017571663793590743
6.374999999999999	3.700000000000001	0.008042385510385976
6.374999999999999	3.899999500000001	0.003519294960794123
6.374999999999999	3.9999995000000013	1.1100392876775944e-08
7.224999999999999	5e-07	7.631021780723689e-05
7.224999999999999	0.1000005	15.152416579945648
7.224999999999999	0.30000000000000004	14.510698391118671
7.224999999999999	0.5	13.289955978274548
7.224999999999999	0.7000000000000001	11.618760874390231
7.224999999999999	0.9	9.680973226699681
7.224999999999999	1.1	7.683166779147677
7.224999999999999	1.3	5.810685536103459
7.224999999999999	1.5	4.193178599888121
7.224999999999999	1.7	2.8922911949461825
7.224999999999999	1.9	1.910264270562984
7.224999999999999	2.0999999999999996	1.209868715027138
7.224999999999999	2.3	0.7355226490666157
7.224999999999999	2.5	0.4293771370700639
7.224999999999999	2.7	0.24066735301997705
7.224999999999999	2.9000000000000004	0.1294533602987575
7.224999999999999	3.1000000000000005	0.06677283285026446
7.224999999999999	3.3000000000000007	0.03299791603848037
7.224999999999999	3.500000000000001	0.01560823702529626
7.224999999999999	3.700000000000001	0.007059486735688828
7.224999999999999	3.899999500000001	0.0030501196278374734
7.224999999999999	3.9999995000000013	9.547083981779256e-09
8.075	5e-07	7.391068640589576e-05
8.075	0.1000005	14.674113022923825
8.075	0.30000000000000004	14.042175089991352
8.075	0.5	12.841881622521825
8.075	0.7000000000000001	11.202579020145748
8.075	0.9	9.307560972113924
8.075	1.1	7.360896917112356
8.075	1.3	5.543868978474832
8.075	1.5	3.981518954416089
8.075	1.7	2.731424468332775
8.075	1.9	1.7930493763947928
8.075	2.0999999999999996	1.1279163705449513
8.075	2.3	0.6805113206718801
8.075	2.5	0.39392326509503883
8.075	2.7	0.21874183731160185
8.075	2.9000000000000004	0.1164554858173453
8.075	3.1000000000000005	0.05939571791473196
8.075	3.3000000000000007	0.02899466291691188
8.075	3.500000000000001	0.013533879609722289
8.075	3.700000000000001	0.0060343950349022795
8.075	3.899999500000001	0.0025675571167457197
8.075	3.9999995000000013	7.962620904504789e-09
8.924999999999999	5e-07	7.111958028534478e-05
8.924999999999999	0.1000005	14.117861461908204
8.924999999999999	0.30000000000000004	13.49790058432265
8.924999999999999	0.5	12.322462863935181
8.924999999999999	0.7000000000000001	10.721565423193663
8.924999999999999	0.9	8.877575312537834
8.924999999999999	1.1	6.991412288488447
8.924999999999999	1.3	5.239474425953554
8.924999999999999	1.5	3.741383611925322
8.924999999999999	1.7	2.550026752585608
8.924999999999999	1.9	1.6617556315397826
8.924999999999999	2.0999999999999996	1.0367915225843805
8.924999999999999	2.3	0.6198357368413209
8.924999999999999	2.5	0.3551680658013027
8.924999999999999	2.7	0.1950121603129779
8.924999999999999	2.9000000000000004	0.10254226579264174
8.924999999999999	3.1000000000000005	0.051594328439332315
8.924999999999999	3.3000000000000007	0.024816987477760948
8.924999999999999	3.500000000000001	0.011400136771628851
8.924999999999999	3.700000000000001	0.004996253490575629
8.924999999999999	3.899999500000001	0.0020869616772881587
8.924999999999999	3.9999995000000013	6.4002986752828866e-09
9.774999999999999	5e-07	6.788372129540547e-05
9.774999999999999	0.1000005	13.473114471292694
9.774999999999999	0.30000000000000004	12.867845765065896
9.774999999999999	0.5	11.722660797784316
9.774999999999999	0.7000000000000001	10.168043963222342
9.774999999999999	0.9	8.384927115484924
9.774999999999999	1.1	6.570256970187802
9.774999999999999	1.3	4.894550926960378
9.774999999999999	1.5	3.471066512221296
9.774999999999999	1.7	2.347314111882731
9.774999999999999	1.9	1.5162052535796566
9.774999999999999	2.0999999999999996	0.9366584613278854
9.774999999999999	2.3	0.5538092848148737
9.774999999999999	2.5	0.31344973102082846
9.774999999999999	2.7	0.16977396195829483
9.774999999999999	2.9000000000000004	0.08794057397171783
9.774999999999999	3.1000000000000005	0.04352617294478284
9.774999999999999	3.3000000000000007	0.020565213378994026
9.774999999999999	3.500000000000001	0.009266047515364825
9.774999999999999	3.700000000000001	0.003977284020549285
9.774999999999999	3.899999500000001	0.0016246701884189444
9.774999999999999	3.9999995000000013	4.915524854716741e-09
10.624999999999998	5e-07	6.413497765480486e-05
10.624999999999998	0.1000005	12.726365059843578
10.624999999999998	0.30000000000000004	12.139202313164683
10.624999999999998	0.5	11.030996786780586
10.624999999999998	0.7000000000000001	9.532356023414106
10.624999999999998	0.9	7.822060686889412
10.624999999999998	1.1	6.092014789990498
10.624999999999998	1.3	4.505623471566751
10.624999999999998	1.5	3.168666227258314
10.624999999999998	1.7	2.122520871389903
10.624999999999998	1.9	1.3563520022465008
10.624999999999998	2.0999999999999996	0.8278527003078485
10.624999999999998	2.3	0.482909027260612
10.624999999999998	2.5	0.269238974644854
10.624999999999998	2.7	0.1434174913432184
10.624999999999998	2.9000000000000004	0.07293760363009968
10.624999999999998	3.1000000000000005	0.03538309767974314
10.624999999999998	3.3000000000000007	0.01635689354730255
10.624999999999998	3.500000000000001	0.00719802676751052
10.624999999999998	3.700000000000001	0.0030121571490540713
10.624999999999998	3.899999500000001	0.0011974063610641855
10.624999999999998	3.9999995000000013	3.5632888897941477e-09
11.474999999999998	5e-07	5.978476434919712e-05
11.474999999999998	0.1000005	11.860061314011881
11.474999999999998	0.30000000000000004	11.295382894448249
11.474999999999998	0.5	10.232711877577097
11.474999999999998	0.7000000000000001	8.802229025240626
11.474999999999998	0.9	7.179547365784328
11.474999999999998	1.1	5.550109618960185
11.474999999999998	1.3	4.0686537353523
11.474999999999998	1.5	2.832150438143965
11.474999999999998	1.7	1.8750151211221513
11.474999999999998	1.9	1.1824080424980787
11.474999999999998	2.0999999999999996	0.7109930828060221
11.474999999999998	2.3	0.4078616708101857
11.474999999999998	2.5	0.2231966669188091
11.474999999999998	2.7	0.11646122113347507
11.474999999999998	2.9000000000000004	0.05789738737879453
11.474999999999998	3.1000000000000005	0.027397478583185385
11.474999999999998	3.3000000000000007	0.012327855865440286
11.474999999999998	3.500000000000001	0.005268969548119817
11.474999999999998	3.700000000000001	0.00213677806127424
11.474999999999998	3.899999500000001	0.0008213504866483436
11.474999999999998	3.9999995000000013	2.3944794462868623e-09
12.324999999999998	5e-07	5.471564952085148e-05
12.324999999999998	0.1000005	10.850952170677516
12.324999999999998	0.30000000000000004	10.314511720161134
12.324999999999998	0.5	9.30852478982995
12.324999999999998	0.7000000000000001	7.96187920827751
12.324999999999998	0.9	6.445552775581093
12.324999999999998	1.1	4.9365950938549075
12.324999999999998	1.3	3.579070271725152
12.324999999999998	1.5	2.4595302326526793
12.324999999999998	1.7	1.6045318780240325
12.324999999999998	1.9	0.9950739637616627
12.324999999999998	2.0999999999999996	0.5871731707248544
12.324999999999998	2.3	0.32978168060512075
12.324999999999998	2.5	0.17626088845455826
12.324999999999998	2.7	0.08959880999475486
12.324999999999998	2.9000000000000004	0.043281252004718315
12.324999999999998	3.1000000000000005	0.019848027952365267
12.324999999999998	3.3000000000000007	0.00863158686129977
12.324999999999998	3.500000000000001	0.0035558486278107677
12.324999999999998	3.700000000000001	0.001386114803484814
12.324999999999998	3.899999500000001	0.0005107273634345738
12.324999999999998	3.9999995000000013	1.4506766368144645e-09
13.174999999999997	5e-07	4.876813580610708e-05
13.174999999999997	0.1000005	9.66748981489762
13.174999999999997	0.30000000000000004	9.16708576702937
13.174999999999997	0.5	8.232766051864008
13.174999999999997	0.7000000000000001	6.990747571699186
13.174999999999997	0.9	5.605188054644986
13.174999999999997	1.1	4.242029962298081
13.174999999999997	1.3	3.032008840197455
13.174999999999997	1.5	2.049294959021389
13.174999999999997	1.7	1.3116587485897193
13.174999999999997	1.9	0.7959774636710362
13.174999999999997	2.0999999999999996	0.4583010254594557
13.174999999999997	2.3	0.2504007882763321
13.174999999999997	2.5	0.1297805719333698
13.174999999999997	2.7	0.0637636710781114
13.174999999999997	2.9000000000000004	0.02967076142545652
13.174999999999997	3.1000000000000005	0.013062379895631308
13.174999999999997	3.3000000000000007	0.005434677920321503
13.174999999999997	3.500000000000001	0.00213449056681415
13.174999999999997	3.700000000000001	0.0007904917112880542
13.174999999999997	3.899999500000001	0.0002757434402452404
13.174999999999997	3.9999995000000013	7.57124700933503e-10
14.024999999999997	5e-07	4.171932392189101e-05
14.024999999999997	0.1000005	8.265648245524927
14.024999999999997	0.30000000000000004	7.812295034620054
14.024999999999997	0.5	6.97059942039165
14.024999999999997	0.7000000000000001	5.8618336677097584
14.024999999999997	0.9	4.639939916257474
14.024999999999997	1.1	3.455787199045042
14.024999999999997	1.3	2.423178188880984
14.024999999999997	1.5	1.6015091489468964
14.024999999999997	1.7	0.9989074344461863
14.024999999999997	1.9	0.5885590360995622
14.024999999999997	2.0999999999999996	0.32773472908083634
14.024999999999997	2.3	0.17246209017536243
14.024999999999997	2.5	0.08572102882958207
14.024999999999997	2.7	0.04021202845157799
14.024999999999997	2.9000000000000004	0.017785671386435907
14.024999999999997	3.1000000000000005	0.007408943990413587
14.024999999999997	3.3000000000000007	0.0029034883890006486
14.024999999999997	3.500000000000001	0.0010692105965604069
14.024999999999997	3.700000000000001	0.00036956701439480393
14.024999999999997	3.899999500000001	0.00011976453855967213
14.024999999999997	3.9999995000000013	3.1407877093492447e-10
14.874999999999996	5e-07	3.324881831548946e-05
14.874999999999996	0.1000005	6.582292602850449
14.874999999999996	0.30000000000000004	6.192452420949322
14.874999999999996	0.5	5.474319976796319
14.874999999999996	0.7000000000000001	4.540218280242228
14.874999999999996	0.9	3.52825743462395
14.874999999999996	1.1	2.568145884716885
14.874999999999996	1.3	1.7517281374216278
14.874999999999996	1.5	1.1207799915344976
14.874999999999996	1.7	0.6732927159134091
14.874999999999996	1.9	0.38001038012295724
14.874999999999996	2.0999999999999996	0.2015420548462584
14.874999999999996	2.3	0.10041219810062575
14.874999999999996	2.5	0.046965100926169914
14.874999999999996	2.7	0.020603709421408926
14.874999999999996	2.9000000000000004	0.00846930971149678
14.874999999999996	3.1000000000000005	0.003258380737464517
14.874999999999996	3.3000000000000007	0.0011719621816943101
14.874999999999996	3.500000000000001	0.0003936328383884826
14.874999999999996	3.700000000000001	0.00012332547663318727
14.874999999999996	3.899999500000001	3.600226483884793e-05
14.874999999999996	3.9999995000000013	8.839698860547158e-11
15.724999999999996	5e-07	2.289719197659175e-05
15.724999999999996	0.1000005	4.527321488442762
15.724999999999996	0.30000000000000004	4.227663589229282
15.724999999999996	0.5	3.682320241491837
15.724999999999996	0.7000000000000001	2.9868257977858974
15.724999999999996	0.9	2.2533003024495555
15.724999999999996	1.1	1.5803340242668005
15.724999999999996	1.3	1.0306675342910987
15.724999999999996	1.5	0.6254661280892675
15.724999999999996	1.7	0.3533948913598045
15.724999999999996	1.9	0.1859569308521674
15.724999999999996	2.0999999999999996	0.09112115749481028
15.724999999999996	2.3	0.04156164839083618
15.724999999999996	2.5	0.01763339036473335
15.724999999999996	2.7	0.006953123023353766
15.724999999999996	2.9000000000000004	0.0025457453250835827
15.724999999999996	3.1000000000000005	0.0008645897621727077
15.724999999999996	3.3000000000000007	0.00027209929941499945
15.724999999999996	3.500000000000001	7.927388469693475e-05
15.724999999999996	3.700000000000001	2.1359286063923397e-05
15.724999999999996	3.899999500000001	5.317058124344852e-06
15.724999999999996	3.9999995000000013	1.179023464497584e-11
16.574999499999993	5e-07	1.0228730344793519e-05
16.574999499999993	0.1000005	2.017402388168624
16.574999499999993	0.30000000000000004	1.8559858762847916
16.574999499999993	0.5	1.5691247421220211
16.574999499999993	0.7000000000000001	1.2172190139718486
16.574999499999993	0.9	0.8653167552563787
16.574999499999993	1.1	0.5634632145881863
16.574999499999993	1.3	0.33614689350764354
16.574999499999993	1.5	0.18383106727408124
16.574999499999993	1.7	0.09221669436354336
16.574999499999993	1.9	0.04245232389315822
16.574999499999993	2.0999999999999996	0.017938104607370987
16.574999499999993	2.3	0.006956439394463799
16.574999499999993	2.5	0.0024749191477636432
16.574999499999993	2.7	0.0008072643565683896
16.574999499999993	2.9000000000000004	0.00024119811829637398
16.574999499999993	3.1000000000000005	6.594491681329835e-05
16.574999499999993	3.3000000000000007	1.6478780481009706e-05
16.574999499999993	3.500000000000001	3.7588084983111855e-06
16.574999499999993	3.700000000000001	7.81581662146815e-07
16.574999499999993	3.899999500000001	1.4794456625508694e-07
16.574999499999993	3.9999995000000013	2.738315742220594e-13