500.0	8307.17
519.904	8122.1
539.808	7937.03
559.712	7751.96
579.616	7566.89
599.52	7381.82
619.424	7196.75
639.328	7011.68
659.232	6826.61
679.136	6641.54
699.04	6456.47
718.944	6271.4
738.848	6086.33
758.752	5901.25
778.656	5716.18
798.56	5531.11
818.464	5346.04
838.368	5160.97
858.272	4975.9
878.176	4790.83
898.08	4605.76
917.984	4420.69
937.888	4235.62
957.792	4050.55
977.696	3865.48
997.599	3680.41
1017.5	3495.34
1037.41	3320.56
1057.31	3155.2
1077.22	3005.04
1097.12	2862.3
1117.02	2726.32
1136.93	2601.69
1156.83	2487.25
1176.74	2376.33
1196.64	2271.94
1216.54	2176.04
1236.45	2081.54
1256.35	1994.95
1276.26	1914.8
1296.16	1838.08
1316.06	1765.28
1335.97	1696.99
1355.87	1631.97
1375.78	1569.22
1395.68	1510.59
1415.58	1456.27
1435.49	1402.49
1455.39	1351.69
1475.3	1303.41
1495.2	1258.15
1515.1	1215.74
1535.01	1173.53
1554.91	1132.04
1574.81	1094.44
1594.72	1058.2
1614.62	1023.55
1634.53	990.606
1654.43	958.515
1674.33	928.062
1694.24	898.858
1714.14	870.833
1734.05	844.1
1753.95	818.108
1773.85	794.242
1793.76	771.002
1813.66	748.557
1833.57	726.427
1853.47	7349.35
1873.37	7224.41
1893.28	7100.8
1913.18	6982.55
1933.09	6864.42
1952.99	6746.66
1972.89	6629.17
1992.8	6512.18
2012.7	6393.79
2032.61	6276.94
2052.51	6159.04
2072.41	6039.71
2092.32	5920.38
2112.22	5801.05
2132.13	5684.04
2152.03	5570.4
2171.93	5456.04
2191.84	5340.03
2211.74	5225.39
2231.65	5116.7
2251.55	5008.06
2271.45	4901.39
2291.36	4794.72
2311.26	4692.15
2331.17	4590.5
2351.07	4491.52
2370.97	4394.67
2390.88	4299.06
2410.78	4207.23
2430.69	4115.41
2450.59	4026.2
2470.49	3937.34
2490.4	3852.07
2510.3	3770.08
2530.21	3688.29
2550.11	3609.55
2570.01	3530.81
2589.92	3455.9
2609.82	3383.56
2629.73	3311.35
2649.63	3242.32
2669.53	3173.3
2689.44	3106.54
2709.34	3042.28
2729.25	2978.03
2749.15	2918.52
2769.05	2859.78
2788.96	2801.53
2808.86	2746.1
2828.77	2690.67
2848.67	2637.42
2868.57	2586.99
2888.48	2536.56
2908.38	2488.41
2928.29	2441.66
2948.19	2394.9
2968.09	2350.23
2988.0	2306.22
3007.9	2262.71
3027.81	2222.62
3047.71	2182.84
3067.61	2143.07
3087.52	2106.22
3107.42	2069.59
3127.33	2032.97
3147.23	1998.83
3167.13	1964.92
3187.04	1931.02
3206.94	1899.64
3226.85	1868.7
3246.75	1837.76
3266.65	1807.91
3286.56	1778.55
3306.46	1749.19
3326.37	1721.26
3346.27	1694.64
3366.17	1668.02
3386.08	1641.81
3405.98	1616.8
3425.89	1591.79
3445.79	1566.78
3465.69	1543.83
3485.6	1521.02
3505.5	1498.2
3525.41	1475.93
3545.31	1454.14
3565.21	1432.35
3585.12	1410.75
3605.02	1390.72
3624.92	1370.69
3644.83	1350.66
3664.73	1331.52
3684.64	1313.02
3704.54	1294.51
3724.45	1276.0
3744.35	1258.54
3764.25	1241.1
3784.16	1223.66
3804.06	1206.59
3823.96	1190.33
3843.87	1174.07
3863.77	1157.81
3883.68	1142.18
3903.58	1127.0
3923.48	1111.82
3943.39	1096.65
3963.29	1081.96
3983.2	1067.43
4003.1	1052.99
4023.0	1039.07
4042.91	1025.67
4062.81	1012.33
4082.72	998.984
4102.62	985.642
4122.52	973.033
4142.43	960.478
4162.33	947.924
4182.24	935.369
4202.14	923.646
4222.04	912.005
4241.95	900.363
4261.85	888.721
4281.76	877.664
4301.66	866.762
4321.56	855.859
4341.47	844.957
4361.37	834.432
4381.28	824.137
4401.18	813.841
4421.08	803.547
4440.99	793.535
4460.89	784.049
4480.8	774.562
4500.7	765.075
4520.6	755.588
4540.51	746.76
4560.41	737.946
4580.32	729.132
4600.22	720.318
4620.12	711.799
4640.03	703.512
4659.93	695.225
4679.84	686.939
4699.74	678.671
4719.64	670.888
4739.55	663.106
4759.45	655.324
4779.36	647.541
4799.26	640.047
4819.16	632.96
4839.07	625.872
4858.97	618.784
4878.88	611.696
4898.78	604.877
4918.68	598.178
4938.59	591.479
4958.49	584.78
4978.4	578.081
4998.3	571.598
5018.2	565.449
5038.11	559.33
5058.01	553.21
5077.92	547.091
5097.82	541.264
5117.72	535.438
5137.63	529.612
5157.53	523.786
5177.44	517.97
5197.34	512.605
5217.24	507.239
5237.15	501.873
5257.05	496.507
5276.96	491.141
5296.86	486.121
5316.76	481.12
5336.67	476.119
5356.57	471.118
5376.48	466.117
5396.38	461.414
5416.28	456.798
5436.19	452.183
5456.09	447.567
5476.0	442.952
5495.9	438.463
5515.8	434.133
5535.71	429.802
5555.61	425.471
5575.52	421.14
5595.42	416.831
5615.32	412.798
5635.23	408.766
5655.13	404.734
5675.04	400.701
5694.94	396.669
5714.84	392.822
5734.75	389.102
5754.65	385.382
5774.55	381.662
5794.46	377.942
5814.36	374.222
5834.27	370.721
5854.17	367.227
5874.07	363.733
5893.98	360.24
5913.88	356.746
5933.79	353.321
5953.69	350.061
5973.59	346.802
5993.5	343.542
6013.4	340.332
6033.31	337.145
6053.21	334.049
6073.11	331.057
6093.02	328.066
6112.92	325.074
6132.83	322.082
6152.73	319.091
6172.63	316.188
6192.54	313.378
6212.44	310.569
6232.35	307.76
6252.25	304.951
6272.15	302.142
6292.06	299.43
6311.96	296.835
6331.87	294.24
6351.77	291.644
6371.67	289.049
6391.58	286.454
6411.48	283.905
6431.39	281.479
6451.29	279.053
6471.19	276.626
6491.1	274.2
6511.0	271.774
6530.91	269.347
6550.81	267.101
6570.71	264.856
6590.62	262.611
6610.52	260.366
6630.43	258.12
6650.33	255.875
6670.23	253.719
6690.14	251.63
6710.04	249.542
6729.95	247.454
6749.85	245.366
6769.75	243.277
6789.66	241.194
6809.56	239.25
6829.47	237.306
6849.37	235.362
6869.27	233.418
6889.18	231.474
6909.08	229.53
6928.99	227.635
6948.89	225.83
6968.79	224.026
6988.7	222.221
7008.6	220.416
7028.51	218.612
7048.41	216.807
7068.31	215.074
7088.22	213.395
7108.12	211.716
7128.03	210.037
7147.93	208.358
7167.83	206.679
7187.74	205.0
7207.64	203.398
7227.55	201.839
7247.45	200.28
7267.35	198.722
7287.26	197.163
7307.16	195.604
7327.07	194.046
7346.97	192.545
7366.87	191.092
7386.78	189.639
7406.68	188.185
7426.59	186.732
7446.49	185.278
7466.39	183.825
7486.3	182.41
7506.2	181.062
7526.1	179.713
7546.01	178.364
7565.91	177.016
7585.82	175.667
7605.72	174.319
7625.63	172.973
7645.53	171.734
7665.43	170.494
7685.34	169.254
7705.24	168.015
7725.15	166.775
7745.05	165.535
7764.95	164.296
7784.86	163.093
7804.76	161.929
7824.67	160.764
7844.57	159.6
7864.47	158.435
7884.38	157.271
7904.28	156.106
7924.18	154.942
7944.09	153.83
7963.99	152.726
7983.9	151.623
8003.8	150.529
8023.7	149.474
8043.61	148.419
8063.51	147.364
8083.42	146.312
8103.32	145.312
8123.23	144.311
8143.13	143.31
8163.03	142.31
8182.94	141.309
8202.84	140.308
8222.74	139.307
8242.65	138.316
8262.55	137.383
8282.46	136.45
8302.36	135.518
8322.26	134.585
8342.17	133.653
8362.07	132.72
8381.98	131.787
8401.88	130.858
8421.78	129.99
8441.69	129.123
8461.59	128.256
8481.5	127.389
8501.4	126.522
8521.3	125.655
8541.21	124.788
8561.11	123.921
8581.02	123.105
8600.92	122.301
8620.82	121.497
8640.73	120.693
8660.63	119.889
8680.54	119.085
8700.44	118.282
8720.34	117.478
8740.25	116.701
8760.15	115.962
8780.06	115.224
8799.96	114.485
8819.86	113.747
8839.77	113.008
8859.67	112.27
8879.58	111.531
8899.48	110.793
8919.38	110.093
8939.29	109.401
8959.19	108.71
8979.1	108.018
8999.0	107.327
9018.9	106.635
9038.81	105.944
9058.71	105.252
9078.62	104.565
9098.52	103.922
9118.42	103.28
9138.33	102.637
9158.23	101.995
9178.14	101.352
9198.04	100.71
9217.94	100.067
9237.85	99.425
9257.75	98.7893
9277.66	98.196
9297.56	97.6026
9317.46	97.0093
9337.37	96.416
9357.27	95.8226
9377.17	95.2293
9397.08	94.6359
9416.98	94.0425
9436.89	93.4511
9456.79	92.8998
9476.7	92.3486
9496.6	91.7973
9516.5	91.2461
9536.41	90.6948
9556.31	90.1436
9576.21	89.5924
9596.12	89.0411
9616.02	88.4898
9635.93	87.9692
9655.83	87.4561
9675.74	86.943
9695.64	86.4299
9715.54	85.9169
9735.45	85.4038
9755.35	84.8907
9775.25	84.3776
9795.16	83.8646
9815.06	83.3645
9834.97	82.888
9854.87	82.4115
9874.77	81.935
9894.68	81.4585
9914.58	80.982
9934.49	80.5055
9954.39	80.0291
9974.29	79.5526
9994.2	79.0761
10014.1	78.6307
10034.0	78.1982
10053.9	77.7656
10073.8	77.333
10093.7	76.9005
10113.6	76.4679
10133.5	76.0353
10153.4	75.6028
10173.3	75.1702
10193.2	74.7376
10213.1	74.3073
10233.0	73.8781
10253.0	73.4489
10272.9	73.0198
10292.8	72.5906
10312.7	72.1615
10332.6	71.7323
10352.5	71.3031
10372.4	70.874
10392.3	70.4522
10412.2	70.0876
10432.1	69.7229
10452.0	69.3583
10471.9	68.9937
10491.8	68.6291
10511.7	68.2645
10531.6	67.8999
10551.5	67.5353
10571.4	67.1707
10591.3	66.806
10611.2	66.4494
10631.1	66.099
10651.0	65.7486
10670.9	65.3982
10690.8	65.0478
10710.7	64.6974
10730.6	64.347
10750.5	63.9966
10770.5	63.6461
10790.4	63.2957
10810.3	62.9456
10830.2	62.6189
10850.1	62.2922
10870.0	61.9654
10889.9	61.6387
10909.8	61.312
10929.7	60.9852
10949.6	60.6585
10969.5	60.3318
10989.4	60.005
11009.3	59.6783
11029.2	59.3603
11049.1	59.0525
11069.0	58.7447
11088.9	58.4369
11108.8	58.1291
11128.7	57.8214
11148.6	57.5136
11168.5	57.2058
11188.4	56.898
11208.3	56.5902
11228.2	56.2824
11248.1	55.9997
11268.1	55.7195
11288.0	55.4392
11307.9	55.159
11327.8	54.8787
11347.7	54.5985
11367.6	54.3183
11387.5	54.038
11407.4	53.7578
11427.3	53.4775
11447.2	53.1973
11467.1	52.9387
11487.0	52.6836
11506.9	52.4285
11526.8	52.1734
11546.7	51.9183
11566.6	51.6632
11586.5	51.4081
11606.4	51.153
11626.3	50.898
11646.2	50.6429
11666.1	50.3878
11686.0	50.1341
11705.9	49.8837
11725.8	49.6333
11745.7	49.3829
11765.7	49.1325
11785.6	48.8821
11805.5	48.6317
11825.4	48.3812
11845.3	48.1308
11865.2	47.8804
11885.1	47.63
11905.0	47.388
11924.9	47.1713
11944.8	46.9546
11964.7	46.7379
11984.6	46.5212
12004.5	46.3045
12024.4	46.0878
12044.3	45.8712
12064.2	45.6544
12084.1	45.4377
12104.0	45.221
12123.9	45.0044
12143.8	44.7882
12163.7	44.5742
12183.6	44.3601
12203.5	44.1461
12223.4	43.9321
12243.3	43.7181
12263.3	43.5041
12283.2	43.2901
12303.1	43.0761
12323.0	42.862
12342.9	42.648
12362.8	42.434
12382.7	42.2378
12402.6	42.0516
12422.5	41.8654
12442.4	41.6793
12462.3	41.4931
12482.2	41.307
12502.1	41.1208
12522.0	40.9347
12541.9	40.7485
12561.8	40.5624
12581.7	40.3762
12601.6	40.1901
12621.5	40.0041
12641.4	39.821
12661.3	39.6379
12681.2	39.4547
12701.1	39.2716
12721.0	39.0885
12740.9	38.9053
12760.9	38.7222
12780.8	38.5391
12800.7	38.3559
12820.6	38.1728
12840.5	37.9896
12860.4	37.8068
12880.3	37.6406
12900.2	37.4743
12920.1	37.308
12940.0	37.1418
12959.9	36.9755
12979.8	36.8092
12999.7	36.643
13019.6	36.4767
13039.5	36.3104
13059.4	36.1442
13079.3	35.9779
13099.2	35.8116
13119.1	35.6523
13139.0	35.5013
13158.9	35.3502
13178.8	35.1991
13198.7	35.048
13218.6	34.897
13238.5	34.7459
13258.5	34.5948
13278.4	34.4437
13298.3	34.2927
13318.2	34.1416
13338.1	33.9905
13358.0	33.8395
13377.9	33.6917
13397.8	33.549
13417.7	33.4064
13437.6	33.2637
13457.5	33.1211
13477.4	32.9784
13497.3	32.8358
13517.2	32.6931
13537.1	32.5504
13557.0	32.4078
13576.9	32.2651
13596.8	32.1225
13616.7	31.9798
13636.6	31.8415
13656.5	31.7118
13676.4	31.5822
13696.3	31.4526
13716.2	31.3229
13736.1	31.1933
13756.1	31.0636
13776.0	30.934
13795.9	30.8043
13815.8	30.6747
13835.7	30.5451
13855.6	30.4154
13875.5	30.2858
13895.4	30.1561
13915.3	30.0319
13935.2	29.9092
13955.1	29.7866
13975.0	29.6639
13994.9	29.5413
14014.8	29.4186
14034.7	29.296
14054.6	29.1734
14074.5	29.0507
14094.4	28.9281
14114.3	28.8054
14134.2	28.6828
14154.1	28.5601
14174.0	28.4397
14193.9	28.3278
14213.8	28.2159
14233.7	28.1041
14253.7	27.9922
14273.6	27.8803
14293.5	27.7685
14313.4	27.6566
14333.3	27.5447
14353.2	27.4328
14373.1	27.321
14393.0	27.2091
14412.9	27.0972
14432.8	26.9854
14452.7	26.8744
14472.6	26.7689
14492.5	26.6634
14512.4	26.5579
14532.3	26.4524
14552.2	26.347
14572.1	26.2415
14592.0	26.136
14611.9	26.0305
14631.8	25.9251
14651.7	25.8196
14671.6	25.7141
14691.5	25.6086
14711.4	25.5031
14731.3	25.3982
14751.3	25.3006
14771.2	25.203
14791.1	25.1054
14811.0	25.0078
14830.9	24.9102
14850.8	24.8126
14870.7	24.715
14890.6	24.6174
14910.5	24.5198
14930.4	24.4222
14950.3	24.3246
14970.2	24.227
14990.1	24.1294
15010.0	24.0409
15029.9	23.9555
15049.8	23.8643
15069.7	23.7731
15089.6	23.6819
15109.5	23.5907
15129.4	23.4995
15149.3	23.4082
15169.2	23.317
15189.1	23.2258
15209.0	23.1346
15228.9	23.0434
15248.8	22.9522
15268.8	22.861
15288.7	22.7698
15308.6	22.6786
15328.5	22.5951
15348.4	22.5122
15368.3	22.4294
15388.2	22.3465
15408.1	22.2636
15428.0	22.1808
15447.9	22.0979
15467.8	22.015
15487.7	21.9321
15507.6	21.8493
15527.5	21.7664
15547.4	21.6835
15567.3	21.6007
15587.2	21.5178
15607.1	21.4349
15627.0	21.3579
15646.9	21.2819
15666.8	21.2059
15686.7	21.1299
15706.6	21.0538
15726.5	20.9778
15746.5	20.9018
15766.4	20.8258
15786.3	20.7497
15806.2	20.6737
15826.1	20.5977
15846.0	20.5217
15865.9	20.4456
15885.8	20.3696
15905.7	20.2936
15925.6	20.2188
15945.5	20.1473
15965.4	20.0758
15985.3	20.0042
16005.2	19.9327
16025.1	19.8612
16045.0	19.7896
16064.9	19.7181
16084.8	19.6466
16104.7	19.575
16124.6	19.5035
16144.5	19.432
16164.4	19.3604
16184.3	19.2889
16204.2	19.2174
16224.1	19.1458
16244.0	19.077
16264.0	19.0093
16283.9	18.9416
16303.8	18.874
16323.7	18.8063
16343.6	18.7386
16363.5	18.6709
16383.4	18.6032
16403.3	18.5355
16423.2	18.4679
16443.1	18.4002
16463.0	18.3325
16482.9	18.2648
16502.8	18.1971
16522.7	18.1294
16542.6	18.0628
16562.5	18.0028
16582.4	17.9428
16602.3	17.8829
16622.2	17.8229
16642.1	17.7629
16662.0	17.703
16681.9	17.643
16701.8	17.583
16721.7	17.5231
16741.6	17.4631
16761.6	17.4031
16781.5	17.3432
16801.4	17.2832
16821.3	17.2232
16841.2	17.1633
16861.1	17.1033
16881.0	17.045
16900.9	16.9881
16920.8	16.9311
16940.7	16.8742
16960.6	16.8172
16980.5	16.7602
17000.4	16.7033
17020.3	16.6463
17040.2	16.5894
17060.1	16.5324
17080.0	16.4755
17099.9	16.4185
17119.8	16.3616
17139.7	16.3046
17159.6	16.2477
17179.5	16.1907
17199.4	16.1338
17219.3	16.0803
17239.2	16.027
17259.2	15.9737
17279.1	15.9203
17299.0	15.867
17318.9	15.8137
17338.8	15.7603
17358.7	15.707
17378.6	15.6536
17398.5	15.6003
17418.4	15.547
17438.3	15.4936
17458.2	15.4403
17478.1	15.387
17498.0	15.3336
17517.9	15.2803
17537.8	15.2291
17557.7	15.1814
17577.6	15.1337
17597.5	15.086
17617.4	15.0382
17637.3	14.9905
17657.2	14.9428
17677.1	14.895
17697.0	14.8473
17716.9	14.7996
17736.8	14.7518
17756.8	14.7041
17776.7	14.6564
17796.6	14.6086
17816.5	14.5609
17836.4	14.5132
17856.3	14.4654
17876.2	14.4177
17896.1	14.3723
17916.0	14.3274
17935.9	14.2825
17955.8	14.2376
17975.7	14.1927
17995.6	14.1478
18015.5	14.1029
18035.4	14.058
18055.3	14.0131
18075.2	13.9683
18095.1	13.9234
18115.0	13.8785
18134.9	13.8336
18154.8	13.7887
18174.7	13.7438
18194.6	13.6989
18214.5	13.654
18234.4	13.6096
18254.3	13.567
18274.3	13.5244
18294.2	13.4818
18314.1	13.4392
18334.0	13.3966
18353.9	13.3539
18373.8	13.3113
18393.7	13.2687
18413.6	13.2261
18433.5	13.1835
18453.4	13.1409
18473.3	13.0982
18493.2	13.0556
18513.1	13.013
18533.0	12.9704
18552.9	12.9278
18572.8	12.8851
18592.7	12.8455
18612.6	12.8077
18632.5	12.7698
18652.4	12.7319
18672.3	12.694
18692.2	12.6561
18712.1	12.6182
18732.0	12.5803
18752.0	12.5424
18771.9	12.5045
18791.8	12.4666
18811.7	12.4287
18831.6	12.3908
18851.5	12.3529
18871.4	12.315
18891.3	12.2771
18911.2	12.2392
18931.1	12.2013
18951.0	12.1635
18970.9	12.1278
18990.8	12.0921
19010.7	12.0563
19030.6	12.0206
19050.5	11.9848
19070.4	11.9491
19090.3	11.9133
19110.2	11.8776
19130.1	11.8418
19150.0	11.8061
19169.9	11.7704
19189.8	11.7346
19209.7	11.6989
19229.6	11.6631
19249.5	11.6274
19269.5	11.5916
19289.4	11.5559
19309.3	11.5201
19329.2	11.4854
19349.1	11.4518
19369.0	11.4182
19388.9	11.3846
19408.8	11.351
19428.7	11.3174
19448.6	11.2838
19468.5	11.2502
19488.4	11.2166
19508.3	11.183
19528.2	11.1494
19548.1	11.1158
19568.0	11.0822
19587.9	11.0486
19607.8	11.0151
19627.7	10.9815
19647.6	10.9479
19667.5	10.9143
19687.4	10.8807
19707.3	10.8498
19727.2	10.8193
19747.2	10.7888
19767.1	10.7584
19787.0	10.7279
19806.9	10.6974
19826.8	10.667
19846.7	10.6365
19866.6	10.606
19886.5	10.5755
19906.4	10.5451
19926.3	10.5146
19946.2	10.4841
19966.1	10.4536
19986.0	10.4232
20005.9	10.3929
20025.8	10.3631
20045.7	10.3332
20065.6	10.3034
20085.5	10.2739
20105.4	10.2453
20125.3	10.2168
20145.2	10.1882
20165.1	10.1597
20185.0	10.1311
20204.9	10.1026
20224.8	10.074
20244.7	10.0454
20264.7	10.0169
20284.6	9.98833
20304.5	9.95977
20324.4	9.93122
20344.3	9.90266
20364.2	9.8741
20384.1	9.84555
20404.0	9.81699
20423.9	9.78843
20443.8	9.75987
20463.7	9.73132
20483.6	9.70426
20503.5	9.67791
20523.4	9.65156
20543.3	9.62521
20563.2	9.59886
20583.1	9.57251
20603.0	9.54616
20622.9	9.5198
20642.8	9.49345
20662.7	9.4671
20682.6	9.44075
20702.5	9.4144
20722.4	9.38804
20742.3	9.36169
20762.3	9.33534
20782.2	9.30899
20802.1	9.28264
20822.0	9.25628
20841.9	9.22993
20861.8	9.20358
20881.7	9.1786
20901.6	9.15459
20921.5	9.13058
20941.4	9.10657
20961.3	9.08256
20981.2	9.05854
21001.1	9.03454
21021.0	9.01052
21040.9	8.98651
21060.8	8.9625
21080.7	8.93849
21100.6	8.91448
21120.5	8.89047
21140.4	8.86646
21160.3	8.84244
21180.2	8.81843
21200.1	8.79442
21220.0	8.77041
21239.9	8.7464
21259.9	8.72239
21279.8	8.69838
21299.7	8.6761
21319.6	8.65384
21339.5	8.63159
21359.4	8.60933
21379.3	8.58708
21399.2	8.56482
21419.1	8.54256
21439.0	8.52031
21458.9	8.49805
21478.8	8.4758
21498.7	8.45354
21518.6	8.43128
21538.5	8.40903
21558.4	8.38677
21578.3	8.36452
21598.2	8.34226
21618.1	8.32
21638.0	8.29775
21657.9	8.27549
21677.8	8.25324
21697.7	8.23098
21717.6	8.20978
21737.5	8.1887
21757.5	8.16763
21777.4	8.14656
21797.3	8.12549
21817.2	8.10442
21837.1	8.08334
21857.0	8.06227
21876.9	8.0412
21896.8	8.02013
21916.7	7.99906
21936.6	7.97798
21956.5	7.95691
21976.4	7.93584
21996.3	7.91477
22016.2	7.8937
22036.1	7.87262
22056.0	7.85155
22075.9	7.83048
22095.8	7.80941
22115.7	7.78834
22135.6	7.76856
22155.5	7.74913
22175.4	7.72971
22195.3	7.71028
22215.2	7.69086
22235.1	7.67143
22255.1	7.652
22275.0	7.63258
22294.9	7.61315
22314.8	7.59373
22334.7	7.5743
22354.6	7.55487
22374.5	7.53545
22394.4	7.51602
22414.3	7.4966
22434.2	7.47717
22454.1	7.45775
22474.0	7.43832
22493.9	7.4189
22513.8	7.39947
22533.7	7.38004
22553.6	7.3609
22573.5	7.34305
22593.4	7.3252
22613.3	7.30734
22633.2	7.28949
22653.1	7.27163
22673.0	7.25378
22692.9	7.23593
22712.8	7.21807
22732.7	7.20022
22752.7	7.18236
22772.6	7.16451
22792.5	7.14665
22812.4	7.1288
22832.3	7.11094
22852.2	7.09309
22872.1	7.07524
22892.0	7.05738
22911.9	7.03953
22931.8	7.02167
22951.7	7.00382
22971.6	6.98597
22991.5	6.96823
23011.4	6.95187
23031.3	6.93552
23051.2	6.91917
23071.1	6.90282
23091.0	6.88646
23110.9	6.87011
23130.8	6.85376
23150.7	6.83741
23170.6	6.82105
23190.5	6.8047
23210.4	6.78835
23230.3	6.772
23250.3	6.75564
23270.2	6.73929
23290.1	6.72294
23310.0	6.70658
23329.9	6.69023
23349.8	6.67388
23369.7	6.65753
23389.6	6.64118
23409.5	6.62482
23429.4	6.60847
23449.3	6.59269
23469.2	6.57756
23489.1	6.56242
23509.0	6.54729
23528.9	6.53216
23548.8	6.51703
23568.7	6.50189
23588.6	6.48676
23608.5	6.47163
23628.4	6.4565
23648.3	6.44136
23668.2	6.42623
23688.1	6.4111
23708.0	6.39597
23727.9	6.38084
23747.8	6.3657
23767.8	6.35057
23787.7	6.33544
23807.6	6.32031
23827.5	6.30517
23847.4	6.29004
23867.3	6.27491
23887.2	6.25978
23907.1	6.24499
23927.0	6.23081
23946.9	6.21663
23966.8	6.20246
23986.7	6.18828
24006.6	6.17411
24026.5	6.15993
24046.4	6.14576
24066.3	6.13158
24086.2	6.11741
24106.1	6.10323
24126.0	6.08905
24145.9	6.07488
24165.8	6.0607
24185.7	6.04653
24205.6	6.03235
24225.5	6.01818
24245.4	6.004
24265.4	5.98983
24285.3	5.97565
24305.2	5.96147
24325.1	5.9473
24345.0	5.93312
24364.9	5.91895
24384.8	5.90576
24404.7	5.89291
24424.6	5.88007
24444.5	5.86723
24464.4	5.85438
24484.3	5.84154
24504.2	5.82869
24524.1	5.81585
24544.0	5.803
24563.9	5.79016
24583.8	5.77732
24603.7	5.76447
24623.6	5.75163
24643.5	5.73878
24663.4	5.72594
24683.3	5.71309
24703.2	5.70025
24723.1	5.6874
24743.0	5.67456
24763.0	5.66171
24782.9	5.64887
24802.8	5.63602
24822.7	5.62318
24842.6	5.61034
24862.5	5.59788
24882.4	5.58566
24902.3	5.57344
24922.2	5.56121
24942.1	5.54899
24962.0	5.53677
24981.9	5.52454
25001.8	5.51232
25021.7	5.5001
25041.6	5.48788
25061.5	5.47565
25081.4	5.46343
25101.3	5.45121
25121.2	5.43898
25141.1	5.42676
25161.0	5.41454
25180.9	5.40231
25200.8	5.39009
25220.7	5.37787
25240.6	5.36565
25260.6	5.35342
25280.5	5.3412
25300.4	5.32898
25320.3	5.31675
25340.2	5.30509
25360.1	5.29395
25380.0	5.28281
25399.9	5.27167
25419.8	5.26054
25439.7	5.2494
25459.6	5.23826
25479.5	5.22712
25499.4	5.21599
25519.3	5.20485
25539.2	5.19371
25559.1	5.18258
25579.0	5.17144
25598.9	5.1603
25618.8	5.14916
25638.7	5.13803
25658.6	5.12689
25678.5	5.11575
25698.4	5.10461
25718.3	5.09348
25738.2	5.08234
25758.2	5.0712
25778.1	5.06006
25798.0	5.04893
25817.9	5.03779
25837.8	5.02691
25857.7	5.01643
25877.6	5.00595
25897.5	4.99547
25917.4	4.98498
25937.3	4.9745
25957.2	4.96402
25977.1	4.95354
25997.0	4.94306
26016.9	4.93258
26036.8	4.9221
26056.7	4.91162
26076.6	4.90114
26096.5	4.89066
26116.4	4.88017
26136.3	4.86969
26156.2	4.85921
26176.1	4.84873
26196.0	4.83825
26215.9	4.82777
26235.8	4.81729
26255.8	4.80681
26275.7	4.79633
26295.6	4.78584
26315.5	4.77536
26335.4	4.76515
26355.3	4.75567
26375.2	4.74618
26395.1	4.73669
26415.0	4.72721
26434.9	4.71772
26454.8	4.70824
26474.7	4.69875
26494.6	4.68927
26514.5	4.67978
26534.4	4.6703
26554.3	4.66081
26574.2	4.65133
26594.1	4.64184
26614.0	4.63236
26633.9	4.62287
26653.8	4.61339
26673.7	4.6039
26693.6	4.59442
26713.5	4.58493
26733.4	4.57545
26753.4	4.56596
26773.3	4.55648
26793.2	4.54699
26813.1	4.53751
26833.0	4.52802
26852.9	4.51861
26872.8	4.50967
26892.7	4.50072
26912.6	4.49176
26932.5	4.48282
26952.4	4.47387
26972.3	4.46492
26992.2	4.45597
27012.1	4.44702
27032.0	4.43807
27051.9	4.42912
27071.8	4.42017
27091.7	4.41122
27111.6	4.40227
27131.5	4.39332
27151.4	4.38437
27171.3	4.37542
27191.2	4.36647
27211.1	4.35752
27231.0	4.34857
27251.0	4.33962
27270.9	4.33067
27290.8	4.32172
27310.7	4.31277
27330.6	4.30382
27350.5	4.29487
27370.4	4.28594
27390.3	4.27782
27410.2	4.2697
27430.1	4.26157
27450.0	4.25345
27469.9	4.24533
27489.8	4.23721
27509.7	4.22909
27529.6	4.22097
27549.5	4.21285
27569.4	4.20473
27589.3	4.19661
27609.2	4.18849
27629.1	4.18037
27649.0	4.17224
27668.9	4.16412
27688.8	4.156
27708.7	4.14788
27728.6	4.13976
27748.5	4.13164
27768.5	4.12352
27788.4	4.1154
27808.3	4.10728
27828.2	4.09916
27848.1	4.09103
27868.0	4.08291
27887.9	4.07479
27907.8	4.06667
27927.7	4.05894
27947.6	4.05126
27967.5	4.04358
27987.4	4.03591
28007.3	4.02823
28027.2	4.02055
28047.1	4.01287
28067.0	4.00519
28086.9	3.99751
28106.8	3.98983
28126.7	3.98215
28146.6	3.97447
28166.5	3.96679
28186.4	3.95912
28206.3	3.95144
28226.2	3.94376
28246.1	3.93608
28266.1	3.9284
28286.0	3.92072
28305.9	3.91304
28325.8	3.90536
28345.7	3.89768
28365.6	3.89
28385.5	3.88232
28405.4	3.87465
28425.3	3.86697
28445.2	3.85929
28465.1	3.85214
28485.0	3.84516
28504.9	3.83818
28524.8	3.8312
28544.7	3.82423
28564.6	3.81725
28584.5	3.81027
28604.4	3.80329
28624.3	3.79631
28644.2	3.78933
28664.1	3.78235
28684.0	3.77538
28703.9	3.7684
28723.8	3.76142
28743.8	3.75444
28763.7	3.74746
28783.6	3.74048
28803.5	3.7335
28823.4	3.72652
28843.3	3.71955
28863.2	3.71257
28883.1	3.70559
28903.0	3.69861
28922.9	3.69163
28942.8	3.68465
28962.7	3.67768
28982.6	3.6707
29002.5	3.66372
29022.4	3.65707
29042.3	3.65061
29062.2	3.64416
29082.1	3.6377
29102.0	3.63125
29121.9	3.62479
29141.8	3.61834
29161.7	3.61188
29181.6	3.60543
29201.5	3.59897
29221.4	3.59252
29241.3	3.58606
29261.3	3.57961
29281.2	3.57315
29301.1	3.5667
29321.0	3.56024
29340.9	3.55379
29360.8	3.54733
29380.7	3.54088
29400.6	3.53442
29420.5	3.52797
29440.4	3.52151
29460.3	3.51506
29480.2	3.5086
29500.1	3.50215
29520.0	3.49569
29539.9	3.48924
29559.8	3.48278
29579.7	3.47633
29599.6	3.47017
29619.5	3.46401
29639.4	3.45786
29659.3	3.4517
29679.2	3.44554
29699.1	3.43939
29719.0	3.43323
29738.9	3.42708
29758.8	3.42092
29778.8	3.41476
29798.7	3.40861
29818.6	3.40245
29838.5	3.3963
29858.4	3.39014
29878.3	3.38399
29898.2	3.37783
29918.1	3.37167
29938.0	3.36552
29957.9	3.35936
29977.8	3.35321
29997.7	3.34705
30017.6	3.34106
30037.5	3.33509
30057.4	3.32913
30077.3	3.32316
30097.2	3.3172
30117.1	3.31123
30137.0	3.30526
30156.9	3.29944
30176.8	3.29388
30196.7	3.28831
30216.6	3.28275
30236.5	3.27719
30256.5	3.27163
30276.4	3.26607
30296.3	3.2605
30316.2	3.25494
30336.1	3.24938
30356.0	3.24382
30375.9	3.23826
30395.8	3.23269
30415.7	3.22713
30435.6	3.22157
30455.5	3.21601
30475.4	3.21045
30495.3	3.20488
30515.2	3.19932
30535.1	3.19376
30555.0	3.1882
30574.9	3.18264
30594.8	3.17707
30614.7	3.17151
30634.6	3.16595
30654.5	3.16039
30674.4	3.15483
30694.3	3.14927
30714.2	3.1437
30734.1	3.13814
30754.1	3.13287
30774.0	3.12771
30793.9	3.12256
30813.8	3.1174
30833.7	3.11225
30853.6	3.1071
30873.5	3.10194
30893.4	3.09679
30913.3	3.09163
30933.2	3.08648
30953.1	3.08132
30973.0	3.07617
30992.9	3.07101
31012.8	3.06586
31032.7	3.06071
31052.6	3.05555
31072.5	3.0504
31092.4	3.04524
31112.3	3.04009
31132.2	3.03493
31152.1	3.02978
31172.0	3.02463
31191.9	3.01947
31211.8	3.01432
31231.7	3.00916
31251.7	3.00401
31271.6	2.99885
31291.5	2.9937
31311.4	2.98855
31331.3	2.98339
31351.2	2.97848
31371.1	2.97377
31391.0	2.96905
31410.9	2.96434
31430.8	2.95962
31450.7	2.95491
31470.6	2.95019
31490.5	2.94547
31510.4	2.94076
31530.3	2.93604
31550.2	2.93133
31570.1	2.92661
31590.0	2.9219
31609.9	2.91718
31629.8	2.91247
31649.7	2.90775
31669.6	2.90304
31689.5	2.89832
31709.4	2.8936
31729.3	2.88889
31749.2	2.88417
31769.2	2.87946
31789.1	2.87474
31809.0	2.87003
31828.9	2.86531
31848.8	2.8606
31868.7	2.85588
31888.6	2.85117
31908.5	2.84645
31928.4	2.84174
31948.3	2.83702
31968.2	2.83242
31988.1	2.82797
32008.0	2.82353
32027.9	2.81909
32047.8	2.81465
32067.7	2.8102
32087.6	2.80576
32107.5	2.80132
32127.4	2.79687
32147.3	2.79243
32167.2	2.78799
32187.1	2.78355
32207.0	2.7791
32226.9	2.77466
32246.8	2.77022
32266.8	2.76578
32286.7	2.76133
32306.6	2.75689
32326.5	2.75245
32346.4	2.748
32366.3	2.74356
32386.2	2.73912
32406.1	2.73468
32426.0	2.73023
32445.9	2.72579
32465.8	2.72135
32485.7	2.71691
32505.6	2.71246
32525.5	2.70802
32545.4	2.70358
32565.3	2.69913
32585.2	2.69479
32605.1	2.69074
32625.0	2.68668
32644.9	2.68263
32664.8	2.67857
32684.7	2.67452
32704.6	2.67046
32724.5	2.66641
32744.4	2.66235
32764.4	2.65829
32784.3	2.65424
32804.2	2.65018
32824.1	2.64613
32844.0	2.64207
32863.9	2.63802
32883.8	2.63396
32903.7	2.62991
32923.6	2.62585
32943.5	2.6218
32963.4	2.61774
32983.3	2.61369
33003.2	2.60963
33023.1	2.60558
33043.0	2.60152
33062.9	2.59746
33082.8	2.59341
33102.7	2.58935
33122.6	2.5853
33142.5	2.58124
33162.4	2.57719
33182.3	2.57313
33202.2	2.56908
33222.1	2.56505
33242.0	2.56127
33262.0	2.55749
33281.9	2.55372
33301.8	2.54994
33321.7	2.54616
33341.6	2.54238
33361.5	2.5386
33381.4	2.53482
33401.3	2.53104
33421.2	2.52726
33441.1	2.52349
33461.0	2.51971
33480.9	2.51593
33500.8	2.51215
33520.7	2.50837
33540.6	2.50459
33560.5	2.50081
33580.4	2.49704
33600.3	2.49326
33620.2	2.48948
33640.1	2.4857
33660.0	2.48192
33679.9	2.47814
33699.8	2.47436
33719.7	2.47058
33739.6	2.4668
33759.6	2.46303
33779.5	2.45925
33799.4	2.45547
33819.3	2.45169
33839.2	2.44791
33859.1	2.44413
33879.0	2.44048
33898.9	2.43699
33918.8	2.43349
33938.7	2.42999
33958.6	2.4265
33978.5	2.423
33998.4	2.41951
34018.3	2.41601
34038.2	2.41252
34058.1	2.40902
34078.0	2.40553
34097.9	2.40203
34117.8	2.39854
34137.7	2.39504
34157.6	2.39154
34177.5	2.38805
34197.4	2.38455
34217.3	2.38106
34237.2	2.37756
34257.2	2.37407
34277.1	2.37057
34297.0	2.36708
34316.9	2.36358
34336.8	2.36009
34356.7	2.35659
34376.6	2.35309
34396.5	2.3496
34416.4	2.3461
34436.3	2.34261
34456.2	2.33911
34476.1	2.33562
34496.0	2.33212
34515.9	2.32863
34535.8	2.32521
34555.7	2.32199
34575.6	2.31878
34595.5	2.31556
34615.4	2.31234
34635.3	2.30913
34655.2	2.30591
34675.1	2.30269
34695.0	2.29947
34714.9	2.29626
34734.8	2.29304
34754.8	2.28982
34774.7	2.2866
34794.6	2.28339
34814.5	2.28017
34834.4	2.27695
34854.3	2.27374
34874.2	2.27052
34894.1	2.2673
34914.0	2.26408
34933.9	2.26087
34953.8	2.25765
34973.7	2.25443
34993.6	2.25121
35013.5	2.248
35033.4	2.24478
35053.3	2.24156
35073.2	2.23835
35093.1	2.23513
35113.0	2.23191
35132.9	2.2287
35152.8	2.22548
35172.7	2.22226
35192.6	2.21904
35212.5	2.21585
35232.4	2.21282
35252.4	2.2098
35272.3	2.20677
35292.2	2.20374
35312.1	2.20072
35332.0	2.19769
35351.9	2.19466
35371.8	2.19163
35391.7	2.18861
35411.6	2.18558
35431.5	2.18255
35451.4	2.17953
35471.3	2.1765
35491.2	2.17347
35511.1	2.17044
35531.0	2.16742
35550.9	2.16439
35570.8	2.16136
35590.7	2.15834
35610.6	2.15531
35630.5	2.15228
35650.4	2.14925
35670.3	2.14623
35690.2	2.1432
35710.1	2.14017
35730.0	2.13715
35749.9	2.13412
35769.9	2.13109
35789.8	2.12806
35809.7	2.12504
35829.6	2.12201
35849.5	2.11898
35869.4	2.11596
35889.3	2.11293
35909.2	2.11019
35929.1	2.10746
35949.0	2.10472
35968.9	2.10199
35988.8	2.09926
36008.7	2.09653
36028.6	2.0938
36048.5	2.09107
36068.4	2.08834
36088.3	2.08561
36108.2	2.08288
36128.1	2.08015
36148.0	2.07741
36167.9	2.07468
36187.8	2.07195
36207.7	2.06922
36227.6	2.06649
36247.6	2.06376
36267.5	2.06103
36287.4	2.0583
36307.3	2.05557
36327.2	2.05283
36347.1	2.0501
36367.0	2.04737
36386.9	2.04464
36406.8	2.04191
36426.7	2.03918
36446.6	2.03645
36466.5	2.03372
36486.4	2.03098
36506.3	2.02825
36526.2	2.02552
36546.1	2.02279
36566.0	2.02006
36585.9	2.01733
36605.8	2.01464
36625.7	2.01207
36645.6	2.00949
36665.5	2.00691
36685.4	2.00433
36705.3	2.00176
36725.2	1.99918
36745.1	1.9966
36765.1	1.99403
36785.0	1.99145
36804.9	1.98887
36824.8	1.9863
36844.7	1.98372
36864.6	1.98114
36884.5	1.97856
36904.4	1.97599
36924.3	1.97341
36944.2	1.97083
36964.1	1.96826
36984.0	1.96568
37003.9	1.9631
37023.8	1.96053
37043.7	1.95795
37063.6	1.95537
37083.5	1.95279
37103.4	1.95022
37123.3	1.94764
37143.2	1.94506
37163.1	1.94249
37183.0	1.93991
37202.9	1.93733
37222.8	1.93475
37242.7	1.93218
37262.7	1.9296
37282.6	1.92702
37302.5	1.92445
37322.4	1.922
37342.3	1.91963
37362.2	1.91726
37382.1	1.91489
37402.0	1.91252
37421.9	1.91015
37441.8	1.90778
37461.7	1.90541
37481.6	1.90304
37501.5	1.90067
37521.4	1.8983
37541.3	1.89593
37561.2	1.89356
37581.1	1.89119
37601.0	1.88881
37620.9	1.88644
37640.8	1.88407
37660.7	1.8817
37680.6	1.87933
37700.5	1.87696
37720.4	1.87459
37740.3	1.87222
37760.3	1.86985
37780.2	1.86748
37800.1	1.86511
37820.0	1.86274
37839.9	1.86037
37859.8	1.858
37879.7	1.85563
37899.6	1.85326
37919.5	1.85089
37939.4	1.84852
37959.3	1.84615
37979.2	1.84378
37999.1	1.84141
38019.0	1.83904
38038.9	1.83667
38058.8	1.83448
38078.7	1.83231
38098.6	1.83014
38118.5	1.82796
38138.4	1.82579
38158.3	1.82361
38178.2	1.82144
38198.1	1.81926
38218.0	1.81709
38237.9	1.81491
38257.9	1.81274
38277.8	1.81057
38297.7	1.80839
38317.6	1.80622
38337.5	1.80404
38357.4	1.80187
38377.3	1.79969
38397.2	1.79752
38417.1	1.79534
38437.0	1.79317
38456.9	1.791
38476.8	1.78882
38496.7	1.78665
38516.6	1.78447
38536.5	1.7823
38556.4	1.78012
38576.3	1.77795
38596.2	1.77577
38616.1	1.7736
38636.0	1.77143
38655.9	1.76925
38675.8	1.76708
38695.7	1.7649
38715.6	1.76273
38735.5	1.76055
38755.5	1.75838
38775.4	1.7562
38795.3	1.75406
38815.2	1.75201
38835.1	1.74995
38855.0	1.7479
38874.9	1.74584
38894.8	1.74379
38914.7	1.74173
38934.6	1.73968
38954.5	1.73762
38974.4	1.73557
38994.3	1.73351
39014.2	1.73146
39034.1	1.7294
39054.0	1.72734
39073.9	1.72529
39093.8	1.72323
39113.7	1.72118
39133.6	1.71912
39153.5	1.71707
39173.4	1.71501
39193.3	1.71296
39213.2	1.7109
39233.1	1.70885
39253.1	1.70679
39273.0	1.70474
39292.9	1.70268
39312.8	1.70063
39332.7	1.69857
39352.6	1.69652
39372.5	1.69446
39392.4	1.69241
39412.3	1.69035
39432.2	1.6883
39452.1	1.68624
39472.0	1.68419
39491.9	1.68213
39511.8	1.68008
39531.7	1.67802
39551.6	1.67606
39571.5	1.67415
39591.4	1.67225
39611.3	1.67035
39631.2	1.66845
39651.1	1.66654
39671.0	1.66464
39690.9	1.66274
39710.8	1.66084
39730.7	1.65894
39750.6	1.65703
39770.6	1.65513
39790.5	1.65323
39810.4	1.65133
39830.3	1.64942
39850.2	1.64752
39870.1	1.64562
39890.0	1.64372
39909.9	1.64181
39929.8	1.63991
39949.7	1.63801
39969.6	1.63611
39989.5	1.6342
40009.4	1.63235
40029.3	1.63055
40049.2	1.62874
40069.1	1.62694
40089.0	1.62514
40108.9	1.62334
40128.8	1.62154
40148.7	1.61973
40168.6	1.61793
40188.5	1.61613
40208.4	1.61433
40228.3	1.61252
40248.3	1.61072
40268.2	1.60892
40288.1	1.60712
40308.0	1.60531
40327.9	1.60354
40347.8	1.6018
40367.7	1.60006
40387.6	1.59833
40407.5	1.59659
40427.4	1.59485
40447.3	1.59312
40467.2	1.59138
40487.1	1.58964
40507.0	1.5879
40526.9	1.58617
40546.8	1.58443
40566.7	1.58269
40586.6	1.58096
40606.5	1.57922
40626.4	1.57748
40646.3	1.57574
40666.2	1.57401
40686.1	1.57227
40706.0	1.57053
40725.9	1.5688
40745.9	1.56706
40765.8	1.56532
40785.7	1.56359
40805.6	1.56185
40825.5	1.56011
40845.4	1.55837
40865.3	1.55664
40885.2	1.5549
40905.1	1.55316
40925.0	1.55143
40944.9	1.54969
40964.8	1.54795
40984.7	1.54621
41004.6	1.54448
41024.5	1.54274
41044.4	1.541
41064.3	1.53927
41084.2	1.53753
41104.1	1.53579
41124.0	1.53414
41143.9	1.53252
41163.8	1.53091
41183.7	1.52929
41203.6	1.52768
41223.5	1.52606
41243.4	1.52444
41263.4	1.52283
41283.3	1.52121
41303.2	1.5196
41323.1	1.51798
41343.0	1.51637
41362.9	1.51475
41382.8	1.51313
41402.7	1.51152
41422.6	1.5099
41442.5	1.50829
41462.4	1.50667
41482.3	1.50505
41502.2	1.50344
41522.1	1.50182
41542.0	1.50021
41561.9	1.49859
41581.8	1.49697
41601.7	1.49536
41621.6	1.49374
41641.5	1.49213
41661.4	1.49051
41681.3	1.48889
41701.2	1.48728
41721.1	1.48566
41741.0	1.48405
41760.9	1.48243
41780.9	1.48082
41800.8	1.4792
41820.7	1.47758
41840.6	1.47597
41860.5	1.47435
41880.4	1.47274
41900.3	1.47112
41920.2	1.46957
41940.1	1.46808
41960.0	1.46658
41979.9	1.46509
41999.8	1.4636
42019.7	1.46211
42039.6	1.46062
42059.5	1.45913
42079.4	1.45763
42099.3	1.45614
42119.2	1.45465
42139.1	1.45316
42159.0	1.45167
42178.9	1.45018
42198.8	1.44868
42218.7	1.44719
42238.6	1.4457
42258.6	1.44421
42278.5	1.44272
42298.4	1.44123
42318.3	1.43973
42338.2	1.43824
42358.1	1.43675
42378.0	1.43526
42397.9	1.43377
42417.8	1.43228
42437.7	1.43079
42457.6	1.42929
42477.5	1.4278
42497.4	1.42631
42517.3	1.42482
42537.2	1.42333
42557.1	1.42184
42577.0	1.42034
42596.9	1.41885
42616.8	1.41736
42636.7	1.41587
42656.6	1.41438
42676.5	1.41289
42696.4	1.41139
42716.3	1.4099
42736.3	1.40844
42756.2	1.40705
42776.1	1.40566
42796.0	1.40427
42815.9	1.40288
42835.8	1.40149
42855.7	1.4001
42875.6	1.39871
42895.5	1.39733
42915.4	1.39594
42935.3	1.39455
42955.2	1.39316
42975.1	1.39177
42995.0	1.39038
43014.9	1.38899
43034.8	1.3876
43054.7	1.38621
43074.6	1.38482
43094.5	1.38343
43114.4	1.38204
43134.3	1.38065
43154.2	1.37926
43174.1	1.37787
43194.0	1.37648
43213.9	1.37509
43233.8	1.3737
43253.8	1.37231
43273.7	1.37092
43293.6	1.36953
43313.5	1.36814
43333.4	1.36675
43353.3	1.36536
43373.2	1.36397
43393.1	1.36258
43413.0	1.36119
43432.9	1.3598
43452.8	1.35841
43472.7	1.35702
43492.6	1.35563
43512.5	1.35424
43532.4	1.35285
43552.3	1.35146
43572.2	1.35014
43592.1	1.34887
43612.0	1.3476
43631.9	1.34633
43651.8	1.34506
43671.7	1.34379
43691.6	1.34251
43711.5	1.34124
43731.4	1.33997
43751.3	1.3387
43771.3	1.33743
43791.2	1.33615
43811.1	1.33488
43831.0	1.33361
43850.9	1.33234
43870.8	1.33107
43890.7	1.32979
43910.6	1.32852
43930.5	1.32725
43950.4	1.32598
43970.3	1.32471
43990.2	1.32343
44010.1	1.32216
44030.0	1.32089
44049.9	1.31962
44069.8	1.31835
44089.7	1.31708
44109.6	1.3158
44129.5	1.31453
44149.4	1.31326
44169.3	1.31199
44189.2	1.31072
44209.1	1.30944
44229.0	1.30817
44248.9	1.3069
44268.9	1.30563
44288.8	1.30436
44308.7	1.30308
44328.6	1.30181
44348.5	1.30054
44368.4	1.29927
44388.3	1.298
44408.2	1.29672
44428.1	1.29549
44448.0	1.29429
44467.9	1.2931
44487.8	1.29191
44507.7	1.29072
44527.6	1.28953
44547.5	1.28834
44567.4	1.28715
44587.3	1.28596
44607.2	1.28477
44627.1	1.28358
44647.0	1.28238
44666.9	1.28119
44686.8	1.28
44706.7	1.27881
44726.6	1.27762
44746.6	1.27643
44766.5	1.27524
44786.4	1.27405
44806.3	1.27286
44826.2	1.27167
44846.1	1.27047
44866.0	1.26928
44885.9	1.26809
44905.8	1.2669
44925.7	1.26571
44945.6	1.26452
44965.5	1.26333
44985.4	1.26214
45005.3	1.26095
45025.2	1.25976
45045.1	1.25857
45065.0	1.25737
45084.9	1.25618
45104.8	1.25499
45124.7	1.2538
45144.6	1.25261
45164.5	1.25142
45184.4	1.25023
45204.3	1.24904
45224.2	1.24785
45244.1	1.24666
45264.1	1.24546
45284.0	1.24429
45303.9	1.2432
45323.8	1.2421
45343.7	1.24101
45363.6	1.23991
45383.5	1.23882
45403.4	1.23772
45423.3	1.23663
45443.2	1.23553
45463.1	1.23444
45483.0	1.23334
45502.9	1.23225
45522.8	1.23115
45542.7	1.23006
45562.6	1.22896
45582.5	1.22787
45602.4	1.22677
45622.3	1.22568
45642.2	1.22458
45662.1	1.22349
45682.0	1.22239
45701.9	1.2213
45721.8	1.2202
45741.7	1.21911
45761.7	1.21801
45781.6	1.21692
45801.5	1.21582
45821.4	1.21473
45841.3	1.21363
45861.2	1.21254
45881.1	1.21144
45901.0	1.21035
45920.9	1.20925
45940.8	1.20816
45960.7	1.20706
45980.6	1.20597
46000.5	1.20487
46020.4	1.20378
46040.3	1.20268
46060.2	1.20159
46080.1	1.20049
46100.0	1.1994
46119.9	1.1983
46139.8	1.19721
46159.7	1.19611
46179.6	1.19506
46199.5	1.19404
46219.4	1.19302
46239.3	1.19201
46259.3	1.19099
46279.2	1.18997
46299.1	1.18896
46319.0	1.18794
46338.9	1.18692
46358.8	1.18591
46378.7	1.18489
46398.6	1.18388
46418.5	1.18286
46438.4	1.18184
46458.3	1.18083
46478.2	1.17981
46498.1	1.17879
46518.0	1.17778
46537.9	1.17676
46557.8	1.17574
46577.7	1.17473
46597.6	1.17371
46617.5	1.17269
46637.4	1.17168
46657.3	1.17066
46677.2	1.16964
46697.1	1.16863
46717.0	1.16761
46736.9	1.16659
46756.9	1.16558
46776.8	1.16456
46796.7	1.16355
46816.6	1.16253
46836.5	1.16151
46856.4	1.1605
46876.3	1.15948
46896.2	1.15846
46916.1	1.15745
46936.0	1.15643
46955.9	1.15541
46975.8	1.1544
46995.7	1.15338
47015.6	1.15236
47035.5	1.15135
47055.4	1.15033
47075.3	1.14933
47095.2	1.14839
47115.1	1.14745
47135.0	1.14651
47154.9	1.14557
47174.8	1.14463
47194.7	1.14369
47214.6	1.14275
47234.5	1.14181
47254.5	1.14087
47274.4	1.13993
47294.3	1.13899
47314.2	1.13805
47334.1	1.13711
47354.0	1.13617
47373.9	1.13523
47393.8	1.13429
47413.7	1.13335
47433.6	1.13241
47453.5	1.13147
47473.4	1.13053
47493.3	1.12959
47513.2	1.12865
47533.1	1.12771
47553.0	1.12677
47572.9	1.12583
47592.8	1.12489
47612.7	1.12394
47632.6	1.123
47652.5	1.12206
47672.4	1.12112
47692.3	1.12018
47712.2	1.11924
47732.1	1.1183
47752.1	1.11736
47772.0	1.11642
47791.9	1.11548
47811.8	1.11454
47831.7	1.1136
47851.6	1.11266
47871.5	1.11172
47891.4	1.11078
47911.3	1.10984
47931.2	1.1089
47951.1	1.10796
47971.0	1.10702
47990.9	1.10608
48010.8	1.10521
48030.7	1.10435
48050.6	1.10348
48070.5	1.10261
48090.4	1.10174
48110.3	1.10088
48130.2	1.10001
48150.1	1.09914
48170.0	1.09827
48189.9	1.09741
48209.8	1.09654
48229.7	1.09567
48249.6	1.0948
48269.6	1.09394
48289.5	1.09307
48309.4	1.0922
48329.3	1.09133
48349.2	1.09047
48369.1	1.0896
48389.0	1.08873
48408.9	1.08786
48428.8	1.087
48448.7	1.08613
48468.6	1.08526
48488.5	1.08439
48508.4	1.08353
48528.3	1.08266
48548.2	1.08179
48568.1	1.08092
48588.0	1.08006
48607.9	1.07919
48627.8	1.07832
48647.7	1.07745
48667.6	1.07659
48687.5	1.07572
48707.4	1.07485
48727.3	1.07399
48747.3	1.07312
48767.2	1.07225
48787.1	1.07138
48807.0	1.07052
48826.9	1.06965
48846.8	1.06878
48866.7	1.06791
48886.6	1.06705
48906.5	1.06618
48926.4	1.06531
48946.3	1.06449
48966.2	1.06368
48986.1	1.06288
49006.0	1.06207
49025.9	1.06126
49045.8	1.06045
49065.7	1.05964
49085.6	1.05884
49105.5	1.05803
49125.4	1.05722
49145.3	1.05641
49165.2	1.0556
49185.1	1.0548
49205.0	1.05399
49224.9	1.05318
49244.8	1.05237
49264.8	1.05156
49284.7	1.05076
49304.6	1.04995
49324.5	1.04914
49344.4	1.04833
49364.3	1.04752
49384.2	1.04672
49404.1	1.04591
49424.0	1.0451
49443.9	1.04429
49463.8	1.04348
49483.7	1.04268
49503.6	1.04187
49523.5	1.04106
49543.4	1.04025
49563.3	1.03944
49583.2	1.03864
49603.1	1.03783
49623.0	1.03702
49642.9	1.03621
49662.8	1.03541
49682.7	1.0346
49702.6	1.03379
49722.5	1.03298
49742.4	1.03217
49762.4	1.03137
49782.3	1.03056
49802.2	1.02975
49822.1	1.02894
49842.0	1.02813
49861.9	1.02733
49881.8	1.02652
49901.7	1.02571
49921.6	1.02489
49941.5	1.02408
49961.4	1.02327
49981.3	1.02245
50001.2	1.02164
50021.1	1.02089
50041.0	1.02014
50060.9	1.01939
50080.8	1.01864
50100.7	1.01788
50120.6	1.01713
50140.5	1.01638
50160.4	1.01563
50180.3	1.01488
50200.2	1.01413
50220.1	1.01337
50240.0	1.01262
50260.0	1.01187
50279.9	1.01112
50299.8	1.01037
50319.7	1.00962
50339.6	1.00886
50359.5	1.00811
50379.4	1.00736
50399.3	1.00661
50419.2	1.00586
50439.1	1.00511
50459.0	1.00436
50478.9	1.0036
50498.8	1.00285
50518.7	1.0021
50538.6	1.00135
50558.5	1.0006
50578.4	0.999846
50598.3	0.999094
50618.2	0.998343
50638.1	0.997591
50658.0	0.99684
50677.9	0.996088
50697.8	0.995336
50717.7	0.994585
50737.6	0.993833
50757.6	0.993082
50777.5	0.99233
50797.4	0.991579
50817.3	0.990827
50837.2	0.990075
50857.1	0.989324
50877.0	0.988628
50896.9	0.987942
50916.8	0.987256
50936.7	0.98657
50956.6	0.985883
50976.5	0.985197
50996.4	0.984511
51016.3	0.983825
51036.2	0.983139
51056.1	0.982453
51076.0	0.981767
51095.9	0.98108
51115.8	0.980394
51135.7	0.979708
51155.6	0.979022
51175.5	0.978336
51195.4	0.97765
51215.3	0.976963
51235.3	0.976277
51255.2	0.975591
51275.1	0.974905
51295.0	0.974219
51314.9	0.973533
51334.8	0.972847
51354.7	0.972161
51374.6	0.971475
51394.5	0.970788
51414.4	0.970102
51434.3	0.969416
51454.2	0.96873
51474.1	0.968044
51494.0	0.967358
51513.9	0.966672
51533.8	0.965985
51553.7	0.965299
51573.6	0.964613
51593.5	0.963927
51613.4	0.963241
51633.3	0.962555
51653.2	0.961868
51673.1	0.961182
51693.0	0.960496
51712.9	0.95981
51732.8	0.959124
51752.8	0.958438
51772.7	0.957752
51792.6	0.957065
51812.5	0.956379
51832.4	0.955693
51852.3	0.955007
51872.2	0.954343
51892.1	0.953694
51912.0	0.953044
51931.9	0.952394
51951.8	0.951744
51971.7	0.951094
51991.6	0.950444
52011.5	0.949795
52031.4	0.949145
52051.3	0.948495
52071.2	0.947845
52091.1	0.947195
52111.0	0.946545
52130.9	0.945896
52150.8	0.945246
52170.7	0.944596
52190.6	0.943946
52210.5	0.943296
52230.4	0.942647
52250.3	0.941997
52270.3	0.941347
52290.2	0.940697
52310.1	0.940047
52330.0	0.939398
52349.9	0.938748
52369.8	0.938098
52389.7	0.937448
52409.6	0.936798
52429.5	0.936148
52449.4	0.935499
52469.3	0.934849
52489.2	0.934199
52509.1	0.933549
52529.0	0.932899
52548.9	0.93225
52568.8	0.9316
52588.7	0.93095
52608.6	0.9303
52628.5	0.92965
52648.4	0.929
52668.3	0.928351
52688.2	0.927701
52708.1	0.927051
52728.0	0.926401
52747.9	0.925752
52767.9	0.925102
52787.8	0.924452
52807.7	0.923802
52827.6	0.923152
52847.5	0.922502
52867.4	0.921853
52887.3	0.921252
52907.2	0.920659
52927.1	0.920067
52947.0	0.919474
52966.9	0.918881
52986.8	0.918288
53006.7	0.917695
53026.6	0.917103
53046.5	0.91651
53066.4	0.915917
53086.3	0.915324
53106.2	0.914731
53126.1	0.914138
53146.0	0.913545
53165.9	0.912953
53185.8	0.91236
53205.7	0.911767
53225.6	0.911174
53245.5	0.910582
53265.4	0.909989
53285.4	0.909396
53305.3	0.908803
53325.2	0.90821
53345.1	0.907617
53365.0	0.907025
53384.9	0.906432
53404.8	0.905839
53424.7	0.905246
53444.6	0.904653
53464.5	0.904061
53484.4	0.903468
53504.3	0.902875
53524.2	0.902282
53544.1	0.901689
53564.0	0.901096
53583.9	0.900504
53603.8	0.899911
53623.7	0.899318
53643.6	0.898725
53663.5	0.898132
53683.4	0.897539
53703.3	0.896947
53723.2	0.896354
53743.1	0.895761
53763.1	0.895168
53783.0	0.894575
53802.9	0.893983
53822.8	0.89339
53842.7	0.892797
53862.6	0.892204
53882.5	0.891611
53902.4	0.891018
53922.3	0.890447
53942.2	0.889888
53962.1	0.889329
53982.0	0.88877
54001.9	0.888212
54021.8	0.887653
54041.7	0.887094
54061.6	0.886535
54081.5	0.885977
54101.4	0.885418
54121.3	0.884859
54141.2	0.8843
54161.1	0.883741
54181.0	0.883183
54200.9	0.882624
54220.8	0.882065
54240.8	0.881506
54260.7	0.880948
54280.6	0.880389
54300.5	0.87983
54320.4	0.879271
54340.3	0.878713
54360.2	0.878154
54380.1	0.877595
54400.0	0.877036
54419.9	0.876478
54439.8	0.875919
54459.7	0.87536
54479.6	0.874801
54499.5	0.874243
54519.4	0.873684
54539.3	0.873125
54559.2	0.872566
54579.1	0.872007
54599.0	0.871449
54618.9	0.87089
54638.8	0.870331
54658.7	0.869772
54678.6	0.869214
54698.5	0.868655
54718.4	0.868096
54738.3	0.867537
54758.3	0.866979
54778.2	0.86642
54798.1	0.865861
54818.0	0.865302
54837.9	0.864744
54857.8	0.864185
54877.7	0.863626
54897.6	0.863067
54917.5	0.862508
54937.4	0.86195
54957.3	0.861391
54977.2	0.860873
54997.1	0.860362
55017.0	0.859851
55036.9	0.85934
55056.8	0.858829
55076.7	0.858317
55096.6	0.857806
55116.5	0.857295
55136.4	0.856784
55156.3	0.856273
55176.2	0.855762
55196.1	0.855251
55216.0	0.854739
55235.9	0.854228
55255.9	0.853717
55275.8	0.853206
55295.7	0.852695
55315.6	0.852184
55335.5	0.851673
55355.4	0.851162
55375.3	0.85065
55395.2	0.850139
55415.1	0.849628
55435.0	0.849117
55454.9	0.848606
55474.8	0.848095
55494.7	0.847584
55514.6	0.847072
55534.5	0.846561
55554.4	0.84605
55574.3	0.845539
55594.2	0.845028
55614.1	0.844517
55634.0	0.844006
55653.9	0.843494
55673.8	0.842983
55693.7	0.842472
55713.6	0.841961
55733.6	0.84145
55753.5	0.840939
55773.4	0.840428
55793.3	0.839916
55813.2	0.839405
55833.1	0.838894
55853.0	0.838383
55872.9	0.837872
55892.8	0.837361
55912.7	0.83685
55932.6	0.836338
55952.5	0.835827
55972.4	0.835316
55992.3	0.834805
56012.2	0.834294
56032.1	0.833786
56052.0	0.833307
56071.9	0.832828
56091.8	0.832349
56111.7	0.83187
56131.6	0.83139
56151.5	0.830911
56171.4	0.830432
56191.3	0.829953
56211.2	0.829474
56231.1	0.828995
56251.0	0.828516
56271.0	0.828036
56290.9	0.827557
56310.8	0.827078
56330.7	0.826599
56350.6	0.82612
56370.5	0.825641
56390.4	0.825162
56410.3	0.824683
56430.2	0.824204
56450.1	0.823724
56470.0	0.823245
56489.9	0.822766
56509.8	0.822287
56529.7	0.821808
56549.6	0.821329
56569.5	0.82085
56589.4	0.820371
56609.3	0.819891
56629.2	0.819412
56649.1	0.818933
56669.0	0.818454
56688.9	0.817975
56708.8	0.817496
56728.7	0.817017
56748.6	0.816538
56768.6	0.816059
56788.5	0.815579
56808.4	0.8151
56828.3	0.814621
56848.2	0.814142
56868.1	0.813663
56888.0	0.813184
56907.9	0.812705
56927.8	0.812226
56947.7	0.811746
56967.6	0.811267
56987.5	0.810788
57007.4	0.810309
57027.3	0.80983
57047.2	0.809351
57067.1	0.808872
57087.0	0.808393
57106.9	0.807913
57126.8	0.807434
57146.7	0.806985
57166.6	0.806541
57186.5	0.806097
57206.4	0.805653
57226.3	0.805209
57246.2	0.804765
57266.2	0.804321
57286.1	0.803877
57306.0	0.803433
57325.9	0.802989
57345.8	0.802545
57365.7	0.802101
57385.6	0.801657
57405.5	0.801214
57425.4	0.80077
57445.3	0.800326
57465.2	0.799882
57485.1	0.799438
57505.0	0.798994
57524.9	0.79855
57544.8	0.798106
57564.7	0.797662
57584.6	0.797218
57604.5	0.796774
57624.4	0.79633
57644.3	0.795886
57664.2	0.795442
57684.1	0.794999
57704.0	0.794555
57723.9	0.794111
57743.8	0.793667
57763.8	0.793223
57783.7	0.792779
57803.6	0.792335
57823.5	0.791891
57843.4	0.791447
57863.3	0.791003
57883.2	0.790559
57903.1	0.790115
57923.0	0.789671
57942.9	0.789227
57962.8	0.788784
57982.7	0.78834
58002.6	0.787896
58022.5	0.787452
58042.4	0.787008
58062.3	0.786564
58082.2	0.78612
58102.1	0.785676
58122.0	0.785232
58141.9	0.784788
58161.8	0.784344
58181.7	0.7839
58201.6	0.783456
58221.5	0.783012
58241.4	0.782568
58261.4	0.782144
58281.3	0.781734
58301.2	0.781324
58321.1	0.780914
58341.0	0.780504
58360.9	0.780094
58380.8	0.779684
58400.7	0.779274
58420.6	0.778864
58440.5	0.778454
58460.4	0.778044
58480.3	0.777634
58500.2	0.777224
58520.1	0.776814
58540.0	0.776404
58559.9	0.775994
58579.8	0.775584
58599.7	0.775174
58619.6	0.774764
58639.5	0.774354
58659.4	0.773944
58679.3	0.773534
58699.2	0.773124
58719.1	0.772714
58739.1	0.772304
58759.0	0.771894
58778.9	0.771485
58798.8	0.771075
58818.7	0.770665
58838.6	0.770255
58858.5	0.769845
58878.4	0.769435
58898.3	0.769025
58918.2	0.768615
58938.1	0.768205
58958.0	0.767795
58977.9	0.767385
58997.8	0.766975
59017.7	0.766565
59037.6	0.766155
59057.5	0.765745
59077.4	0.765335
59097.3	0.764925
59117.2	0.764515
59137.1	0.764105
59157.0	0.763695
59176.9	0.763285
59196.8	0.762875
59216.7	0.762465
59236.6	0.762055
59256.6	0.761645
59276.5	0.761235
59296.4	0.760825
59316.3	0.760415
59336.2	0.760005
59356.1	0.759595
59376.0	0.759185
59395.9	0.758781
59415.8	0.75839
59435.7	0.757998
59455.6	0.757607
59475.5	0.757216
59495.4	0.756825
59515.3	0.756433
59535.2	0.756042
59555.1	0.755651
59575.0	0.75526
59594.9	0.754868
59614.8	0.754477
59634.7	0.754086
59654.6	0.753695
59674.5	0.753303
59694.4	0.752912
59714.3	0.752521
59734.3	0.75213
59754.2	0.751738
59774.1	0.751347
59794.0	0.750956
59813.9	0.750565
59833.8	0.750174
59853.7	0.749782
59873.6	0.749391
59893.5	0.749
59913.4	0.748608
59933.3	0.748217
59953.2	0.747826
59973.1	0.747435
59993.0	0.747043
60012.9	0.746672
60032.8	0.74631
60052.7	0.745948
60072.6	0.745587
60092.5	0.745225
60112.4	0.744863
60132.3	0.744502
60152.2	0.74414
60172.1	0.743779
60192.0	0.743417
60211.9	0.743056
60231.8	0.742694
60251.7	0.742332
60271.7	0.741971
60291.6	0.741609
60311.5	0.741247
60331.4	0.740886
60351.3	0.740524
60371.2	0.740163
60391.1	0.739801
60411.0	0.739439
60430.9	0.739078
60450.8	0.738716
60470.7	0.738355
60490.6	0.737993
60510.5	0.737631
60530.4	0.73727
60550.3	0.736908
60570.2	0.736555
60590.1	0.7362
60610.0	0.735847
60629.9	0.735493
60649.8	0.735139
60669.7	0.734785
60689.6	0.734431
60709.5	0.734077
60729.4	0.733723
60749.3	0.733369
60769.3	0.733015
60789.2	0.732661
60809.1	0.732307
60829.0	0.731953
60848.9	0.731599
60868.8	0.731245
60888.7	0.730891
60908.6	0.730537
60928.5	0.730183
60948.4	0.729829
60968.3	0.729475
60988.2	0.729122
61008.1	0.728768
61028.0	0.728414
61047.9	0.72806
61067.8	0.727706
61087.7	0.727352
61107.6	0.726998
61127.5	0.726644
61147.4	0.72629
61167.3	0.725936
61187.2	0.725582
61207.1	0.725228
61227.0	0.724874
61246.9	0.72452
61266.9	0.724166
61286.8	0.723813
61306.7	0.723459
61326.6	0.723105
61346.5	0.722751
61366.4	0.722397
61386.3	0.722043
61406.2	0.721689
61426.1	0.721335
61446.0	0.720981
61465.9	0.720627
61485.8	0.720273
61505.7	0.719919
61525.6	0.719565
61545.5	0.719211
61565.4	0.718857
61585.3	0.718503
61605.2	0.718149
61625.1	0.717796
61645.0	0.717441
61664.9	0.717088
61684.8	0.716734
61704.7	0.71638
61724.6	0.716026
61744.5	0.71569
61764.5	0.715362
61784.4	0.715033
61804.3	0.714704
61824.2	0.714375
61844.1	0.714047
61864.0	0.713718
61883.9	0.713389
61903.8	0.71306
61923.7	0.712732
61943.6	0.712403
61963.5	0.712074
61983.4	0.711746
62003.3	0.711417
62023.2	0.711088
62043.1	0.710759
62063.0	0.710431
62082.9	0.710102
62102.8	0.709773
62122.7	0.709444
62142.6	0.709116
62162.5	0.708787
62182.4	0.708458
62202.3	0.708129
62222.2	0.707801
62242.1	0.707472
62262.1	0.707143
62282.0	0.706815
62301.9	0.706486
62321.8	0.706157
62341.7	0.705828
62361.6	0.7055
62381.5	0.705171
62401.4	0.704842
62421.3	0.704513
62441.2	0.704185
62461.1	0.703856
62481.0	0.703527
62500.9	0.703199
62520.8	0.70287
62540.7	0.702541
62560.6	0.702212
62580.5	0.701884
62600.4	0.701555
62620.3	0.701226
62640.2	0.700897
62660.1	0.700569
62680.0	0.70024
62699.9	0.699911
62719.8	0.699582
62739.8	0.699254
62759.7	0.698925
62779.6	0.698596
62799.5	0.698268
62819.4	0.697939
62839.3	0.69761
62859.2	0.697281
62879.1	0.696953
62899.0	0.696624
62918.9	0.696295
62938.8	0.695966
62958.7	0.695658
62978.6	0.695351
62998.5	0.695044
63018.4	0.694736
63038.3	0.694429
63058.2	0.694122
63078.1	0.693815
63098.0	0.693507
63117.9	0.6932
63137.8	0.692893
63157.7	0.692586
63177.6	0.692279
63197.5	0.691971
63217.4	0.691664
63237.3	0.691357
63257.3	0.69105
63277.2	0.690742
63297.1	0.690435
63317.0	0.690128
63336.9	0.689821
63356.8	0.689514
63376.7	0.689206
63396.6	0.688899
63416.5	0.688592
63436.4	0.688285
63456.3	0.687977
63476.2	0.68767
63496.1	0.687363
63516.0	0.687056
63535.9	0.686749
63555.8	0.686441
63575.7	0.686134
63595.6	0.685827
63615.5	0.68552
63635.4	0.685213
63655.3	0.684905
63675.2	0.684598
63695.1	0.684291
63715.0	0.683984
63734.9	0.683677
63754.9	0.683369
63774.8	0.683062
63794.7	0.682755
63814.6	0.682448
63834.5	0.682141
63854.4	0.681833
63874.3	0.681526
63894.2	0.681219
63914.1	0.680912
63934.0	0.680604
63953.9	0.680297
63973.8	0.67999
63993.7	0.679683
64013.6	0.679376
64033.5	0.679068
64053.4	0.678761
64073.3	0.678454
64093.2	0.678147
64113.1	0.677839
64133.0	0.677532
64152.9	0.677225
64172.8	0.676921
64192.7	0.676634
64212.6	0.676348
64232.5	0.676062
64252.4	0.675775
64272.4	0.675489
64292.3	0.675202
64312.2	0.674916
64332.1	0.67463
64352.0	0.674343
64371.9	0.674057
64391.8	0.67377
64411.7	0.673484
64431.6	0.673198
64451.5	0.672911
64471.4	0.672625
64491.3	0.672338
64511.2	0.672052
64531.1	0.671766
64551.0	0.671479
64570.9	0.671193
64590.8	0.670907
64610.7	0.67062
64630.6	0.670334
64650.5	0.670047
64670.4	0.669761
64690.3	0.669475
64710.2	0.669188
64730.1	0.668902
64750.0	0.668616
64770.0	0.668329
64789.9	0.668043
64809.8	0.667756
64829.7	0.66747
64849.6	0.667184
64869.5	0.666897
64889.4	0.666611
64909.3	0.666324
64929.2	0.666038
64949.1	0.665752
64969.0	0.665465
64988.9	0.665179
65008.8	0.664892
65028.7	0.664606
65048.6	0.66432
65068.5	0.664033
65088.4	0.663747
65108.3	0.66346
65128.2	0.663174
65148.1	0.662888
65168.0	0.662601
65187.9	0.662315
65207.8	0.662029
65227.7	0.661742
65247.6	0.661456
65267.6	0.661169
65287.5	0.660883
65307.4	0.660597
65327.3	0.66031
65347.2	0.660024
65367.1	0.659737
65387.0	0.659451
65406.9	0.659165
65426.8	0.658886
65446.7	0.658622
65466.6	0.658358
65486.5	0.658093
65506.4	0.657829
65526.3	0.657565
65546.2	0.657301
65566.1	0.657037
65586.0	0.656773
65605.9	0.656509
65625.8	0.656244
65645.7	0.65598
65665.6	0.655716
65685.5	0.655452
65705.4	0.655188
65725.3	0.654924
65745.3	0.65466
65765.2	0.654395
65785.1	0.654131
65805.0	0.653867
65824.9	0.653603
65844.8	0.653339
65864.7	0.653075
65884.6	0.652811
65904.5	0.652546
65924.4	0.652282
65944.3	0.652018
65964.2	0.651754
65984.1	0.65149
66004.0	0.651226
66023.9	0.650962
66043.8	0.650697
66063.7	0.650433
66083.6	0.650169
66103.5	0.649905
66123.4	0.649641
66143.3	0.649377
66163.2	0.649113
66183.1	0.648848
66203.0	0.648584
66222.9	0.64832
66242.9	0.648056
66262.8	0.647792
66282.7	0.647528
66302.6	0.647264
66322.5	0.647
66342.4	0.646735
66362.3	0.646471
66382.2	0.646207
66402.1	0.645943
66422.0	0.645679
66441.9	0.645415
66461.8	0.645151
66481.7	0.644886
66501.6	0.644622
66521.5	0.644358
66541.4	0.644094
66561.3	0.64383
66581.2	0.643566
66601.1	0.643302
66621.0	0.643037
66640.9	0.642773
66660.8	0.642509
66680.7	0.642245
66700.6	0.641982
66720.5	0.641739
66740.5	0.641496
66760.4	0.641253
66780.3	0.64101
66800.2	0.640767
66820.1	0.640524
66840.0	0.640281
66859.9	0.640038
66879.8	0.639795
66899.7	0.639552
66919.6	0.63931
66939.5	0.639067
66959.4	0.638824
66979.3	0.638581
66999.2	0.638338
67019.1	0.638095
67039.0	0.637852
67058.9	0.637609
67078.8	0.637366
67098.7	0.637123
67118.6	0.63688
67138.5	0.636638
67158.4	0.636395
67178.3	0.636152
67198.2	0.635909
67218.1	0.635666
67238.0	0.635423
67258.0	0.63518
67277.9	0.634937
67297.8	0.634694
67317.7	0.634451
67337.6	0.634209
67357.5	0.633966
67377.4	0.633723
67397.3	0.63348
67417.2	0.633237
67437.1	0.632994
67457.0	0.632751
67476.9	0.632508
67496.8	0.632265
67516.7	0.632022
67536.6	0.631779
67556.5	0.631537
67576.4	0.631294
67596.3	0.631051
67616.2	0.630808
67636.1	0.630565
67656.0	0.630322
67675.9	0.630079
67695.8	0.629836
67715.7	0.629593
67735.6	0.62935
67755.6	0.629107
67775.5	0.628864
67795.4	0.628622
67815.3	0.628379
67835.2	0.628136
67855.1	0.627893
67875.0	0.62765
67894.9	0.627407
67914.8	0.627164
67934.7	0.626921
67954.6	0.626678
67974.5	0.626435
67994.4	0.626192
68014.3	0.625952
68034.2	0.62572
68054.1	0.625488
68074.0	0.625257
68093.9	0.625025
68113.8	0.624793
68133.7	0.624561
68153.6	0.62433
68173.5	0.624098
68193.4	0.623866
68213.3	0.623634
68233.2	0.623402
68253.1	0.623171
68273.1	0.622939
68293.0	0.622707
68312.9	0.622475
68332.8	0.622244
68352.7	0.622012
68372.6	0.62178
68392.5	0.621548
68412.4	0.621316
68432.3	0.621085
68452.2	0.620853
68472.1	0.620621
68492.0	0.620389
68511.9	0.620157
68531.8	0.619926
68551.7	0.619694
68571.6	0.619462
68591.5	0.61923
68611.4	0.618999
68631.3	0.618767
68651.2	0.618535
68671.1	0.618303
68691.0	0.618071
68710.9	0.61784
68730.8	0.617608
68750.8	0.617376
68770.6	0.617144
68790.6	0.616913
68810.5	0.616681
68830.4	0.616449
68850.3	0.616217
68870.2	0.615986
68890.1	0.615754
68910.0	0.615522
68929.9	0.61529
68949.8	0.615058
68969.7	0.614827
68989.6	0.614595
69009.5	0.614363
69029.4	0.614131
69049.3	0.613899
69069.2	0.613668
69089.1	0.613436
69109.0	0.613204
69128.9	0.612972
69148.8	0.612741
69168.7	0.612509
69188.6	0.612277
69208.5	0.612045
69228.4	0.611813
69248.4	0.611582
69268.3	0.61135
69288.2	0.611118
69308.1	0.610886
69328.0	0.610654
69347.9	0.61043
69367.8	0.610216
69387.7	0.610003
69407.6	0.609789
69427.5	0.609576
69447.4	0.609362
69467.3	0.609148
69487.2	0.608935
69507.1	0.608721
69527.0	0.608507
69546.9	0.608294
69566.8	0.60808
69586.7	0.607867
69606.6	0.607653
69626.5	0.607439
69646.4	0.607226
69666.3	0.607012
69686.2	0.606798
69706.1	0.606585
69726.0	0.606371
69745.9	0.606158
69765.9	0.605944
69785.8	0.60573
69805.7	0.605517
69825.6	0.605303
69845.5	0.60509
69865.4	0.604876
69885.3	0.604662
69905.2	0.604449
69925.1	0.604235
69945.0	0.604022
69964.9	0.603808
69984.8	0.603594
70004.7	0.603381
70024.6	0.603167
70044.5	0.602953
70064.4	0.60274
70084.3	0.602526
70104.2	0.602313
70124.1	0.602099
70144.0	0.601885
70163.9	0.601672
70183.8	0.601458
70203.7	0.601245
70223.6	0.601031
70243.5	0.600817
70263.5	0.600604
70283.4	0.60039
70303.3	0.600177
70323.2	0.599963
70343.1	0.599749
70363.0	0.599536
70382.9	0.599322
70402.8	0.599108
70422.7	0.598895
70442.6	0.598681
70462.5	0.598468
70482.4	0.598254
70502.3	0.59804
70522.2	0.597827
70542.1	0.597613
70562.0	0.597399
70581.9	0.597186
70601.8	0.596972
70621.7	0.596759
70641.6	0.596545
70661.5	0.596331
70681.4	0.596118
70701.3	0.595915
70721.3	0.59572
70741.1	0.595526
70761.1	0.595331
70781.0	0.595137
70800.9	0.594942
70820.8	0.594748
70840.7	0.594553
70860.6	0.594359
70880.5	0.594164
70900.4	0.593969
70920.3	0.593775
70940.2	0.59358
70960.1	0.593386
70980.0	0.593191
70999.9	0.592997
71019.8	0.592802
71039.7	0.592608
71059.6	0.592413
71079.5	0.592218
71099.4	0.592024
71119.3	0.591829
71139.2	0.591635
71159.1	0.59144
71179.0	0.591246
71198.9	0.591051
71218.8	0.590857
71238.8	0.590662
71258.7	0.590467
71278.6	0.590273
71298.5	0.590078
71318.4	0.589884
71338.3	0.589689
71358.2	0.589495
71378.1	0.5893
71398.0	0.589105
71417.9	0.588911
71437.8	0.588716
71457.7	0.588522
71477.6	0.588327
71497.5	0.588133
71517.4	0.587938
71537.3	0.587744
71557.2	0.587549
71577.1	0.587354
71597.0	0.58716
71616.9	0.586965
71636.8	0.586771
71656.7	0.586576
71676.6	0.586382
71696.5	0.586187
71716.4	0.585993
71736.4	0.585798
71756.3	0.585604
71776.2	0.585409
71796.1	0.585214
71816.0	0.58502
71835.9	0.584825
71855.8	0.584631
71875.7	0.584436
71895.6	0.584242
71915.5	0.584047
71935.4	0.583852
71955.3	0.583658
71975.2	0.583463
71995.1	0.583269
72015.0	0.583074
72034.9	0.58288
72054.8	0.582685
72074.7	0.582492
72094.6	0.582301
72114.5	0.582111
72134.4	0.58192
72154.3	0.58173
72174.2	0.581539
72194.1	0.581349
72214.0	0.581159
72233.9	0.580968
72253.9	0.580778
72273.8	0.580587
72293.7	0.580397
72313.6	0.580207
72333.5	0.580016
72353.4	0.579826
72373.3	0.579635
72393.2	0.579445
72413.1	0.579254
72433.0	0.579064
72452.9	0.578874
72472.8	0.578683
72492.7	0.578493
72512.6	0.578302
72532.5	0.578112
72552.4	0.577922
72572.3	0.577731
72592.2	0.577541
72612.1	0.57735
72632.0	0.57716
72651.9	0.576969
72671.8	0.576779
72691.7	0.576589
72711.6	0.576398
72731.5	0.576208
72751.4	0.576017
72771.4	0.575827
72791.3	0.575637
72811.2	0.575446
72831.1	0.575256
72851.0	0.575065
72870.9	0.574875
72890.8	0.574684
72910.7	0.574494
72930.6	0.574304
72950.5	0.574113
72970.4	0.573923
72990.3	0.573732
73010.2	0.573542
73030.1	0.573351
73050.0	0.573161
73069.9	0.572971
73089.8	0.57278
73109.7	0.57259
73129.6	0.572399
73149.5	0.572209
73169.4	0.572019
73189.3	0.571828
73209.2	0.571638
73229.1	0.571447
73249.0	0.571257
73269.0	0.571066
73288.9	0.570876
73308.8	0.570686
73328.7	0.570495
73348.6	0.570305
73368.5	0.570114
73388.4	0.569924
73408.3	0.569734
73428.2	0.569543
73448.1	0.569353
73468.0	0.569162
73487.9	0.568982
73507.8	0.568816
73527.7	0.56865
73547.6	0.568484
73567.5	0.568319
73587.4	0.568153
73607.3	0.567987
73627.2	0.567822
73647.1	0.567656
73667.0	0.56749
73686.9	0.567324
73706.8	0.567159
73726.7	0.566993
73746.6	0.566827
73766.6	0.566661
73786.5	0.566496
73806.4	0.56633
73826.3	0.566164
73846.2	0.565998
73866.1	0.565833
73886.0	0.565667
73905.9	0.565501
73925.8	0.565336
73945.7	0.56517
73965.6	0.565004
73985.5	0.564838
74005.4	0.564672
74025.3	0.564507
74045.2	0.564341
74065.1	0.564175
74085.0	0.56401
74104.9	0.563844
74124.8	0.563678
74144.7	0.563512
74164.6	0.563347
74184.5	0.563181
74204.4	0.563015
74224.3	0.562849
74244.3	0.562684
74264.2	0.562518
74284.1	0.562352
74304.0	0.562186
74323.9	0.562021
74343.8	0.561855
74363.7	0.561689
74383.6	0.561524
74403.5	0.561358
74423.4	0.561192
74443.3	0.561026
74463.2	0.560861
74483.1	0.560695
74503.0	0.560529
74522.9	0.560363
74542.8	0.560198
74562.7	0.560032
74582.6	0.559866
74602.5	0.5597
74622.4	0.559535
74642.3	0.559369
74662.2	0.559203
74682.1	0.559038
74702.0	0.558872
74721.9	0.558706
74741.9	0.55854
74761.8	0.558375
74781.7	0.558209
74801.6	0.558043
74821.5	0.557877
74841.4	0.557712
74861.3	0.557546
74881.2	0.55738
74901.1	0.557214
74921.0	0.557049
74940.9	0.556885
74960.8	0.556722
74980.7	0.556558
75000.6	0.556395
75020.5	0.556232
75040.4	0.556068
75060.3	0.555905
75080.2	0.555741
75100.1	0.555578
75120.0	0.555414
75139.9	0.555251
75159.8	0.555087
75179.7	0.554924
75199.6	0.55476
75219.5	0.554597
75239.5	0.554433
75259.4	0.55427
75279.3	0.554106
75299.2	0.553943
75319.1	0.55378
75339.0	0.553616
75358.9	0.553453
75378.8	0.553289
75398.7	0.553126
75418.6	0.552962
75438.5	0.552799
75458.4	0.552635
75478.3	0.552472
75498.2	0.552308
75518.1	0.552145
75538.0	0.551981
75557.9	0.551818
75577.8	0.551655
75597.7	0.551491
75617.6	0.551328
75637.5	0.551164
75657.4	0.551001
75677.3	0.550837
75697.2	0.550674
75717.1	0.55051
75737.0	0.550347
75757.0	0.550183
75776.9	0.55002
75796.8	0.549856
75816.7	0.549693
75836.6	0.549529
75856.5	0.549366
75876.4	0.549203
75896.3	0.549039
75916.2	0.548876
75936.1	0.548712
75956.0	0.548549
75975.9	0.548385
75995.8	0.548222
76015.7	0.548058
76035.6	0.547895
76055.5	0.547731
76075.4	0.547568
76095.3	0.547404
76115.2	0.547241
76135.1	0.547078
76155.0	0.546914
76174.9	0.546751
76194.8	0.546587
76214.7	0.546424
76234.6	0.54626
76254.5	0.546097
76274.5	0.545933
76294.4	0.54577
76314.3	0.545606
76334.2	0.545443
76354.1	0.545279
76374.0	0.545116
76393.9	0.54496
76413.8	0.544808
76433.7	0.544655
76453.6	0.544503
76473.5	0.54435
76493.4	0.544198
76513.3	0.544045
76533.2	0.543893
76553.1	0.54374
76573.0	0.543588
76592.9	0.543435
76612.8	0.543283
76632.7	0.54313
76652.6	0.542978
76672.5	0.542826
76692.4	0.542673
76712.3	0.542521
76732.2	0.542368
76752.1	0.542216
76772.1	0.542063
76792.0	0.541911
76811.9	0.541758
76831.8	0.541606
76851.7	0.541453
76871.6	0.541301
76891.5	0.541148
76911.4	0.540996
76931.3	0.540843
76951.2	0.540691
76971.1	0.540538
76991.0	0.540386
77010.9	0.540233
77030.8	0.540081
77050.7	0.539928
77070.6	0.539776
77090.5	0.539623
77110.4	0.539471
77130.3	0.539319
77150.2	0.539166
77170.1	0.539014
77190.0	0.538861
77209.9	0.538709
77229.8	0.538556
77249.8	0.538404
77269.6	0.538251
77289.6	0.538099
77309.5	0.537946
77329.4	0.537794
77349.3	0.537641
77369.2	0.537489
77389.1	0.537336
77409.0	0.537184
77428.9	0.537031
77448.8	0.536879
77468.7	0.536726
77488.6	0.536574
77508.5	0.536421
77528.4	0.536269
77548.3	0.536117
77568.2	0.535964
77588.1	0.535812
77608.0	0.535659
77627.9	0.535507
77647.8	0.535354
77667.7	0.535202
77687.6	0.535049
77707.5	0.534897
77727.4	0.534744
77747.4	0.534592
77767.3	0.534439
77787.2	0.534287
77807.1	0.534134
77827.0	0.533982
77846.9	0.533829
77866.8	0.533677
77886.7	0.53353
77906.6	0.533392
77926.5	0.533255
77946.4	0.533117
77966.3	0.53298
77986.2	0.532843
78006.1	0.532705
78026.0	0.532568
78045.9	0.53243
78065.8	0.532293
78085.7	0.532156
78105.6	0.532018
78125.5	0.531881
78145.4	0.531743
78165.3	0.531606
78185.2	0.531469
78205.1	0.531331
78225.0	0.531194
78245.0	0.531057
78264.9	0.530919
78284.8	0.530782
78304.7	0.530644
78324.6	0.530507
78344.5	0.53037
78364.4	0.530232
78384.3	0.530095
78404.2	0.529957
78424.1	0.52982
78444.0	0.529683
78463.9	0.529545
78483.8	0.529408
78503.7	0.529271
78523.6	0.529133
78543.5	0.528996
78563.4	0.528858
78583.3	0.528721
78603.2	0.528584
78623.1	0.528446
78643.0	0.528309
78662.9	0.528171
78682.8	0.528034
78702.7	0.527897
78722.6	0.527759
78742.5	0.527622
78762.5	0.527485
78782.4	0.527347
78802.3	0.52721
78822.2	0.527072
78842.1	0.526935
78862.0	0.526798
78881.9	0.52666
78901.8	0.526523
78921.7	0.526385
78941.6	0.526248
78961.5	0.526111
78981.4	0.525973
79001.3	0.525836
79021.2	0.525699
79041.1	0.525561
79061.0	0.525424
79080.9	0.525286
79100.8	0.525149
79120.7	0.525012
79140.6	0.524874
79160.5	0.524737
79180.4	0.524599
79200.3	0.524462
79220.3	0.524325
79240.1	0.524187
79260.1	0.52405
79280.0	0.523913
79299.9	0.523775
79319.8	0.523638
79339.7	0.5235
79359.6	0.523363
79379.5	0.523226
79399.4	0.523088
79419.3	0.522955
79439.2	0.522823
79459.1	0.52269
79479.0	0.522558
79498.9	0.522425
79518.8	0.522293
79538.7	0.52216
79558.6	0.522027
79578.5	0.521895
79598.4	0.521762
79618.3	0.52163
79638.2	0.521497
79658.1	0.521364
79678.0	0.521232
79697.9	0.521099
79717.8	0.520967
79737.8	0.520834
79757.7	0.520701
79777.6	0.520569
79797.5	0.520436
79817.4	0.520304
79837.3	0.520171
79857.2	0.520039
79877.1	0.519906
79897.0	0.519773
79916.9	0.519641
79936.8	0.519508
79956.7	0.519376
79976.6	0.519243
79996.5	0.51911
80016.4	0.518984
80036.3	0.518858
80056.2	0.518732
80076.1	0.518607
80096.0	0.518481
80115.9	0.518356
80135.8	0.51823
80155.7	0.518104
80175.6	0.517979
80195.5	0.517853
80215.4	0.517727
80235.3	0.517602
80255.3	0.517476
80275.2	0.517351
80295.1	0.517225
80315.0	0.517099
80334.9	0.516974
80354.8	0.516848
80374.7	0.516723
80394.6	0.516597
80414.5	0.516471
80434.4	0.516346
80454.3	0.51622
80474.2	0.516095
80494.1	0.515969
80514.0	0.515843
80533.9	0.515718
80553.8	0.515592
80573.7	0.515467
80593.6	0.515341
80613.5	0.515215
80633.4	0.51509
80653.3	0.514964
80673.2	0.514839
80693.1	0.514713
80713.0	0.514587
80732.9	0.514462
80752.9	0.514336
80772.8	0.514211
80792.7	0.514085
80812.6	0.513959
80832.5	0.513834
80852.4	0.513708
80872.3	0.513582
80892.2	0.513457
80912.1	0.513331
80932.0	0.513206
80951.9	0.51308
80971.8	0.512955
80991.7	0.51283
81011.6	0.512705
81031.5	0.51258
81051.4	0.512455
81071.3	0.51233
81091.2	0.512204
81111.1	0.512079
81131.0	0.511954
81150.9	0.511829
81170.8	0.511704
81190.7	0.511579
81210.6	0.511454
81230.5	0.511329
81250.4	0.511204
81270.4	0.511079
81290.3	0.510954
81310.2	0.510828
81330.1	0.510703
81350.0	0.510578
81369.9	0.510453
81389.8	0.510328
81409.7	0.510203
81429.6	0.510078
81449.5	0.509953
81469.4	0.509828
81489.3	0.509703
81509.2	0.509578
81529.1	0.509453
81549.0	0.509328
81568.9	0.509202
81588.8	0.509077
81608.7	0.508952
81628.6	0.508827
81648.5	0.508702
81668.4	0.508577
81688.3	0.508452
81708.2	0.508327
81728.1	0.508202
81748.0	0.508077
81768.0	0.507952
81787.9	0.507827
81807.8	0.507701
81827.7	0.507576
81847.6	0.507451
81867.5	0.507326
81887.4	0.507201
81907.3	0.507076
81927.2	0.506951
81947.1	0.506826
81967.0	0.506701
81986.9	0.506576
82006.8	0.506451
82026.7	0.506325
82046.6	0.5062
82066.5	0.506075
82086.4	0.50595
82106.3	0.505825
82126.2	0.5057
82146.1	0.505575
82166.0	0.50545
82185.9	0.505325
82205.8	0.5052
82225.8	0.505075
82245.6	0.50495
82265.6	0.504825
82285.5	0.504699
82305.4	0.504574
82325.3	0.504449
82345.2	0.504324
82365.1	0.504199
82385.0	0.504074
82404.9	0.503949
82424.8	0.503824
82444.7	0.503699
82464.6	0.503574
82484.5	0.503449
82504.4	0.503324
82524.3	0.503198
82544.2	0.503076
82564.1	0.502963
82584.0	0.50285
82603.9	0.502737
82623.8	0.502624
82643.7	0.502511
82663.6	0.502398
82683.5	0.502285
82703.4	0.502172
82723.3	0.502059
82743.3	0.501946
82763.2	0.501833
82783.1	0.50172
82803.0	0.501607
82822.9	0.501494
82842.8	0.501381
82862.7	0.501267
82882.6	0.501154
82902.5	0.501041
82922.4	0.500928
82942.3	0.500815
82962.2	0.500702
82982.1	0.500589
83002.0	0.500476
83021.9	0.500363
83041.8	0.50025
83061.7	0.500137
83081.6	0.500024
83101.5	0.499911
83121.4	0.499798
83141.3	0.499685
83161.2	0.499572
83181.1	0.499459
83201.0	0.499346
83220.9	0.499233
83240.9	0.49912
83260.8	0.499007
83280.7	0.498894
83300.6	0.498781
83320.5	0.498668
83340.4	0.498555
83360.3	0.498442
83380.2	0.498329
83400.1	0.498216
83420.0	0.498103
83439.9	0.49799
83459.8	0.497877
83479.7	0.497764
83499.6	0.497651
83519.5	0.497538
83539.4	0.497424
83559.3	0.497311
83579.2	0.497198
83599.1	0.497085
83619.0	0.496972
83638.9	0.496859
83658.8	0.496746
83678.7	0.496633
83698.6	0.49652
83718.5	0.496407
83738.5	0.496294
83758.4	0.496181
83778.3	0.496068
83798.2	0.495955
83818.1	0.495842
83838.0	0.495729
83857.9	0.495616
83877.8	0.495503
83897.7	0.49539
83917.6	0.495277
83937.5	0.495164
83957.4	0.495051
83977.3	0.494938
83997.2	0.494825
84017.1	0.494712
84037.0	0.494599
84056.9	0.494486
84076.8	0.494373
84096.7	0.49426
84116.6	0.494147
84136.5	0.494034
84156.4	0.493923
84176.3	0.493816
84196.2	0.493709
84216.1	0.493603
84236.0	0.493496
84255.9	0.493389
84275.9	0.493283
84295.8	0.493176
84315.7	0.493069
84335.6	0.492963
84355.5	0.492856
84375.4	0.492749
84395.3	0.492643
84415.2	0.492536
84435.1	0.492429
84455.0	0.492323
84474.9	0.492216
84494.8	0.492109
84514.7	0.492003
84534.6	0.491896
84554.5	0.491789
84574.4	0.491682
84594.3	0.491576
84614.2	0.491469
84634.1	0.491363
84654.0	0.491256
84673.9	0.491149
84693.8	0.491042
84713.7	0.490936
84733.6	0.490829
84753.5	0.490722
84773.5	0.490616
84793.4	0.490509
84813.3	0.490402
84833.2	0.490296
84853.1	0.490189
84873.0	0.490082
84892.9	0.489976
84912.8	0.489869
84932.7	0.489762
84952.6	0.489656
84972.5	0.489549
84992.4	0.489442
85012.3	0.489336
85032.2	0.489229
85052.1	0.489122
85072.0	0.489016
85091.9	0.488909
85111.8	0.488802
85131.7	0.488696
85151.6	0.488589
85171.5	0.488482
85191.4	0.488376
85211.3	0.488269
85231.2	0.488162
85251.1	0.488056
85271.1	0.487949
85291.0	0.487842
85310.9	0.487736
85330.8	0.487629
85350.7	0.487522
85370.6	0.487416
85390.5	0.487309
85410.4	0.487202
85430.3	0.487096
85450.2	0.486989
85470.1	0.486882
85490.0	0.486776
85509.9	0.486669
85529.8	0.486562
85549.7	0.486456
85569.6	0.486349
85589.5	0.486242
85609.4	0.486136
85629.3	0.486029
85649.2	0.485922
85669.1	0.485815
85689.0	0.485709
85708.9	0.485602
85728.8	0.485496
85748.8	0.485389
85768.7	0.485282
85788.6	0.485175
85808.5	0.485071
85828.4	0.484971
85848.3	0.48487
85868.2	0.484769
85888.1	0.484669
85908.0	0.484568
85927.9	0.484468
85947.8	0.484367
85967.7	0.484266
85987.6	0.484166
86007.5	0.484065
86027.4	0.483964
86047.3	0.483864
86067.2	0.483763
86087.1	0.483663
86107.0	0.483562
86126.9	0.483461
86146.8	0.483361
86166.7	0.48326
86186.6	0.483159
86206.5	0.483059
86226.4	0.482958
86246.4	0.482857
86266.3	0.482757
86286.2	0.482656
86306.1	0.482556
86326.0	0.482455
86345.9	0.482354
86365.8	0.482254
86385.7	0.482153
86405.6	0.482052
86425.5	0.481952
86445.4	0.481851
86465.3	0.481751
86485.2	0.48165
86505.1	0.481549
86525.0	0.481449
86544.9	0.481348
86564.8	0.481247
86584.7	0.481147
86604.6	0.481046
86624.5	0.480945
86644.4	0.480845
86664.3	0.480744
86684.2	0.480644
86704.1	0.480543
86724.0	0.480442
86744.0	0.480342
86763.9	0.480241
86783.8	0.48014
86803.7	0.48004
86823.6	0.479939
86843.5	0.479839
86863.4	0.479738
86883.3	0.479637
86903.2	0.479537
86923.1	0.479436
86943.0	0.479335
86962.9	0.479235
86982.8	0.479134
87002.7	0.479033
87022.6	0.478933
87042.5	0.478832
87062.4	0.478732
87082.3	0.478631
87102.2	0.47853
87122.1	0.47843
87142.0	0.478329
87161.9	0.478228
87181.8	0.478128
87201.7	0.478027
87221.6	0.477926
87241.5	0.477826
87261.5	0.477725
87281.4	0.477625
87301.3	0.477524
87321.2	0.477423
87341.1	0.477323
87361.0	0.477222
87380.9	0.477121
87400.8	0.477021
87420.7	0.47692
87440.6	0.47682
87460.5	0.476719
87480.4	0.476622
87500.3	0.476528
87520.2	0.476435
87540.1	0.476341
87560.0	0.476247
87579.9	0.476154
87599.8	0.47606
87619.7	0.475967
87639.6	0.475873
87659.5	0.475779
87679.4	0.475686
87699.3	0.475592
87719.2	0.475498
87739.1	0.475405
87759.1	0.475311
87779.0	0.475218
87798.9	0.475124
87818.8	0.47503
87838.7	0.474937
87858.6	0.474843
87878.5	0.474749
87898.4	0.474656
87918.3	0.474562
87938.2	0.474469
87958.1	0.474375
87978.0	0.474281
87997.9	0.474188
88017.8	0.474094
88037.7	0.474
88057.6	0.473907
88077.5	0.473813
88097.4	0.47372
88117.3	0.473626
88137.2	0.473532
88157.1	0.473439
88177.0	0.473345
88196.9	0.473251
88216.8	0.473158
88236.7	0.473064
88256.6	0.472971
88276.6	0.472877
88296.5	0.472783
88316.4	0.47269
88336.3	0.472596
88356.2	0.472502
88376.1	0.472409
88396.0	0.472315
88415.9	0.472222
88435.8	0.472128
88455.7	0.472034
88475.6	0.471941
88495.5	0.471847
88515.4	0.471753
88535.3	0.47166
88555.2	0.471566
88575.1	0.471473
88595.0	0.471379
88614.9	0.471285
88634.8	0.471192
88654.7	0.471098
88674.6	0.471004
88694.5	0.470911
88714.4	0.470817
88734.3	0.470724
88754.3	0.47063
88774.1	0.470536
88794.1	0.470443
88814.0	0.470349
88833.9	0.470255
88853.8	0.470162
88873.7	0.470068
88893.6	0.469975
88913.5	0.469881
88933.4	0.469787
88953.3	0.469694
88973.2	0.4696
88993.1	0.469506
89013.0	0.469413
89032.9	0.469319
89052.8	0.469226
89072.7	0.469132
89092.6	0.469038
89112.5	0.468945
89132.4	0.468851
89152.3	0.468757
89172.2	0.468664
89192.1	0.468574
89212.0	0.468486
89231.9	0.468399
89251.9	0.468311
89271.8	0.468224
89291.7	0.468136
89311.6	0.468049
89331.5	0.467961
89351.4	0.467874
89371.3	0.467786
89391.2	0.467699
89411.1	0.467611
89431.0	0.467524
89450.9	0.467436
89470.8	0.467349
89490.7	0.467261
89510.6	0.467174
89530.5	0.467086
89550.4	0.466999
89570.3	0.466911
89590.2	0.466824
89610.1	0.466736
89630.0	0.466649
89649.9	0.466561
89669.8	0.466474
89689.7	0.466386
89709.6	0.466299
89729.5	0.466211
89749.5	0.466124
89769.4	0.466036
89789.3	0.465949
89809.2	0.465861
89829.1	0.465774
89849.0	0.465686
89868.9	0.465599
89888.8	0.465511
89908.7	0.465424
89928.6	0.465336
89948.5	0.465249
89968.4	0.465161
89988.3	0.465074
90008.2	0.464986
90028.1	0.464899
90048.0	0.464811
90067.9	0.464724
90087.8	0.464636
90107.7	0.464549
90127.6	0.464461
90147.5	0.464373
90167.4	0.464286
90187.3	0.464198
90207.2	0.464111
90227.1	0.464024
90247.0	0.463936
90267.0	0.463848
90286.9	0.463761
90306.8	0.463673
90326.7	0.463586
90346.6	0.463498
90366.5	0.463411
90386.4	0.463323
90406.3	0.463236
90426.2	0.463148
90446.1	0.463061
90466.0	0.462973
90485.9	0.462886
90505.8	0.462798
90525.7	0.462711
90545.6	0.462623
90565.5	0.462536
90585.4	0.462448
90605.3	0.462361
90625.2	0.462273
90645.1	0.462186
90665.0	0.462098
90684.9	0.462011
90704.8	0.461923
90724.8	0.461836
90744.6	0.461748
90764.6	0.461661
90784.5	0.461573
90804.4	0.461486
90824.3	0.461398
90844.2	0.461311
90864.1	0.461223
90884.0	0.461136
90903.9	0.461048
90923.8	0.460961
90943.7	0.460877
90963.6	0.460795
90983.5	0.460713
91003.4	0.460631
91023.3	0.460548
91043.2	0.460466
91063.1	0.460384
91083.0	0.460302
91102.9	0.46022
91122.8	0.460138
91142.7	0.460056
91162.6	0.459974
91182.5	0.459891
91202.4	0.459809
91222.3	0.459727
91242.3	0.459645
91262.2	0.459563
91282.1	0.459481
91302.0	0.459399
91321.9	0.459317
91341.8	0.459234
91361.7	0.459152
91381.6	0.45907
91401.5	0.458988
91421.4	0.458906
91441.3	0.458824
91461.2	0.458742
91481.1	0.45866
91501.0	0.458577
91520.9	0.458495
91540.8	0.458413
91560.7	0.458331
91580.6	0.458249
91600.5	0.458167
91620.4	0.458085
91640.3	0.458003
91660.2	0.45792
91680.1	0.457838
91700.0	0.457756
91719.9	0.457674
91739.9	0.457592
91759.8	0.45751
91779.7	0.457428
91799.6	0.457346
91819.5	0.457264
91839.4	0.457181
91859.3	0.457099
91879.2	0.457017
91899.1	0.456935
91919.0	0.456853
91938.9	0.456771
91958.8	0.456689
91978.7	0.456607
91998.6	0.456524
92018.5	0.456442
92038.4	0.45636
92058.3	0.456278
92078.2	0.456196
92098.1	0.456114
92118.0	0.456032
92137.9	0.45595
92157.8	0.455867
92177.7	0.455785
92197.6	0.455703
92217.5	0.455621
92237.4	0.455539
92257.4	0.455457
92277.3	0.455375
92297.2	0.455293
92317.1	0.45521
92337.0	0.455128
92356.9	0.455046
92376.8	0.454964
92396.7	0.454882
92416.6	0.4548
92436.5	0.454718
92456.4	0.454636
92476.3	0.454553
92496.2	0.454471
92516.1	0.454389
92536.0	0.454307
92555.9	0.454225
92575.8	0.454143
92595.7	0.454061
92615.6	0.453979
92635.5	0.453896
92655.4	0.453814
92675.3	0.453732
92695.2	0.45365
92715.1	0.453569
92735.0	0.453492
92754.9	0.453414
92774.9	0.453337
92794.8	0.453259
92814.7	0.453182
92834.6	0.453104
92854.5	0.453027
92874.4	0.452949
92894.3	0.452872
92914.2	0.452795
92934.1	0.452717
92954.0	0.45264
92973.9	0.452562
92993.8	0.452485
93013.7	0.452407
93033.6	0.45233
93053.5	0.452252
93073.4	0.452175
93093.3	0.452097
93113.2	0.45202
93133.1	0.451942
93153.0	0.451865
93172.9	0.451788
93192.8	0.45171
93212.7	0.451633
93232.6	0.451555
93252.5	0.451478
93272.5	0.4514
93292.4	0.451323
93312.3	0.451245
93332.2	0.451168
93352.1	0.45109
93372.0	0.451013
93391.9	0.450935
93411.8	0.450858
93431.7	0.45078
93451.6	0.450703
93471.5	0.450626
93491.4	0.450548
93511.3	0.450471
93531.2	0.450393
93551.1	0.450316
93571.0	0.450238
93590.9	0.450161
93610.8	0.450083
93630.7	0.450006
93650.6	0.449928
93670.5	0.449851
93690.4	0.449773
93710.3	0.449696
93730.3	0.449618
93750.1	0.449541
93770.1	0.449464
93790.0	0.449386
93809.9	0.449309
93829.8	0.449231
93849.7	0.449154
93869.6	0.449076
93889.5	0.448999
93909.4	0.448921
93929.3	0.448844
93949.2	0.448766
93969.1	0.448689
93989.0	0.448611
94008.9	0.448534
94028.8	0.448456
94048.7	0.448379
94068.6	0.448302
94088.5	0.448224
94108.4	0.448147
94128.3	0.448069
94148.2	0.447992
94168.1	0.447914
94188.0	0.447837
94207.9	0.447759
94227.8	0.447682
94247.8	0.447604
94267.7	0.447527
94287.6	0.44745
94307.5	0.447372
94327.4	0.447295
94347.3	0.447217
94367.2	0.44714
94387.1	0.447062
94407.0	0.446985
94426.9	0.446907
94446.8	0.44683
94466.7	0.446752
94486.6	0.446675
94506.5	0.446597
94526.4	0.446521
94546.3	0.446449
94566.2	0.446376
94586.1	0.446304
94606.0	0.446231
94625.9	0.446159
94645.8	0.446086
94665.7	0.446014
94685.6	0.445941
94705.5	0.445868
94725.4	0.445796
94745.4	0.445723
94765.3	0.445651
94785.2	0.445578
94805.1	0.445506
94825.0	0.445433
94844.9	0.44536
94864.8	0.445288
94884.7	0.445215
94904.6	0.445143
94924.5	0.44507
94944.4	0.444998
94964.3	0.444925
94984.2	0.444852
95004.1	0.44478
95024.0	0.444707
95043.9	0.444635
95063.8	0.444562
95083.7	0.44449
95103.6	0.444417
95123.5	0.444345
95143.4	0.444272
95163.3	0.444199
95183.2	0.444127
95203.1	0.444054
95223.0	0.443982
95243.0	0.443909
95262.9	0.443837
95282.8	0.443764
95302.7	0.443691
95322.6	0.443619
95342.5	0.443546
95362.4	0.443474
95382.3	0.443401
95402.2	0.443329
95422.1	0.443256
95442.0	0.443183
95461.9	0.443111
95481.8	0.443038
95501.7	0.442966
95521.6	0.442893
95541.5	0.442821
95561.4	0.442748
95581.3	0.442676
95601.2	0.442603
95621.1	0.44253
95641.0	0.442458
95660.9	0.442385
95680.8	0.442313
95700.7	0.44224
95720.6	0.442168
95740.6	0.442095
95760.5	0.442022
95780.4	0.44195
95800.3	0.441877
95820.2	0.441805
95840.1	0.441732
95860.0	0.44166
95879.9	0.441587
95899.8	0.441515
95919.7	0.441442
95939.6	0.441369
95959.5	0.441297
95979.4	0.441224
95999.3	0.441152
96019.2	0.441079
96039.1	0.441007
96059.0	0.440934
96078.9	0.440861
96098.8	0.440789
96118.7	0.440716
96138.6	0.440644
96158.5	0.440571
96178.4	0.440499
96198.3	0.440426
96218.2	0.440353
96238.1	0.440281
96258.0	0.440208
96278.0	0.440136
96297.9	0.440063
96317.8	0.439991
96337.7	0.439918
96357.6	0.439846
96377.5	0.439774
96397.4	0.439706
96417.3	0.439637
96437.2	0.439568
96457.1	0.439499
96477.0	0.439431
96496.9	0.439362
96516.8	0.439293
96536.7	0.439224
96556.6	0.439156
96576.5	0.439087
96596.4	0.439018
96616.3	0.438949
96636.2	0.43888
96656.1	0.438812
96676.0	0.438743
96695.9	0.438674
96715.8	0.438605
96735.7	0.438537
96755.6	0.438468
96775.6	0.438399
96795.5	0.43833
96815.4	0.438262
96835.3	0.438193
96855.2	0.438124
96875.1	0.438055
96895.0	0.437987
96914.9	0.437918
96934.8	0.437849
96954.7	0.43778
96974.6	0.437712
96994.5	0.437643
97014.4	0.437574
97034.3	0.437505
97054.2	0.437436
97074.1	0.437368
97094.0	0.437299
97113.9	0.43723
97133.8	0.437161
97153.7	0.437093
97173.6	0.437024
97193.5	0.436955
97213.4	0.436886
97233.3	0.436818
97253.3	0.436749
97273.2	0.43668
97293.1	0.436611
97313.0	0.436543
97332.9	0.436474
97352.8	0.436405
97372.7	0.436336
97392.6	0.436268
97412.5	0.436199
97432.4	0.43613
97452.3	0.436061
97472.2	0.435992
97492.1	0.435924
97512.0	0.435855
97531.9	0.435786
97551.8	0.435717
97571.7	0.435649
97591.6	0.43558
97611.5	0.435511
97631.4	0.435442
97651.3	0.435374
97671.2	0.435305
97691.1	0.435236
97711.0	0.435167
97730.9	0.435099
97750.9	0.43503
97770.8	0.434961
97790.7	0.434892
97810.6	0.434823
97830.5	0.434755
97850.4	0.434686
97870.3	0.434617
97890.2	0.434548
97910.1	0.43448
97930.0	0.434411
97949.9	0.434342
97969.8	0.434273
97989.7	0.434205
98009.6	0.434136
98029.5	0.434067
98049.4	0.433998
98069.3	0.43393
98089.2	0.433861
98109.1	0.433792
98129.0	0.433723
98148.9	0.433655
98168.8	0.433586
98188.7	0.433517
98208.6	0.433448
98228.5	0.433379
98248.5	0.433311
98268.4	0.433246
98288.3	0.433182
98308.2	0.433118
98328.1	0.433054
98348.0	0.432989
98367.9	0.432925
98387.8	0.432861
98407.7	0.432797
98427.6	0.432732
98447.5	0.432668
98467.4	0.432604
98487.3	0.43254
98507.2	0.432476
98527.1	0.432411
98547.0	0.432347
98566.9	0.432283
98586.8	0.432219
98606.7	0.432155
98626.6	0.43209
98646.5	0.432026
98666.4	0.431962
98686.3	0.431898
98706.2	0.431834
98726.1	0.431769
98746.0	0.431705
98766.0	0.431641
98785.9	0.431577
98805.8	0.431512
98825.7	0.431448
98845.6	0.431384
98865.5	0.43132
98885.4	0.431256
98905.3	0.431191
98925.2	0.431127
98945.1	0.431063
98965.0	0.430999
98984.9	0.430935
99004.8	0.43087
99024.7	0.430806
99044.6	0.430742
99064.5	0.430678
99084.4	0.430614
99104.3	0.430549
99124.2	0.430485
99144.1	0.430421
99164.0	0.430357
99183.9	0.430292
99203.8	0.430228
99223.8	0.430164
99243.6	0.4301
99263.6	0.430036
99283.5	0.429971
99303.4	0.429907
99323.3	0.429843
99343.2	0.429779
99363.1	0.429715
99383.0	0.42965
99402.9	0.429586
99422.8	0.429522
99442.7	0.429458
99462.6	0.429394
99482.5	0.429329
99502.4	0.429265
99522.3	0.429201
99542.2	0.429137
99562.1	0.429072
99582.0	0.429008
99601.9	0.428944
99621.8	0.42888
99641.7	0.428816
99661.6	0.428751
99681.5	0.428687
99701.4	0.428623
99721.3	0.428559
99741.3	0.428495
99761.2	0.42843
99781.1	0.428366
99801.0	0.428302
99820.9	0.428238
99840.8	0.428174
99860.7	0.428109
99880.6	0.428045
99900.5	0.427981
99920.4	0.427917
99940.3	0.427852
99960.2	0.427788
99980.1	0.427724
100000.0	0.42766