0.42500049999999995	0.1000005	123437406794.48734
0.42500049999999995	0.30000000000000004	102509005375.78508
0.42500049999999995	0.5	70019980297.20792
0.42500049999999995	0.7000000000000001	38646082908.762505
0.42500049999999995	0.9	16828976060.63594
0.42500049999999995	1.1	5622621267.190774
0.42500049999999995	1.3	1397721229.471404
0.42500049999999995	1.5	250225998.936203
0.42500049999999995	1.7	31177046.786782455
0.42500049999999995	1.9	2609172.591754532
0.42500049999999995	2.0999999999999996	141371.7023915699
0.42500049999999995	2.3	4774.432031673557
0.42500049999999995	2.5	96.64958265800527
0.42500049999999995	2.7	1.1266024656427094
0.42500049999999995	2.9000000000000004	0.00725796586554283
0.42500049999999995	3.1000000000000005	2.4784641669139368e-05
0.42500049999999995	3.3000000000000007	4.29986788417437e-08
0.42500049999999995	3.500000000000001	3.630818199042197e-11
0.42500049999999995	3.700000000000001	1.4290337405692102e-14
0.42500049999999995	3.899999500000001	2.509933239002535e-18
1.275	0.1000005	121740263102.78384
1.275	0.30000000000000004	101049208782.93289
1.275	0.5	68952974300.74239
1.275	0.7000000000000001	37998022369.17966
1.275	0.9	16511417518.797852
1.275	1.1	5501243689.914445
1.275	1.3	1362815027.7114224
1.275	1.5	242947521.26895928
1.275	1.7	30117322.170316365
1.275	1.9	2505465.098902129
1.275	2.0999999999999996	134808.9594389464
1.275	2.3	4516.223780050121
1.275	2.5	90.58122524504887
1.275	2.7	1.044813575656306
1.275	2.9000000000000004	0.006651456102985292
1.275	3.1000000000000005	2.2411987750491238e-05
1.275	3.3000000000000007	3.830634673993616e-08
1.275	3.500000000000001	3.181410140851695e-11
1.275	3.700000000000001	1.2294197192379633e-14
1.275	3.899999500000001	2.1162568481846762e-18
2.125	0.1000005	118377995606.01517
2.125	0.30000000000000004	98159349811.13853
2.125	0.5	66844030453.149345
2.125	0.7000000000000001	36720198510.29023
2.125	0.9	15887310638.598282
2.125	1.1	5263715437.205079
2.125	1.3	1294865178.9181345
2.125	1.5	228869786.89855582
2.125	1.7	28083322.664532863
2.125	1.9	2308203.770165794
2.125	2.0999999999999996	122456.31479237005
2.125	2.3	4036.0753680147727
2.125	2.5	79.45226562959638
2.125	2.7	0.8971618653142379
2.125	2.9000000000000004	0.005575813368556055
2.125	3.1000000000000005	1.8287039937399216e-05
2.125	3.3000000000000007	3.0327391125283836e-08
2.125	3.500000000000001	2.4357636997987793e-11
2.125	3.700000000000001	9.070658519939268e-15
2.125	3.899999500000001	1.4990875173243147e-18
2.9749999999999996	0.1000005	113415369802.09976
2.9749999999999996	0.30000000000000004	93899546674.04054
2.9749999999999996	0.5	63743575656.30763
2.9749999999999996	0.7000000000000001	34849224315.45127
2.9749999999999996	0.9	14978588541.237637
2.9749999999999996	1.1	4920335472.97694
2.9749999999999996	1.3	1197510125.5545206
2.9749999999999996	1.5	208917802.38400587
2.9749999999999996	1.7	25237709.071225967
2.9749999999999996	1.9	2036410.2291046411
2.9749999999999996	2.0999999999999996	105736.10451502047
2.9749999999999996	2.3	3399.3376557664424
2.9749999999999996	2.5	65.0356367155783
2.9749999999999996	2.7	0.7109129408234577
2.9749999999999996	2.9000000000000004	0.004259091277078938
2.9749999999999996	3.1000000000000005	1.3404511490533378e-05
2.9749999999999996	3.3000000000000007	2.12301127872633e-08
2.9749999999999996	3.500000000000001	1.6201360330889683e-11
2.9749999999999996	3.700000000000001	5.701985873645308e-15
2.9749999999999996	3.899999500000001	8.85611447108103e-19
3.8249999999999997	0.1000005	106951355803.3411
3.8249999999999997	0.30000000000000004	88361427932.6452
3.8249999999999997	0.5	59727994363.5785
3.8249999999999997	0.7000000000000001	32440069896.332153
3.8249999999999997	0.9	13817741548.309639
3.8249999999999997	1.1	4486169939.87032
3.8249999999999997	1.3	1075978760.457972
3.8249999999999997	1.5	184395395.54969788
3.8249999999999997	1.7	21804483.131920468
3.8249999999999997	1.9	1715569.7668945526
3.8249999999999997	2.0999999999999996	86493.66179118163
3.8249999999999997	2.3	2687.6942388477655
3.8249999999999997	2.5	49.45374680818509
3.8249999999999997	2.7	0.5171194709530134
3.8249999999999997	2.9000000000000004	0.0029465162385418214
3.8249999999999997	3.1000000000000005	8.765541031735744e-06
3.8249999999999997	3.3000000000000007	1.3036639092524365e-08
3.8249999999999997	3.500000000000001	9.277597866632134e-12
3.8249999999999997	3.700000000000001	3.022778926373505e-15
3.8249999999999997	3.899999500000001	4.3131205383384084e-19
4.675	0.1000005	99121523813.26003
4.675	0.30000000000000004	81669756421.87248
4.675	0.5	54900318946.14208
4.675	0.7000000000000001	29565899944.694775
4.675	0.9	12447340762.27008
4.675	1.1	3980553798.9950867
4.675	1.3	936823005.7776245
4.675	1.5	156887977.00716588
4.675	1.7	18046693.515173595
4.675	1.9	1374390.9487779886
4.675	2.0999999999999996	66707.34864619972
4.675	2.3	1983.7361001612055
4.675	2.5	34.70776555311057
4.675	2.7	0.34271130755562823
4.675	2.9000000000000004	0.0018302939705588147
4.675	3.1000000000000005	5.063009548968609e-06
4.675	3.3000000000000007	6.942912435428251e-09
4.675	3.500000000000001	4.515186431403921e-12
4.675	3.700000000000001	1.3317601343798153e-15
4.675	3.899999500000001	1.7033724602392091e-19
5.5249999999999995	0.1000005	90100690198.44867
5.5249999999999995	0.30000000000000004	73984454773.30748
5.5249999999999995	0.5	49391049268.677185
5.5249999999999995	0.7000000000000001	26317792735.01755
5.5249999999999995	0.9	10919203270.06576
5.5249999999999995	1.1	3426382482.3788233
5.5249999999999995	1.3	787542915.6419506
5.5249999999999995	1.5	128138667.14519353
5.5249999999999995	1.7	14239495.193156257
5.5249999999999995	1.9	1041145.7403245339
5.5249999999999995	2.0999999999999996	48186.69451537359
5.5249999999999995	2.3	1356.3591129990684
5.5249999999999995	2.5	22.282764082228173
5.5249999999999995	2.7	0.2048147723662376
5.5249999999999995	2.9000000000000004	0.0010088036448466149
5.5249999999999995	3.1000000000000005	2.5482317286986767e-06
5.5249999999999995	3.3000000000000007	3.1574843851123114e-09
5.5249999999999995	3.500000000000001	1.834898815057126e-12
5.5249999999999995	3.700000000000001	4.779875422143244e-16
5.5249999999999995	3.899999500000001	5.333724502306887e-20
6.374999999999999	0.1000005	80106090433.13846
6.374999999999999	0.30000000000000004	65502666062.62418
6.374999999999999	0.5	43358609310.097244
6.374999999999999	0.7000000000000001	22803932257.039608
6.374999999999999	0.9	9293142875.633936
6.374999999999999	1.1	2849144793.6646104
6.374999999999999	1.3	636123615.8996495
6.374999999999999	1.5	99902505.32459417
6.374999999999999	1.7	10641285.157031389
6.374999999999999	1.9	740120.1593259816
6.374999999999999	2.0999999999999996	32314.019156772476
6.374999999999999	2.3	850.3021574903203
6.374999999999999	2.5	12.93105432851274
6.374999999999999	2.7	0.10886524446065665
6.374999999999999	2.9000000000000004	0.00048558102797029916
6.374999999999999	3.1000000000000005	1.097378115623123e-06
6.374999999999999	3.3000000000000007	1.2009827847922505e-09
6.374999999999999	3.500000000000001	6.081219932221729e-13
6.374999999999999	3.700000000000001	1.360764917689418e-16
6.374999999999999	3.899999500000001	1.2849840086720858e-20
7.224999999999999	0.1000005	69400353002.96515
7.224999999999999	0.30000000000000004	56460463210.28903
7.224999999999999	0.5	36989206664.86233
7.224999999999999	0.7000000000000001	19148015897.297073
7.224999999999999	0.9	7635109663.10908
7.224999999999999	1.1	2275667786.4984727
7.224999999999999	1.3	490480685.5488737
7.224999999999999	1.5	73789618.21776108
7.224999999999999	1.7	7465911.77647293
7.224999999999999	1.9	488703.26006377675
7.224999999999999	2.0999999999999996	19879.393525763942
7.224999999999999	2.3	482.0415147735422
7.224999999999999	2.5	6.6753923961262736
7.224999999999999	2.7	0.05052390189802658
7.224999999999999	2.9000000000000004	0.00019983397679535875
7.224999999999999	3.1000000000000005	3.946473500582463e-07
7.224999999999999	3.3000000000000007	3.716214884153296e-10
7.224999999999999	3.500000000000001	1.5928078674558415e-13
7.224999999999999	3.700000000000001	2.96553976089335e-17
7.224999999999999	3.899999500000001	2.2885208091832404e-21
8.075	0.1000005	58293759103.49883
8.075	0.30000000000000004	47133528058.55281
8.075	0.5	30495333890.307423
8.075	0.7000000000000001	15486514714.707623
8.075	0.9	6014556817.245792
8.075	1.1	1732516250.3088825
8.075	1.3	357833649.67111015
8.075	1.5	51109921.9255615
8.075	1.7	4859787.563395024
8.075	1.9	295638.6271371917
8.075	2.0999999999999996	11041.178376851823
8.075	2.3	242.57519974583116
8.075	2.5	3.000336602614636
8.075	2.7	0.01997232169963401
8.075	2.9000000000000004	6.83404117294046e-05
8.075	3.1000000000000005	1.1472893378675717e-07
8.075	3.3000000000000007	9.014715454855662e-11
8.075	3.500000000000001	3.161542455549928e-14
8.075	3.700000000000001	4.718390854641508e-18
8.075	3.899999500000001	2.8565785781048696e-22
8.924999999999999	0.1000005	47144242640.243996
8.924999999999999	0.30000000000000004	37835430262.52303
8.924999999999999	0.5	24112021874.96319
8.924999999999999	0.7000000000000001	11964001859.195349
8.924999999999999	0.9	4500765411.905904
8.924999999999999	1.1	1244054999.2351391
8.924999999999999	1.3	244044698.93978757
8.924999999999999	1.5	32737458.785874773
8.924999999999999	1.7	2887826.4241083465
8.924999999999999	1.9	160802.27045409055
8.924999999999999	2.0999999999999996	5416.998334961101
8.924999999999999	2.3	105.65453331842824
8.924999999999999	2.5	1.140348468517231
8.924999999999999	2.7	0.006502650430086007
8.924999999999999	2.9000000000000004	1.8687484614569945e-05
8.924999999999999	3.1000000000000005	2.5800991727757273e-08
8.924999999999999	3.3000000000000007	1.630640651659741e-11
8.924999999999999	3.500000000000001	4.493491092336107e-15
8.924999999999999	3.700000000000001	5.141362154783889e-19
8.924999999999999	3.899999500000001	2.3255704984501377e-23
9.774999999999999	0.1000005	36353245496.62057
9.774999999999999	0.30000000000000004	28911773178.164997
9.774999999999999	0.5	18089299742.301373
9.774999999999999	0.7000000000000001	8725963722.156181
9.774999999999999	0.9	3157945689.1378226
9.774999999999999	1.1	830213303.8372366
9.774999999999999	1.3	152986796.7711187
9.774999999999999	1.5	19017808.738218203
9.774999999999999	1.7	1531647.6177588433
9.774999999999999	1.9	76611.72169728052
9.774999999999999	2.0999999999999996	2277.664038690087
9.774999999999999	2.3	38.45987668121853
9.774999999999999	2.5	0.35200342244919514
9.774999999999999	2.7	0.001664686996222771
9.774999999999999	2.9000000000000004	3.87456158878834e-06
9.774999999999999	3.1000000000000005	4.224733493757568e-09
9.774999999999999	3.3000000000000007	2.0532782674181862e-12
9.774999999999999	3.500000000000001	4.2306683925020227e-16
9.774999999999999	3.700000000000001	3.5140583469635045e-20
9.774999999999999	3.899999500000001	1.1185956151001451e-24
10.624999999999998	0.1000005	26353763377.491524
10.624999999999998	0.30000000000000004	20727127484.320362
10.624999999999998	0.5	12678917724.721394
10.624999999999998	0.7000000000000001	5908045932.715945
10.624999999999998	0.9	2038975500.9825463
10.624999999999998	1.1	504104609.15712476
10.624999999999998	1.3	86042719.54390864
10.624999999999998	1.5	9744197.521857297
10.624999999999998	1.7	702096.179824199
10.624999999999998	1.9	30803.119682760032
10.624999999999998	2.0999999999999996	786.152446959979
10.624999999999998	2.3	11.133316245602044
10.624999999999998	2.5	0.08334211230481377
10.624999999999998	2.7	0.0003138175182095237
10.624999999999998	2.9000000000000004	5.651360683901477e-07
10.624999999999998	3.1000000000000005	4.625017768259527e-10
10.624999999999998	3.3000000000000007	1.6337105479919485e-13
10.624999999999998	3.500000000000001	2.3647685419436792e-17
10.624999999999998	3.700000000000001	1.3312309226551172e-21
10.624999999999998	3.899999500000001	2.765150941413128e-26
11.474999999999998	0.1000005	17585418875.637
11.474999999999998	0.30000000000000004	13640420495.863857
11.474999999999998	0.5	8112736123.695314
11.474999999999998	0.7000000000000001	3621014144.005266
11.474999999999998	0.9	1178038178.2238781
11.474999999999998	1.1	269854776.24936706
11.474999999999998	1.3	41882225.68043014
11.474999999999998	1.5	4225451.20788863
11.474999999999998	1.7	265234.94522433856
11.474999999999998	1.9	9893.90355718201
11.474999999999998	2.0999999999999996	209.09693821117133
11.474999999999998	2.3	2.3830813750985453
11.474999999999998	2.5	0.013922846275137356
11.474999999999998	2.7	3.959456750173558e-05
11.474999999999998	2.9000000000000004	5.200169051457342e-08
11.474999999999998	3.1000000000000005	2.990477107186138e-11
11.474999999999998	3.3000000000000007	7.135553698975078e-15
11.474999999999998	3.500000000000001	6.6907980772625e-19
11.474999999999998	3.700000000000001	2.3338389266088474e-23
11.474999999999998	3.899999500000001	2.8653071027378083e-28
12.324999999999998	0.1000005	10448748824.236673
12.324999999999998	0.30000000000000004	7963224444.888966
12.324999999999998	0.5	4570140151.559716
12.324999999999998	0.7000000000000001	1931361701.7521122
12.324999999999998	0.9	583028225.0567751
12.324999999999998	1.1	121254699.76348193
12.324999999999998	1.3	16686935.504747981
12.324999999999998	1.5	1454910.7468552513
12.324999999999998	1.7	76747.5370956543
12.324999999999998	1.9	2333.8834178600387
12.324999999999998	2.0999999999999996	38.90932027581981
12.324999999999998	2.3	0.33762771377804923
12.324999999999998	2.5	0.001445708082793027
12.324999999999998	2.7	2.8929113057905656e-06
12.324999999999998	2.9000000000000004	2.5594271324853166e-09
12.324999999999998	3.1000000000000005	9.464208223997727e-13
12.324999999999998	3.3000000000000007	1.3816793182165822e-16
12.324999999999998	3.500000000000001	7.517000611887071e-21
12.324999999999998	3.700000000000001	1.4375907710953931e-25
12.324999999999998	3.899999500000001	9.110904261556818e-31
13.174999999999997	0.1000005	5230432862.918221
13.174999999999997	0.30000000000000004	3895523993.033895
13.174999999999997	0.5	2133884706.3530316
13.174999999999997	0.7000000000000001	839770610.0043525
13.174999999999997	0.9	229966496.2404242
13.174999999999997	1.1	42182588.458868176
13.174999999999997	1.3	4966696.527540795
13.174999999999997	1.5	358487.085652424
13.174999999999997	1.7	15105.365190685172
13.174999999999997	1.9	352.99639692644354
13.174999999999997	2.0999999999999996	4.33717810620947
13.174999999999997	2.3	0.026513659614275754
13.174999999999997	2.5	7.619071737876975e-05
13.174999999999997	2.7	9.710669851617367e-08
13.174999999999997	2.9000000000000004	5.1726886789122444e-11
13.174999999999997	3.1000000000000005	1.0839700916653903e-14
13.174999999999997	3.3000000000000007	8.402822593930536e-19
13.174999999999997	3.500000000000001	2.2637862807855648e-23
13.174999999999997	3.700000000000001	1.989920384076812e-28
13.174999999999997	3.899999500000001	5.355230275674804e-34
14.024999999999997	0.1000005	1996033861.4161415
14.024999999999997	0.30000000000000004	1440885465.3283575
14.024999999999997	0.5	740976381.7469364
14.024999999999997	0.7000000000000001	264805838.8148214
14.024999999999997	0.9	63578360.907475516
14.024999999999997	1.1	9848475.648070775
14.024999999999997	1.3	940572.2132661811
14.024999999999997	1.5	52723.479107586136
14.024999999999997	1.7	1646.0756033559628
14.024999999999997	1.9	27.087362590165046
14.024999999999997	2.0999999999999996	0.22177331525128519
14.024999999999997	2.3	0.0008508366379158172
14.024999999999997	2.5	1.4376422872809835e-06
14.024999999999997	2.7	1.0036728669263247e-09
14.024999999999997	2.9000000000000004	2.7117078062671314e-13
14.024999999999997	3.1000000000000005	2.652160949837022e-17
14.024999999999997	3.3000000000000007	8.774236729698867e-22
14.024999999999997	3.500000000000001	9.168054552086874e-27
14.024999999999997	3.700000000000001	2.823269618629604e-32
14.024999999999997	3.899999500000001	2.389925073426594e-38
14.874999999999996	0.1000005	475404743.3793402
14.874999999999996	0.30000000000000004	328217814.151065
14.874999999999996	0.5	154263929.84479225
14.874999999999996	0.7000000000000001	48075841.05056298
14.874999999999996	0.9	9582359.424826127
14.874999999999996	1.1	1169597.134132707
14.874999999999996	1.3	83236.90220397006
14.874999999999996	1.5	3273.5316180883183
14.874999999999996	1.7	67.15664003388902
14.874999999999996	1.9	0.6758777196615784
14.874999999999996	2.0999999999999996	0.0031275043067436966
14.874999999999996	2.3	6.217130167209902e-06
14.874999999999996	2.5	4.947987956414804e-09
14.874999999999996	2.7	1.4662173787698693e-12
14.874999999999996	2.9000000000000004	1.5020913770989467e-16
14.874999999999996	3.1000000000000005	4.934031753409497e-21
14.874999999999996	3.3000000000000007	4.8149614569972746e-26
14.874999999999996	3.500000000000001	1.2924603097089985e-31
14.874999999999996	3.700000000000001	8.829446859960213e-38
14.874999999999996	3.899999500000001	1.4194875876536261e-44
15.724999999999996	0.1000005	44734280.01207989
15.724999999999996	0.30000000000000004	28855807.8674558
15.724999999999996	0.5	11827589.341397671
15.724999999999996	0.7000000000000001	2994249.4969582106
15.724999999999996	0.9	450066.35503571236
15.724999999999996	1.1	38270.99961168698
15.724999999999996	1.3	1741.2318522528005
15.724999999999996	1.5	39.82950472447424
15.724999999999996	1.7	0.4279214201663855
15.724999999999996	1.9	0.002007178306249482
15.724999999999996	2.0999999999999996	3.8044316686866723e-06
15.724999999999996	2.3	2.6880033359613058e-09
15.724999999999996	2.5	6.513499270442314e-13
15.724999999999996	2.7	4.969901068448976e-17
15.724999999999996	2.9000000000000004	1.0944423955379294e-21
15.724999999999996	3.1000000000000005	6.366049409881966e-27
15.724999999999996	3.3000000000000007	8.93948074909098e-33
15.724999999999996	3.500000000000001	2.766316133814994e-39
15.724999999999996	3.700000000000001	1.719915859642514e-46
15.724999999999996	3.899999500000001	1.956766623436329e-54
16.574999499999993	0.1000005	448502.09649322426
16.574999499999993	0.30000000000000004	256205.74721356708
16.574999499999993	0.5	82127.25822909601
16.574999499999993	0.7000000000000001	14274.297119944273
16.574999499999993	0.9	1281.2207511672984
16.574999499999993	1.1	55.86556382381257
16.574999499999993	1.3	1.101354236298982
16.574999499999993	1.5	0.009053195817263647
16.574999499999993	1.7	2.8394256249576225e-05
16.574999499999993	1.9	3.089387134802553e-08
16.574999499999993	2.0999999999999996	1.0545139090206334e-11
16.574999499999993	2.3	1.0164866064781284e-15
16.574999499999993	2.5	2.480842110005458e-20
16.574999499999993	2.7	1.3695371595063132e-25
16.574999499999993	2.9000000000000004	1.5231258226012207e-31
16.574999499999993	3.1000000000000005	3.0322087848185384e-38
16.574999499999993	3.3000000000000007	9.585249753871586e-46
16.574999499999993	3.500000000000001	4.263961060574777e-54
16.574999499999993	3.700000000000001	2.364559404923914e-63
16.574999499999993	3.899999500000001	1.447878363712622e-73