0.42500049999999995	0.1000005	29309843705116.887
0.42500049999999995	0.30000000000000004	28654672428691.527
0.42500049999999995	0.5	27294778142791.543
0.42500049999999995	0.7000000000000001	25175402099791.848
0.42500049999999995	0.9	22304872832263.914
0.42500049999999995	1.1	18813299250420.727
0.42500049999999995	1.3	14968360391109.186
0.42500049999999995	1.5	11131985560807.334
0.42500049999999995	1.7	7670164943598.763
0.42500049999999995	1.9	4854180671835.246
0.42500049999999995	2.0999999999999996	2797883211387.16
0.42500049999999995	2.3	1456529962135.9229
0.42500049999999995	2.5	679182066716.5331
0.42500049999999995	2.7	281344550528.3111
0.42500049999999995	2.9000000000000004	102679204098.72292
0.42500049999999995	3.1000000000000005	32742643612.253998
0.42500049999999995	3.3000000000000007	9047164312.25587
0.42500049999999995	3.500000000000001	2148038831.439781
0.42500049999999995	3.700000000000001	434558877.86814755
0.42500049999999995	3.899999500000001	74278130.65756619
1.275	0.1000005	29274628218087.074
1.275	0.30000000000000004	28617579662875.906
1.275	0.5	27254223460139.656
1.275	0.7000000000000001	25130450152975.777
1.275	0.9	22255650868787.13
1.275	1.1	18761295647405.156
1.275	1.3	14916384286786.332
1.275	1.5	11083580875137.084
1.275	1.7	7628697107891.231
1.275	1.9	4821829276106.903
1.275	2.0999999999999996	2775113184783.232
1.275	2.3	1442191127402.8726
1.275	2.5	671166931247.4735
1.275	2.7	277399314206.54584
1.275	2.9000000000000004	100982132425.09943
1.275	3.1000000000000005	32109608641.69019
1.275	3.3000000000000007	8844012382.381792
1.275	3.500000000000001	2092387987.0692112
1.275	3.700000000000001	421649098.8858736
1.275	3.899999500000001	71762357.31089169
2.125	0.1000005	29203140416210.035
2.125	0.30000000000000004	28542324279859.1
2.125	0.5	27172023812272.66
2.125	0.7000000000000001	25039445246204.434
2.125	0.9	22156133637360.703
2.125	1.1	18656310309992.47
2.125	1.3	14811605726490.77
2.125	1.5	10986183109161.215
2.125	1.7	7545411880159.314
2.125	1.9	4757000054840.378
2.125	2.0999999999999996	2729595797494.6562
2.125	2.3	1413607062864.398
2.125	2.5	655239923800.7263
2.125	2.7	269586642902.49918
2.125	2.9000000000000004	97634583213.06918
2.125	3.1000000000000005	30866424406.85789
2.125	3.3000000000000007	8446988829.879339
2.125	3.500000000000001	1984212538.2439504
2.125	3.700000000000001	396703220.2851694
2.125	3.899999500000001	66932594.086857654
2.9749999999999996	0.1000005	29093203365918.652
2.9749999999999996	0.30000000000000004	28426701408531.965
2.9749999999999996	0.5	27045924233677.734
2.9749999999999996	0.7000000000000001	24900106188304.53
2.9749999999999996	0.9	22004100761992.695
2.9749999999999996	1.1	18496322259423.86
2.9749999999999996	1.3	14652364371067.344
2.9749999999999996	1.5	10838595941811.45
2.9749999999999996	1.7	7419622467240.074
2.9749999999999996	1.9	4659447780407.544
2.9749999999999996	2.0999999999999996	2661387493505.7397
2.9749999999999996	2.3	1370973067597.9893
2.9749999999999996	2.5	631609894360.0984
2.9749999999999996	2.7	258064045488.65634
2.9749999999999996	2.9000000000000004	92730117185.24492
2.9749999999999996	3.1000000000000005	29058497402.297485
2.9749999999999996	3.3000000000000007	7874342579.229914
2.9749999999999996	3.500000000000001	1829601267.1015387
2.9749999999999996	3.700000000000001	361404470.9345951
2.9749999999999996	3.899999500000001	60173188.645196155
3.8249999999999997	0.1000005	28941399483883.594
3.8249999999999997	0.30000000000000004	28267236044564.984
3.8249999999999997	0.5	26872375050510.844
3.8249999999999997	0.7000000000000001	24708871817814.43
3.8249999999999997	0.9	21796111701206.457
3.8249999999999997	1.1	18278218351324.8
3.8249999999999997	1.3	14436104225596.006
3.8249999999999997	1.5	10638998585695.303
3.8249999999999997	1.7	7250300727356.684
3.8249999999999997	1.9	4528825526756.329
3.8249999999999997	2.0999999999999996	2570597405183.856
3.8249999999999997	2.3	1314603902326.385
3.8249999999999997	2.5	600601942504.1843
3.8249999999999997	2.7	243071842925.5899
3.8249999999999997	2.9000000000000004	86409227905.09715
3.8249999999999997	3.1000000000000005	26753030191.07541
3.8249999999999997	3.3000000000000007	7152655977.602021
3.8249999999999997	3.500000000000001	1637269254.7480204
3.8249999999999997	3.700000000000001	318119185.18732274
3.8249999999999997	3.899999500000001	52013774.500552855
4.675	0.1000005	28742846508205.83
4.675	0.30000000000000004	28058971280955.914
4.675	0.5	26646344686255.23
4.675	0.7000000000000001	24460699070599.746
4.675	0.9	21527312936558.3
4.675	1.1	17997627547191.57
4.675	1.3	14159281360041.543
4.675	1.5	10384915459216.057
4.675	1.7	7036091121630.192
4.675	1.9	4364716867748.0747
4.675	2.0999999999999996	2457424842694.6797
4.675	2.3	1244958497373.4324
4.675	2.5	562671896900.0742
4.675	2.7	224937891820.1232
4.675	2.9000000000000004	78859450730.24292
4.675	3.1000000000000005	24037707758.47136
4.675	3.3000000000000007	6315823240.778147
4.675	3.500000000000001	1418061386.595853
4.675	3.700000000000001	269712891.82012314
4.675	3.899999500000001	43077018.104019046
5.5249999999999995	0.1000005	28490864355839.953
5.5249999999999995	0.30000000000000004	27795158142354.055
5.5249999999999995	0.5	26360992264619.254
5.5249999999999995	0.7000000000000001	24148770045604.074
5.5249999999999995	0.9	21191185245049.902
5.5249999999999995	1.1	17648754343935.78
5.5249999999999995	1.3	13817254776886.201
5.5249999999999995	1.5	10073170236102.277
5.5249999999999995	1.7	6775310714079.538
5.5249999999999995	1.9	4166682976389.7646
5.5249999999999995	2.0999999999999996	2322208116377.0674
5.5249999999999995	2.3	1162677861802.2266
5.5249999999999995	2.5	518425327310.5113
5.5249999999999995	2.7	204083500548.40356
5.5249999999999995	2.9000000000000004	70314616117.3006
5.5249999999999995	3.1000000000000005	21018779079.836025
5.5249999999999995	3.3000000000000007	5403635753.045076
5.5249999999999995	3.500000000000001	1184283773.0185285
5.5249999999999995	3.700000000000001	219317057.95762828
5.5249999999999995	3.899999500000001	34015338.98508257
6.374999999999999	0.1000005	28176527103267.004
6.374999999999999	0.30000000000000004	27466778848929.13
6.374999999999999	0.5	26007208104831.69
6.374999999999999	0.7000000000000001	23764089938232.375
6.374999999999999	0.9	20779222045834.99
6.374999999999999	1.1	17224120302487.996
6.374999999999999	1.3	13404142815909.467
6.374999999999999	1.5	9699839894937.354
6.374999999999999	1.7	6466012353518.435
6.374999999999999	1.9	3934337294348.5483
6.374999999999999	2.0999999999999996	2165501503781.0972
6.374999999999999	2.3	1068636777694.3931
6.374999999999999	2.5	468641668590.89
6.374999999999999	2.7	181029804883.6804
6.374999999999999	2.9000000000000004	61053471107.775696
6.374999999999999	3.1000000000000005	17818099059.05441
6.374999999999999	3.3000000000000007	4459912457.426537
6.374999999999999	3.500000000000001	948877789.6438247
6.374999999999999	3.700000000000001	170058957.74403948
6.374999999999999	3.899999500000001	25442713.168654416
7.224999999999999	0.1000005	27787956494478.5
7.224999999999999	0.30000000000000004	27061869046931.79
7.224999999999999	0.5	25572999134099.137
7.224999999999999	0.7000000000000001	23294866708999.562
7.224999999999999	0.9	20280395226000.086
7.224999999999999	1.1	16714196444033.92
7.224999999999999	1.3	12912616377070.928
7.224999999999999	1.5	9260231743924.25
7.224999999999999	1.7	6106019136408.234
7.224999999999999	1.9	3667462131270.56
7.224999999999999	2.0999999999999996	1988179212607.5132
7.224999999999999	2.3	964011577094.0354
7.224999999999999	2.5	414304547999.7685
7.224999999999999	2.7	156403167176.58582
7.224999999999999	2.9000000000000004	51396054984.70234
7.224999999999999	3.1000000000000005	14568981498.585674
7.224999999999999	3.3000000000000007	3530071947.699585
7.224999999999999	3.500000000000001	724459138.140044
7.224999999999999	3.700000000000001	124773792.64561549
7.224999999999999	3.899999500000001	17868877.516182277
8.075	0.1000005	27309334000921.535
8.075	0.30000000000000004	26564558592622.49
8.075	0.5	25042535415343.727
8.075	0.7000000000000001	22725735669341.305
8.075	0.9	19680529065404.348
8.075	1.1	16106960976736.11
8.075	1.3	12333703631010.777
8.075	1.5	8748854701841.471
8.075	1.7	5693099593026.604
8.075	1.9	3366186722854.0044
8.075	2.0999999999999996	1791587591641.168
8.075	2.3	850369171044.2751
8.075	2.5	356634984413.7846
8.075	2.7	130938220573.80344
8.075	2.9000000000000004	41697128355.36564
8.075	3.1000000000000005	11410369133.52189
8.075	3.3000000000000007	2658195658.9505243
8.075	3.500000000000001	522262536.2235171
8.075	3.700000000000001	85725140.27593361
8.075	3.899999500000001	11644769.012969334
8.924999999999999	0.1000005	26719430399091.574
8.924999999999999	0.30000000000000004	25953618368642.805
8.924999999999999	0.5	24394806095941.773
8.924999999999999	0.7000000000000001	22036518818911.242
8.924999999999999	0.9	18961335276799.6
8.924999999999999	1.1	15387278964382.59
8.924999999999999	1.3	11656525803844.582
8.924999999999999	1.5	8159482479939.952
8.924999999999999	1.7	5225161253824.388
8.924999999999999	1.9	3031256615482.3022
8.924999999999999	2.0999999999999996	1577750759106.3882
8.924999999999999	2.3	729779053859.0303
8.924999999999999	2.5	297126942504.18475
8.924999999999999	2.7	105475571494.54466
8.924999999999999	2.9000000000000004	32335007186.976807
8.924999999999999	3.1000000000000005	8478958869.710777
8.924999999999999	3.3000000000000007	1883563202.1012497
8.924999999999999	3.500000000000001	351065500.202043
8.924999999999999	3.700000000000001	54368814.92813016
8.924999999999999	3.899999500000001	6928400.629418711
9.774999999999999	0.1000005	25989388649246.508
9.774999999999999	0.30000000000000004	25200312099520.832
9.774999999999999	0.5	23601643537493.473
9.774999999999999	0.7000000000000001	21200564884835.16
9.774999999999999	0.9	18099143624083.562
9.774999999999999	1.1	14536172862668.11
9.774999999999999	1.3	10868067424810.93
9.774999999999999	1.5	7485371846677.815
9.774999999999999	1.7	4700692922703.913
9.774999999999999	1.9	2664457559314.2026
9.774999999999999	2.0999999999999996	1349662388154.4746
9.774999999999999	2.3	604946559487.3857
9.774999999999999	2.5	237576970790.27847
9.774999999999999	2.7	80948014489.40703
9.774999999999999	2.9000000000000004	23693647866.9976
9.774999999999999	3.1000000000000005	5898954828.840261
9.774999999999999	3.3000000000000007	1236839623.6217728
9.774999999999999	3.500000000000001	216224935.9233386
9.774999999999999	3.700000000000001	31202896.726894837
9.774999999999999	3.899999500000001	3679664.2968379017
10.624999999999998	0.1000005	25079294824402.273
10.624999999999998	0.30000000000000004	24265116636841.156
10.624999999999998	0.5	22624725047624.51
10.624999999999998	0.7000000000000001	20182245021070.227
10.624999999999998	0.9	17063150060613.033
10.624999999999998	1.1	13529886278358.234
10.624999999999998	1.3	9953107400565.707
10.624999999999998	1.5	6719716388616.281
10.624999999999998	1.7	4119486099405.4087
10.624999999999998	1.9	2269263409917.4478
10.624999999999998	2.0999999999999996	1111686624718.5806
10.624999999999998	2.3	479372654274.663
10.624999999999998	2.5	180097125209.25912
10.624999999999998	2.7	58348596663.39541
10.624999999999998	2.9000000000000004	16135421549.385187
10.624999999999998	3.1000000000000005	3769461836.864279
10.624999999999998	3.3000000000000007	736263814.0045017
10.624999999999998	3.500000000000001	118996095.36454408
10.624999999999998	3.700000000000001	15748972.348900283
10.624999999999998	3.899999500000001	1689094.8970128994
11.474999999999998	0.1000005	23932744440031.12
11.474999999999998	0.30000000000000004	23092558275125.52
11.474999999999998	0.5	21410972089130.027
11.474999999999998	0.7000000000000001	18933299746002.4
11.474999999999998	0.9	15813015817121.72
11.474999999999998	1.1	12338941984644.674
11.474999999999998	1.3	8894517693240.188
11.474999999999998	1.5	5856795272181.484
11.474999999999998	1.7	3483935952202.2695
11.474999999999998	1.9	1851840720429.4841
11.474999999999998	2.0999999999999996	870088241066.7886
11.474999999999998	2.3	357503218553.3678
11.474999999999998	2.5	127085101310.3964
11.474999999999998	2.7	38667424291.404434
11.474999999999998	2.9000000000000004	9962314726.08669
11.474999999999998	3.1000000000000005	2150081674.6521935
11.474999999999998	3.3000000000000007	384530883.21884143
11.474999999999998	3.500000000000001	56373886.68244522
11.474999999999998	3.700000000000001	6701502.770882633
11.474999999999998	3.899999500000001	638972.6314503525
12.324999999999998	0.1000005	22467968225080.37
12.324999999999998	0.30000000000000004	21602855510015.555
12.324999999999998	0.5	19885427957051.293
12.324999999999998	0.7000000000000001	17387502944062.78
12.324999999999998	0.9	14295857645904.268
12.324999999999998	1.1	10927538821220.328
12.324999999999998	1.3	7674630346937.586
12.324999999999998	1.5	4894329354037.978
12.324999999999998	1.7	2801344010852.6196
12.324999999999998	1.9	1422588656699.184
12.324999999999998	2.0999999999999996	633696045719.5626
12.324999999999998	2.3	244819683946.19833
12.324999999999998	2.5	81107117993.41904
12.324999999999998	2.7	22782490244.184
12.324999999999998	2.9000000000000004	5364741551.694271
12.324999999999998	3.1000000000000005	1047052692.9515657
12.324999999999998	3.3000000000000007	167462871.03850347
12.324999999999998	3.500000000000001	21699500.837037433
12.324999999999998	3.700000000000001	2252199.7027073796
12.324999999999998	3.899999500000001	185110.32808007053
13.174999999999997	0.1000005	20562875169048.793
13.174999999999997	0.30000000000000004	19678214310454.28
13.174999999999997	0.5	17939948219130.61
13.174999999999997	0.7000000000000001	15453103013334.852
13.174999999999997	0.9	12443117445015.28
13.174999999999997	1.1	9254734918893.943
13.174999999999997	1.3	6279384517693.231
13.174999999999997	1.5	3838529989031.9175
13.174999999999997	1.7	2088019820469.8926
13.174999999999997	1.9	998415268717.8881
13.174999999999997	2.0999999999999996	414594265716.09937
13.174999999999997	2.3	147715139410.03268
13.174999999999997	2.5	44615178519.88679
13.174999999999997	2.7	11286676210.817972
13.174999999999997	2.9000000000000004	2362905873.6939297
13.174999999999997	3.1000000000000005	404477637.82254744
13.174999999999997	3.3000000000000007	55934801.218033746
13.174999999999997	3.500000000000001	6174215.378398652
13.174999999999997	3.700000000000001	537486.3291577663
13.174999999999997	3.899999500000001	36459.58309454418
14.024999999999997	0.1000005	18029584346386.176
14.024999999999997	0.30000000000000004	17140243462448.744
14.024999999999997	0.5	15416394331235.908
14.024999999999997	0.7000000000000001	13003931449517.963
14.024999999999997	0.9	10170556514460.53
14.024999999999997	1.1	7281862956762.675
14.024999999999997	1.3	4709609611499.156
14.024999999999997	1.5	2714893944466.8896
14.024999999999997	1.7	1376473913294.4622
14.024999999999997	1.9	605768498527.9677
14.024999999999997	2.0999999999999996	228397617618.19516
14.024999999999997	2.3	72824603128.78821
14.024999999999997	2.5	19384096836.575623
14.024999999999997	2.7	4251986578.5371985
14.024999999999997	2.9000000000000004	758807689.1993293
14.024999999999997	3.1000000000000005	108766314.43745294
14.024999999999997	3.3000000000000007	12362910.898805039
14.024999999999997	3.500000000000001	1100162.2467240067
14.024999999999997	3.700000000000001	75673.58973618878
14.024999999999997	3.899999500000001	3972.001502910008
14.874999999999996	0.1000005	14573896398893.738
14.874999999999996	0.30000000000000004	13716893205564.838
14.874999999999996	0.5	12087661836864.268
14.874999999999996	0.7000000000000001	9878759539340.746
14.874999999999996	0.9	7395458263580.201
14.874999999999996	1.1	5001449665185.007
14.874999999999996	1.3	3011600727356.689
14.874999999999996	1.5	1591195866766.724
14.874999999999996	1.7	727061083530.5653
14.874999999999996	1.9	283206592102.9841
14.874999999999996	2.0999999999999996	92715413034.69362
14.874999999999996	2.3	25154085926.225212
14.874999999999996	2.5	5577215378.398653
14.874999999999996	2.7	996702464.9310151
14.874999999999996	2.9000000000000004	141601946.2564219
14.874999999999996	3.1000000000000005	15774451.88477744
14.874999999999996	3.3000000000000007	1359034.5609882795
14.874999999999996	3.500000000000001	89301.81002135876
14.874999999999996	3.700000000000001	4412.948779079829
14.874999999999996	3.899999500000001	161.66587875599402
15.724999999999996	0.1000005	9766993648222.281
15.724999999999996	0.30000000000000004	9035470761415.445
15.724999999999996	0.5	7687858338624.9375
15.724999999999996	0.7000000000000001	5953044276395.535
15.724999999999996	0.9	4138105804421.861
15.724999999999996	1.1	2542861126825.6035
15.724999999999996	1.3	1359450412746.058
15.724999999999996	1.5	622252081048.3164
15.724999999999996	1.7	240030438723.08456
15.724999999999996	1.9	76828152744.9055
15.724999999999996	2.0999999999999996	20095300987.12691
15.724999999999996	2.3	4230828684.4080067
15.724999999999996	2.5	706257008.0240133
15.724999999999996	2.7	92066649.82970604
15.724999999999996	2.9000000000000004	9228232.985048765
15.724999999999996	3.1000000000000005	700023.8267043805
15.724999999999996	3.3000000000000007	39535.009380592215
15.724999999999996	3.500000000000001	1634.609296888527
15.724999999999996	3.700000000000001	48.630342117416085
15.724999999999996	3.899999500000001	1.0228235289418652
16.574999499999993	0.1000005	3517432595239.971
16.574999499999993	0.30000000000000004	3139867118310.4424
16.574999499999993	0.5	2486520734012.1514
16.574999499999993	0.7000000000000001	1727509969788.9016
16.574999499999993	0.9	1037914365450.2535
16.574999499999993	1.1	530717989726.5265
16.574999499999993	1.3	227122586951.35464
16.574999499999993	1.5	79967238338.18135
16.574999499999993	1.7	22761385549.675976
16.574999499999993	1.9	5143536868.630218
16.574999499999993	2.0999999999999996	905654970.6891578
16.574999499999993	2.3	121863662.9672371
16.574999499999993	2.5	12282793.472454578
16.574999499999993	2.7	908417.7459766576
16.574999499999993	2.9000000000000004	48269.49816615895
16.574999499999993	3.1000000000000005	1803.3966866723101
16.574999499999993	3.3000000000000007	46.34379784024701
16.574999499999993	3.500000000000001	0.8010422833944302
16.574999499999993	3.700000000000001	0.009103436473361145
16.574999499999993	3.899999500000001	6.646828302067583e-05