0.42500049999999995	0.1000005	46103630526105.15
0.42500049999999995	0.30000000000000004	46225840968193.56
0.42500049999999995	0.5	46466360672134.35
0.42500049999999995	0.7000000000000001	46818382476495.23
0.42500049999999995	0.9	47271516503300.586
0.42500049999999995	1.1	47812228045609.05
0.42500049999999995	1.3	48423956991398.2
0.42500049999999995	1.5	49087356671334.19
0.42500049999999995	1.7	49780731746349.19
0.42500049999999995	1.9	50480277055411.0
0.42500049999999995	2.0999999999999996	51160714542908.5
0.42500049999999995	2.3	51795571914382.79
0.42500049999999995	2.5	52357938987797.48
0.42500049999999995	2.7	52820985197039.32
0.42500049999999995	2.9000000000000004	53158516903380.59
0.42500049999999995	3.1000000000000005	53345813362672.445
0.42500049999999995	3.3000000000000007	53360144228845.68
0.42500049999999995	3.500000000000001	53181565713142.54
0.42500049999999995	3.700000000000001	52793358471694.25
0.42500049999999995	3.899999500000001	52182584916983.31
1.275	0.1000005	46176359671934.31
1.275	0.30000000000000004	46298928385677.06
1.275	0.5	46540085017003.33
1.275	0.7000000000000001	46893022404480.82
1.275	0.9	47347350670133.95
1.275	1.1	47889415683136.55
1.275	1.3	48502577715543.03
1.275	1.5	49167450290057.93
1.275	1.7	49862178835767.07
1.275	1.9	50562918383676.66
1.275	2.0999999999999996	51244231646329.18
1.275	2.3	51879606521304.18
1.275	2.5	52442013402680.45
1.275	2.7	52904462492498.414
1.275	2.9000000000000004	53240720344068.73
1.275	3.1000000000000005	53425986597319.375
1.275	3.3000000000000007	53437530906181.15
1.275	3.500000000000001	53255290058011.516
1.275	3.700000000000001	52862584516903.3
1.275	3.899999500000001	52246476695338.984
2.125	0.1000005	46323131626325.19
2.125	0.30000000000000004	46446377075415.01
2.125	0.5	46688847369473.82
2.125	0.7000000000000001	47043655731146.16
2.125	0.9	47500372474494.82
2.125	1.1	48045144428885.7
2.125	1.3	48661212442488.42
2.125	1.5	49329030806161.16
2.125	1.7	50026506101220.164
2.125	1.9	50729673934786.875
2.125	2.0999999999999996	51412818363672.65
2.125	2.3	52049188437687.45
2.125	2.5	52611555511102.13
2.125	2.7	53072810362072.33
2.125	2.9000000000000004	53406480696139.14
2.125	3.1000000000000005	53587646729345.78
2.125	3.3000000000000007	53593418883776.67
2.125	3.500000000000001	53403733946789.27
2.125	3.700000000000001	53001912382476.41
2.125	3.899999500000001	52374976795358.984
2.9749999999999996	0.1000005	46546852370474.02
2.9749999999999996	0.30000000000000004	46671132826565.234
2.9749999999999996	0.5	46915593518703.664
2.9749999999999996	0.7000000000000001	47273307861572.234
2.9749999999999996	0.9	47733607321464.22
2.9749999999999996	1.1	48282519303860.695
2.9749999999999996	1.3	48903045809161.75
2.9749999999999996	1.5	49575322664532.83
2.9749999999999996	1.7	50277057411482.22
2.9749999999999996	1.9	50983847769553.83
2.9749999999999996	2.0999999999999996	51669699139827.88
2.9749999999999996	2.3	52307581916383.195
2.9749999999999996	2.5	52869869373874.69
2.9749999999999996	2.7	53329213442688.45
2.9749999999999996	2.9000000000000004	53658823364672.85
2.9749999999999996	3.1000000000000005	53833620124024.72
2.9749999999999996	3.3000000000000007	53830554910982.11
2.9749999999999996	3.500000000000001	53629405281056.125
2.9749999999999996	3.700000000000001	53213491698339.58
2.9749999999999996	3.899999500000001	52569956191238.164
3.8249999999999997	0.1000005	46852020204040.734
3.8249999999999997	0.30000000000000004	46977733746749.27
3.8249999999999997	0.5	47224941188237.57
3.8249999999999997	0.7000000000000001	47586596519303.78
3.8249999999999997	0.9	48051832166433.21
3.8249999999999997	1.1	48606396879375.8
3.8249999999999997	1.3	49233014002800.484
3.8249999999999997	1.5	49911381476295.18
3.8249999999999997	1.7	50618808761752.266
3.8249999999999997	1.9	51330535307061.33
3.8249999999999997	2.0999999999999996	52020049009801.875
3.8249999999999997	2.3	52659842568513.62
3.8249999999999997	2.5	53221970794158.74
3.8249999999999997	2.7	53678488497699.45
3.8249999999999997	2.9000000000000004	54002485497099.336
3.8249999999999997	3.1000000000000005	54168365273054.52
3.8249999999999997	3.3000000000000007	54152959591918.3
3.8249999999999997	3.500000000000001	53935966393278.57
3.8249999999999997	3.700000000000001	53500626525304.98
3.8249999999999997	3.899999500000001	52834121824364.79
4.675	0.1000005	47245123824764.875
4.675	0.30000000000000004	47372628725745.07
4.675	0.5	47623379075815.086
4.675	0.7000000000000001	47990129825965.12
4.675	0.9	48461734746949.31
4.675	1.1	49023624124824.88
4.675	1.3	49658043608721.664
4.675	1.5	50344253250650.05
4.675	1.7	51059005201040.125
4.675	1.9	51776981596319.18
4.675	2.0999999999999996	52471113022604.44
4.675	2.3	53113255251050.125
4.675	2.5	53674905781156.14
4.675	2.7	54127681536307.17
4.675	2.9000000000000004	54444035407081.33
4.675	3.1000000000000005	54598132026405.195
4.675	3.3000000000000007	54566484696939.3
4.675	3.500000000000001	54328632126425.195
4.675	3.700000000000001	53867775355070.93
4.675	3.899999500000001	53171295259051.73
5.5249999999999995	0.1000005	47734841368273.58
5.5249999999999995	0.30000000000000004	47864615323064.54
5.5249999999999995	0.5	48119824164832.89
5.5249999999999995	0.7000000000000001	48492944188837.69
5.5249999999999995	0.9	48972510702140.35
5.5249999999999995	1.1	49543555911182.16
5.5249999999999995	1.3	50187688537707.46
5.5249999999999995	1.5	50883651130225.96
5.5249999999999995	1.7	51607479295859.086
5.5249999999999995	1.9	52333138627725.46
5.5249999999999995	2.0999999999999996	53032803360672.05
5.5249999999999995	2.3	53677692338467.61
5.5249999999999995	2.5	54238427285457.0
5.5249999999999995	2.7	54686067813562.625
5.5249999999999995	2.9000000000000004	54992509501900.29
5.5249999999999995	3.1000000000000005	55131399479895.89
5.5249999999999995	3.3000000000000007	55078892778555.625
5.5249999999999995	3.500000000000001	54814368873774.664
5.5249999999999995	3.700000000000001	54321068613722.66
5.5249999999999995	3.899999500000001	53586452490498.016
6.374999999999999	0.1000005	48332955991198.164
6.374999999999999	0.30000000000000004	48465556311262.17
6.374999999999999	0.5	48726218843768.67
6.374999999999999	0.7000000000000001	49107181036207.164
6.374999999999999	0.9	49596500500099.94
6.374999999999999	1.1	50178652130426.01
6.374999999999999	1.3	50834687337467.414
6.374999999999999	1.5	51542512702540.42
6.374999999999999	1.7	52277327865573.03
6.374999999999999	1.9	53012182836567.23
6.374999999999999	2.0999999999999996	53718415883176.55
6.374999999999999	2.3	54366210842168.34
6.374999999999999	2.5	54925433086617.234
6.374999999999999	2.7	55366226645328.98
6.374999999999999	2.9000000000000004	55659810362072.33
6.374999999999999	3.1000000000000005	55779274054810.875
6.374999999999999	3.3000000000000007	55700414482896.49
6.374999999999999	3.500000000000001	55402332466493.21
6.374999999999999	3.700000000000001	54868308661732.26
6.374999999999999	3.899999500000001	54086122024404.8
7.224999999999999	0.1000005	49055112222444.41
7.224999999999999	0.30000000000000004	49191096219243.766
7.224999999999999	0.5	49458406681336.19
7.224999999999999	0.7000000000000001	49848843168633.65
7.224999999999999	0.9	50350025405080.94
7.224999999999999	1.1	50945671934386.8
7.224999999999999	1.3	51616038007601.44
7.224999999999999	1.5	52338114622924.5
7.224999999999999	1.7	53086026605320.98
7.224999999999999	1.9	53831749149829.88
7.224999999999999	2.0999999999999996	54545466093218.555
7.224999999999999	2.3	55196246649329.77
7.224999999999999	2.5	55752881376275.164
7.224999999999999	2.7	56184558911782.266
7.224999999999999	2.9000000000000004	56461582516503.21
7.224999999999999	3.1000000000000005	56556444888977.7
7.224999999999999	3.3000000000000007	56444385477095.33
7.224999999999999	3.500000000000001	56104345869173.74
7.224999999999999	3.700000000000001	55519646529305.77
7.224999999999999	3.899999500000001	54678464492898.49
8.075	0.1000005	49922169433886.695
8.075	0.30000000000000004	50062293458691.66
8.075	0.5	50337605321064.13
8.075	0.7000000000000001	50739546309261.77
8.075	0.9	51254979795959.11
8.075	1.1	51866907781556.23
8.075	1.3	52554470894178.75
8.075	1.5	53293505701140.14
8.075	1.7	54056902980596.03
8.075	1.9	54815284456891.29
8.075	2.0999999999999996	55537400880175.945
8.075	2.3	56190967993598.63
8.075	2.5	56743502500500.01
8.075	2.7	57162879375875.086
8.075	2.9000000000000004	57418565913182.55
8.075	3.1000000000000005	57482059611922.29
8.075	3.3000000000000007	57328201840367.984
8.075	3.500000000000001	56935655531106.13
8.075	3.700000000000001	56287940188037.516
8.075	3.899999500000001	55373630926185.15
8.924999999999999	0.1000005	50962431086217.164
8.924999999999999	0.30000000000000004	51107531106221.164
8.924999999999999	0.5	51392595919183.75
8.924999999999999	0.7000000000000001	51808390078015.516
8.924999999999999	0.9	52341060412082.33
8.924999999999999	1.1	52972534106821.28
8.924999999999999	1.3	53680677935587.03
8.924999999999999	1.5	54439895379075.73
8.924999999999999	1.7	55221564512902.49
8.924999999999999	1.9	55994475895178.945
8.924999999999999	2.0999999999999996	56725787957591.43
8.924999999999999	2.3	57381544508901.69
8.924999999999999	2.5	57927550510101.93
8.924999999999999	2.7	58330367273454.59
8.924999999999999	2.9000000000000004	58558148429685.84
8.924999999999999	3.1000000000000005	58581515703140.53
8.924999999999999	3.3000000000000007	58374633726745.26
8.924999999999999	3.500000000000001	57916085817163.336
8.924999999999999	3.700000000000001	57189550710141.94
8.924999999999999	3.899999500000001	56184320064012.71
9.774999999999999	0.1000005	52214988597719.46
9.774999999999999	0.30000000000000004	52366219043808.68
9.774999999999999	0.5	52663027205441.0
9.774999999999999	0.7000000000000001	53095699939987.914
9.774999999999999	0.9	53649269453890.695
9.774999999999999	1.1	54304309461892.29
9.774999999999999	1.3	55037174034806.875
9.774999999999999	1.5	55820395679135.734
9.774999999999999	1.7	56623401880375.984
9.774999999999999	1.9	57412952990598.02
9.774999999999999	2.0999999999999996	58154018003600.625
9.774999999999999	2.3	58810570714142.734
9.774999999999999	2.5	59346505301060.12
9.774999999999999	2.7	59726591718343.57
9.774999999999999	2.9000000000000004	59917470894178.74
9.774999999999999	3.1000000000000005	59888769353870.68
9.774999999999999	3.3000000000000007	59613974994998.91
9.774999999999999	3.500000000000001	59071511902380.38
9.774999999999999	3.700000000000001	58245536507301.37
9.774999999999999	3.899999500000001	57126295859171.74
10.624999999999998	0.1000005	53735294458891.695
10.624999999999998	0.30000000000000004	53894008801760.266
10.624999999999998	0.5	54205346869373.79
10.624999999999998	0.7000000000000001	54658640128025.516
10.624999999999998	0.9	55237686737347.38
10.624999999999998	1.1	55921388477695.445
10.624999999999998	1.3	56684069213842.68
10.624999999999998	1.5	57495952590518.01
10.624999999999998	1.7	58323997999599.83
10.624999999999998	1.9	59132298659731.85
10.624999999999998	2.0999999999999996	59883156431286.164
10.624999999999998	2.3	60537997399479.8
10.624999999999998	2.5	61058207841568.22
10.624999999999998	2.7	61406487697539.41
10.624999999999998	2.9000000000000004	61547686537307.36
10.624999999999998	3.1000000000000005	61450196839367.77
10.624999999999998	3.3000000000000007	61086869573914.69
10.624999999999998	3.500000000000001	60436128825765.055
10.624999999999998	3.700000000000001	59482807761552.21
10.624999999999998	3.899999500000001	58218705941188.14
11.474999999999998	0.1000005	55604875375074.92
11.474999999999998	0.30000000000000004	55772904780956.1
11.474999999999998	0.5	56102315663132.54
11.474999999999998	0.7000000000000001	56581245249049.72
11.474999999999998	0.9	57191859571914.29
11.474999999999998	1.1	57910791358271.56
11.474999999999998	1.3	58709776955390.984
11.474999999999998	1.5	59556094218843.67
11.474999999999998	1.7	60413398479695.84
11.474999999999998	1.9	61242478895779.055
11.474999999999998	2.0999999999999996	62002174034806.86
11.474999999999998	2.3	62650605921184.13
11.474999999999998	2.5	63146175235046.91
11.474999999999998	2.7	63448835167033.305
11.474999999999998	2.9000000000000004	63521405081016.1
11.474999999999998	3.1000000000000005	63330884176835.266
11.474999999999998	3.3000000000000007	62849446689337.766
11.474999999999998	3.500000000000001	62055835167033.305
11.474999999999998	3.700000000000001	60936156631326.164
11.474999999999998	3.899999500000001	59484360272054.31
12.324999999999998	0.1000005	57949365273054.516
12.324999999999998	0.30000000000000004	58129297259451.8
12.324999999999998	0.5	58481677335467.0
12.324999999999998	0.7000000000000001	58993169833966.695
12.324999999999998	0.9	59643512502500.41
12.324999999999998	1.1	60406511702340.37
12.324999999999998	1.3	61250360872174.336
12.324999999999998	1.5	62138357071414.18
12.324999999999998	1.7	63029856371274.16
12.324999999999998	1.9	63881109821964.29
12.324999999999998	2.0999999999999996	64646537307461.39
12.324999999999998	2.3	65279961592318.36
12.324999999999998	2.5	65735842368473.586
12.324999999999998	2.7	65970868573714.63
12.324999999999998	2.9000000000000004	65945351670333.96
12.324999999999998	3.1000000000000005	65624698539707.836
12.324999999999998	3.3000000000000007	64980764952990.49
12.324999999999998	3.500000000000001	63993089617923.484
12.324999999999998	3.700000000000001	62649849569913.88
12.324999999999998	3.899999500000001	60948377675535.01
13.174999999999997	0.1000005	60975168433686.64
13.174999999999997	0.30000000000000004	61170705141028.11
13.174999999999997	0.5	61553219843968.695
13.174999999999997	0.7000000000000001	62107068013602.62
13.174999999999997	0.9	62808922184436.79
13.174999999999997	1.1	63628369073814.66
13.174999999999997	1.3	64528665933186.53
13.174999999999997	1.5	65467576515302.95
13.174999999999997	1.7	66398485697139.32
13.174999999999997	1.9	67271474294858.86
13.174999999999997	2.0999999999999996	68034871574314.75
13.174999999999997	2.3	68636688337667.42
13.174999999999997	2.5	69026328665733.03
13.174999999999997	2.7	69156301660331.95
13.174999999999997	2.9000000000000004	68983893378675.625
13.174999999999997	3.1000000000000005	68473037807561.4
13.174999999999997	3.3000000000000007	67595670334066.7
13.174999999999997	3.500000000000001	66333320064012.695
13.174999999999997	3.700000000000001	64677866173234.54
13.174999999999997	3.899999500000001	62632254450890.08
14.024999999999997	0.1000005	65052379475895.07
14.024999999999997	0.30000000000000004	65269412482496.39
14.024999999999997	0.5	65693128425685.03
14.024999999999997	0.7000000000000001	66304658331666.23
14.024999999999997	0.9	67075818163632.62
14.024999999999997	1.1	67969944788957.68
14.024999999999997	1.3	68943010602120.31
14.024999999999997	1.5	69944539107821.45
14.024999999999997	1.7	70919038007601.4
14.024999999999997	1.9	71807671134226.73
14.024999999999997	2.0999999999999996	72550010002000.28
14.024999999999997	2.3	73085984396879.25
14.024999999999997	2.5	73358032006401.16
14.024999999999997	2.7	73313367473494.58
14.024999999999997	2.9000000000000004	72905853370674.02
14.024999999999997	3.1000000000000005	72098468293658.61
14.024999999999997	3.3000000000000007	70864739947989.48
14.024999999999997	3.500000000000001	69190456891378.164
14.024999999999997	3.700000000000001	67074663732746.44
14.024999999999997	3.899999500000001	64529899979995.9
14.874999999999996	0.1000005	70938742948589.61
14.874999999999996	0.30000000000000004	71187383476695.22
14.874999999999996	0.5	71671448289657.81
14.874999999999996	0.7000000000000001	72366535107021.28
14.874999999999996	0.9	73236418683736.62
14.874999999999996	1.1	74234085817163.31
14.874999999999996	1.3	75303367473494.58
14.874999999999996	1.5	76380332066413.16
14.874999999999996	1.7	77395275855170.9
14.874999999999996	1.9	78275191038207.52
14.874999999999996	2.0999999999999996	78945955191038.08
14.874999999999996	2.3	79335555711142.1
14.874999999999996	2.5	79376677335466.97
14.874999999999996	2.7	79009687737547.38
14.874999999999996	2.9000000000000004	78185623124624.8
14.874999999999996	3.1000000000000005	76868497099419.77
14.874999999999996	3.3000000000000007	75037649329865.86
14.874999999999996	3.500000000000001	72689218443688.62
14.874999999999996	3.700000000000001	69836938187637.414
14.874999999999996	3.899999500000001	66511938387677.43
15.724999999999996	0.1000005	80569960792158.3
15.724999999999996	0.30000000000000004	80870988597719.4
15.724999999999996	0.5	81453976195238.92
15.724999999999996	0.7000000000000001	82283335267053.28
15.724999999999996	0.9	83306559111822.23
15.724999999999996	1.1	84456053810762.02
15.724999999999996	1.3	85651606321264.11
15.724999999999996	1.5	86803171034206.7
15.724999999999996	1.7	87814054410882.03
15.724999999999996	1.9	88584975395078.88
15.724999999999996	2.0999999999999996	89018205441088.08
15.724999999999996	2.3	89022027005400.94
15.724999999999996	2.5	88515470694138.69
15.724999999999996	2.7	87432455291058.08
15.724999999999996	2.9000000000000004	85726007401480.16
15.724999999999996	3.1000000000000005	83371326665332.94
15.724999999999996	3.3000000000000007	80368134426885.25
15.724999999999996	3.500000000000001	76741629125825.05
15.724999999999996	3.700000000000001	72542327065412.97
15.724999999999996	3.899999500000001	67843673934786.85
16.574999499999993	0.1000005	102085208641728.19
16.574999499999993	0.30000000000000004	102496424884976.83
16.574999499999993	0.5	103280243648729.58
16.574999499999993	0.7000000000000001	104363657131426.11
16.574999499999993	0.9	105640656731346.1
16.574999499999993	1.1	106977527505500.92
16.574999499999993	1.3	108219655331066.03
16.574999499999993	1.5	109199607921584.14
16.574999499999993	1.7	109746489697939.4
16.574999499999993	1.9	109696252050409.9
16.574999499999993	2.0999999999999996	108902481296259.08
16.574999499999993	2.3	107246629325865.0
16.574999499999993	2.5	104647249049809.8
16.574999499999993	2.7	101067478295658.97
16.574999499999993	2.9000000000000004	96519458491698.19
16.574999499999993	3.1000000000000005	91065568713742.6
16.574999499999993	3.3000000000000007	84815957591518.17
16.574999499999993	3.500000000000001	77922213842768.42
16.574999499999993	3.700000000000001	70567931786357.16
16.574999499999993	3.899999500000001	62956052410481.99