0.42500049999999995	0.1000005	57747933043081.39
0.42500049999999995	0.30000000000000004	57357329467198.086
0.42500049999999995	0.5	56456217606209.65
0.42500049999999995	0.7000000000000001	54841460194782.72
0.42500049999999995	0.9	52292038022020.65
0.42500049999999995	1.1	48648440457716.73
0.42500049999999995	1.3	43885175815116.164
0.42500049999999995	1.5	38154819038769.22
0.42500049999999995	1.7	31786602259639.06
0.42500049999999995	1.9	25235096805178.895
0.42500049999999995	2.0999999999999996	18990708378733.51
0.42500049999999995	2.3	13478602622955.455
0.42500049999999995	2.5	8977730989766.11
0.42500049999999995	2.7	5584636398322.624
0.42500049999999995	2.9000000000000004	3228798946527.321
0.42500049999999995	3.1000000000000005	1726744399039.2095
0.42500049999999995	3.3000000000000007	850124431522.3346
0.42500049999999995	3.500000000000001	383469294195.39435
0.42500049999999995	3.700000000000001	157722764570.82126
0.42500049999999995	3.899999500000001	58869583008.43342
1.275	0.1000005	57755470051897.33
1.275	0.30000000000000004	57362189969366.25
1.275	0.5	56455603633643.516
1.275	0.7000000000000001	54832462441682.87
1.275	0.9	52271970519956.625
1.275	1.1	48615347497233.11
1.275	1.3	43838480740343.6
1.275	1.5	38095861451541.5
1.275	1.7	31718789909851.832
1.275	1.9	25163459288639.01
1.275	2.0999999999999996	18921004785615.402
1.275	2.3	13416074409390.219
1.275	2.5	8926066868173.4
1.275	2.7	5545393564896.237
1.275	2.9000000000000004	3201465131043.9233
1.275	3.1000000000000005	1709336250629.281
1.275	3.3000000000000007	840021677941.124
1.275	3.500000000000001	378145507778.6626
1.275	3.700000000000001	155185074199.4588
1.275	3.899999500000001	57779836303.881836
2.125	0.1000005	57769939732122.836
2.125	0.30000000000000004	57371234741774.375
2.125	0.5	56453565517887.875
2.125	0.7000000000000001	54813511007119.22
2.125	0.9	52230670791236.61
2.125	1.1	48547775341036.164
2.125	1.3	43743551189575.93
2.125	1.5	37976362973032.95
2.125	1.7	31581627761461.066
2.125	1.9	25018854468782.38
2.125	2.0999999999999996	18780537036546.336
2.125	2.3	13290309485424.027
2.125	2.5	8822370377692.658
2.125	2.7	5466802401775.642
2.125	2.9000000000000004	3146853768672.1494
2.125	3.1000000000000005	1674647723265.874
2.125	3.3000000000000007	819947657331.1823
2.125	3.500000000000001	367600641614.87964
2.125	3.700000000000001	150176176582.68713
2.125	3.899999500000001	55636954739.94576
2.9749999999999996	0.1000005	57790067493333.51
2.9749999999999996	0.30000000000000004	57383078120891.73
2.9749999999999996	0.5	56448485438317.85
2.9749999999999996	0.7000000000000001	54782594514885.66
2.9749999999999996	0.9	52165724863799.42
2.9749999999999996	1.1	48442908708474.82
2.9749999999999996	1.3	43597242869983.234
2.9749999999999996	1.5	37793013674060.39
2.9749999999999996	1.7	31371965475494.047
2.9749999999999996	1.9	24798514889826.855
2.9749999999999996	2.0999999999999996	18567193974363.906
2.9749999999999996	2.3	13099902830402.088
2.9749999999999996	2.5	8665911024851.353
2.9749999999999996	2.7	5348659625140.37
2.9749999999999996	2.9000000000000004	3065088823305.208
2.9749999999999996	3.1000000000000005	1622940422348.9026
2.9749999999999996	3.3000000000000007	790170786141.2803
2.9749999999999996	3.500000000000001	352042213489.8096
2.9749999999999996	3.700000000000001	142828921381.79526
2.9749999999999996	3.899999500000001	52513775155.5742
3.8249999999999997	0.1000005	57813784789792.84
3.8249999999999997	0.30000000000000004	57395448773736.9
3.8249999999999997	0.5	56437686466776.766
3.8249999999999997	0.7000000000000001	54736529042856.44
3.8249999999999997	0.9	52073269443600.78
3.8249999999999997	1.1	48296245493103.78
3.8249999999999997	1.3	43394577100789.305
3.8249999999999997	1.5	37540692915536.266
3.8249999999999997	1.7	31084885210450.848
3.8249999999999997	1.9	24498212222070.453
3.8249999999999997	2.0999999999999996	18277710557907.344
3.8249999999999997	2.3	12842725069654.324
3.8249999999999997	2.5	8455607898507.436
3.8249999999999997	2.7	5190694500210.941
3.8249999999999997	2.9000000000000004	2956392358301.55
3.8249999999999997	3.1000000000000005	1554636166860.6296
3.8249999999999997	3.3000000000000007	751108523205.5458
3.8249999999999997	3.500000000000001	331787500229.29315
3.8249999999999997	3.700000000000001	133343774012.15132
3.8249999999999997	3.899999500000001	48518592004.03166
4.675	0.1000005	57838019222686.3
4.675	0.30000000000000004	57405000540114.08
4.675	0.5	56417274889582.22
4.675	0.7000000000000001	54670619826878.03
4.675	0.9	51947717457101.59
4.675	1.1	48101316451877.78
4.675	1.3	43128435686668.484
4.675	1.5	37212069564667.91
4.675	1.7	30713471568593.434
4.675	1.9	24111994356316.34
4.675	2.0999999999999996	17907574540851.965
4.675	2.3	12515886337557.074
4.675	2.5	8190049527451.035
4.675	2.7	4992609928521.484
4.675	2.9000000000000004	2821125353367.1484
4.675	3.1000000000000005	1470343349563.9316
4.675	3.3000000000000007	703344722778.7538
4.675	3.500000000000001	307270184474.4684
4.675	3.700000000000001	121989137080.97818
4.675	3.899999500000001	43793607664.77331
5.5249999999999995	0.1000005	57858380202288.836
5.5249999999999995	0.30000000000000004	57406937257075.91
5.5249999999999995	0.5	56381714332592.02
5.5249999999999995	0.7000000000000001	54578286085231.96
5.5249999999999995	0.9	51781271337057.66
5.5249999999999995	1.1	47849178211182.52
5.5249999999999995	1.3	42789064063655.945
5.5249999999999995	1.5	36797206539661.64
5.5249999999999995	1.7	30248406000770.375
5.5249999999999995	1.9	23631982606285.258
5.5249999999999995	2.0999999999999996	17450925072915.385
5.5249999999999995	2.3	12115695718015.537
5.5249999999999995	2.5	7867532411946.089
5.5249999999999995	2.7	4754152413087.468
5.5249999999999995	2.9000000000000004	2659853613771.4805
5.5249999999999995	3.1000000000000005	1370907636399.2092
5.5249999999999995	3.3000000000000007	647654173044.4288
5.5249999999999995	3.500000000000001	279048567984.0692
5.5249999999999995	3.700000000000001	109101451786.14722
5.5249999999999995	3.899999500000001	38512630679.316605
6.374999999999999	0.1000005	57868591111880.34
6.374999999999999	0.30000000000000004	57394485485195.68
6.374999999999999	0.5	56323268067838.24
6.374999999999999	0.7000000000000001	54450401926475.08
6.374999999999999	0.9	51563263930359.83
6.374999999999999	1.1	47527683195519.21
6.374999999999999	1.3	42363361507591.08
6.374999999999999	1.5	36282911857442.41
6.374999999999999	1.7	29677500371965.375
6.374999999999999	1.9	23048047232475.293
6.374999999999999	2.0999999999999996	16900360042149.258
6.374999999999999	2.3	11637701803981.336
6.374999999999999	2.5	7486136058837.784
6.374999999999999	2.7	4475214471187.448
6.374999999999999	2.9000000000000004	2473442071225.7695
6.374999999999999	3.1000000000000005	1257470777784.7961
6.374999999999999	3.3000000000000007	585033421348.1648
6.374999999999999	3.500000000000001	247814798924.6628
6.374999999999999	3.700000000000001	95084508404.38026
6.374999999999999	3.899999500000001	32877252997.600807
7.224999999999999	0.1000005	57859769372709.92
7.224999999999999	0.30000000000000004	57358103597975.59
7.224999999999999	0.5	56231056004744.76
7.224999999999999	0.7000000000000001	54274353340657.05
7.224999999999999	0.9	51279053251181.54
7.224999999999999	1.1	47120414940169.53
7.224999999999999	1.3	41833846866420.52
7.224999999999999	1.5	35651836184388.805
7.224999999999999	1.7	28984966889981.746
7.224999999999999	1.9	22347270028554.676
7.224999999999999	2.0999999999999996	16246733277351.658
7.224999999999999	2.3	11076591298658.664
7.224999999999999	2.5	7043837562189.55
7.224999999999999	2.7	4155988760529.6714
7.224999999999999	2.9000000000000004	2263185588327.008
7.224999999999999	3.1000000000000005	1131553755627.8857
7.224999999999999	3.3000000000000007	516737176364.6027
7.224999999999999	3.500000000000001	214403490768.12354
7.224999999999999	3.700000000000001	80405441038.8942
7.224999999999999	3.899999500000001	27111202036.931877
8.075	0.1000005	57819169092665.83
8.075	0.30000000000000004	57284153457647.81
8.075	0.5	56089787205204.57
8.075	0.7000000000000001	54032527357292.58
8.075	0.9	50908521778830.29
8.075	1.1	46605096130132.79
8.075	1.3	41177127438411.63
8.075	1.5	34881124232375.406
8.075	1.7	28150434537142.484
8.075	1.9	21513467747030.863
8.075	2.0999999999999996	15478951750479.451
8.075	2.3	10426361393453.797
8.075	2.5	6538720484798.322
8.075	2.7	3797202310465.7754
8.075	2.9000000000000004	2030988434423.002
8.075	3.1000000000000005	995163150659.2433
8.075	3.3000000000000007	444320591394.4518
8.075	3.500000000000001	179797400624.08633
8.075	3.700000000000001	65587406626.487495
8.075	3.899999500000001	21451985379.59578
8.924999999999999	0.1000005	57728213919839.74
8.924999999999999	0.30000000000000004	57152892719056.97
8.924999999999999	0.5	55877508830357.18
8.924999999999999	0.7000000000000001	53700010292741.8
8.924999999999999	0.9	50423602327178.664
8.924999999999999	1.1	45951144889194.984
8.924999999999999	1.3	40361627639171.05
8.924999999999999	1.5	33940538881087.18
8.924999999999999	1.7	27147559906814.973
8.924999999999999	1.9	20526299789864.977
8.924999999999999	2.0999999999999996	14583742359422.523
8.924999999999999	2.3	9680397845046.322
8.924999999999999	2.5	5969320628081.442
8.924999999999999	2.7	3400464319853.5723
8.924999999999999	2.9000000000000004	1779613726645.154
8.924999999999999	3.1000000000000005	850919107710.9948
8.924999999999999	3.3000000000000007	369681446262.71497
8.924999999999999	3.500000000000001	145125401264.07074
8.924999999999999	3.700000000000001	51195348546.888954
8.924999999999999	3.899999500000001	16139077754.314182
9.774999999999999	0.1000005	57559313104481.46
9.774999999999999	0.30000000000000004	56935189508740.58
9.774999999999999	0.5	55562138301840.164
9.774999999999999	0.7000000000000001	53240906973994.94
9.774999999999999	0.9	49784495869655.08
9.774999999999999	1.1	45115892604919.65
9.774999999999999	1.3	39344202281931.38
9.774999999999999	1.5	32789703130827.83
9.774999999999999	1.7	25942161465604.875
9.774999999999999	1.9	19360426598483.164
9.774999999999999	2.0999999999999996	13545499829813.057
9.774999999999999	2.3	8831896794371.383
9.774999999999999	2.5	5335209075141.083
9.774999999999999	2.7	2968787346857.244
9.774999999999999	2.9000000000000004	1513024129855.6748
9.774999999999999	3.1000000000000005	702211794055.4818
9.774999999999999	3.3000000000000007	295096245289.2867
9.774999999999999	3.500000000000001	111647169903.61491
9.774999999999999	3.700000000000001	37812056367.53846
9.774999999999999	3.899999500000001	11397727567.90518
10.624999999999998	0.1000005	57270325097174.54
10.624999999999998	0.30000000000000004	56586773113319.93
10.624999999999998	0.5	55095541612230.53
10.624999999999998	0.7000000000000001	52602104712852.79
10.624999999999998	0.9	48933334114630.484
10.624999999999998	1.1	44038591259933.44
10.624999999999998	1.3	38064762441479.08
10.624999999999998	1.5	31373922472214.64
10.624999999999998	1.7	24489613604355.113
10.624999999999998	1.9	17984363847406.504
10.624999999999998	2.0999999999999996	12346459092975.03
10.624999999999998	2.3	7874696236728.974
10.624999999999998	2.5	4637979815015.981
10.624999999999998	2.7	2507370107635.5796
10.624999999999998	2.9000000000000004	1236829025328.2957
10.624999999999998	3.1000000000000005	553371850777.6615
10.624999999999998	3.3000000000000007	223231675352.6534
10.624999999999998	3.500000000000001	80712253509.2134
10.624999999999998	3.700000000000001	26000232554.821545
10.624999999999998	3.899999500000001	7417800955.162432
11.474999999999998	0.1000005	56794630557287.19
11.474999999999998	0.30000000000000004	56038165079274.4
11.474999999999998	0.5	54402997990367.53
11.474999999999998	0.7000000000000001	51702555453420.67
11.474999999999998	0.9	47783492072550.5
11.474999999999998	1.1	42630334391821.17
11.474999999999998	1.3	36437788375112.29
11.474999999999998	1.5	29617969140117.793
11.474999999999998	1.7	22731206421447.996
11.474999999999998	1.9	16359407617036.6
11.474999999999998	2.0999999999999996	10967435497119.031
11.474999999999998	2.3	6804920710219.56
11.474999999999998	2.5	3882913696887.917
11.474999999999998	2.7	2024769646398.4543
11.474999999999998	2.9000000000000004	958868871997.0144
11.474999999999998	3.1000000000000005	409824316144.114
11.474999999999998	3.3000000000000007	157102221194.08008
11.474999999999998	3.500000000000001	53678767245.43798
11.474999999999998	3.700000000000001	16245982926.277443
11.474999999999998	3.899999500000001	4328117615.82027
12.324999999999998	0.1000005	56022302502811.89
12.324999999999998	0.30000000000000004	55175464141513.9
12.324999999999998	0.5	53363629934146.74
12.324999999999998	0.7000000000000001	50413371188882.94
12.324999999999998	0.9	46200291865472.766
12.324999999999998	1.1	40756636780348.74
12.324999999999998	1.3	34338194530783.39
12.324999999999998	1.5	27416499927645.035
12.324999999999998	1.7	20589582777083.633
12.324999999999998	1.9	14439370756791.654
12.324999999999998	2.0999999999999996	9390253308454.096
12.324999999999998	2.3	5624311232132.911
12.324999999999998	2.5	3081814554344.653
12.324999999999998	2.7	1534617002998.1406
12.324999999999998	2.9000000000000004	689885655280.7869
12.324999999999998	3.1000000000000005	278146220117.92786
12.324999999999998	3.3000000000000007	99914072114.41435
12.324999999999998	3.500000000000001	31767116574.983078
12.324999999999998	3.700000000000001	8881102587.04499
12.324999999999998	3.899999500000001	2168886428.6216726
13.174999999999997	0.1000005	54761432617036.69
13.174999999999997	0.30000000000000004	53801307687760.92
13.174999999999997	0.5	51770928660088.734
13.174999999999997	0.7000000000000001	48518937524075.76
13.174999999999997	0.9	43964377482741.75
13.174999999999997	1.1	38205706764879.06
13.174999999999997	1.3	31577287893085.87
13.174999999999997	1.5	24619525738988.254
13.174999999999997	1.7	17963698773227.426
13.174999999999997	1.9	12172904917484.799
13.174999999999997	2.0999999999999996	7604004044741.822
13.174999999999997	2.3	4346887199701.6055
13.174999999999997	2.5	2257810438266.984
13.174999999999997	2.7	1057998056608.0404
13.174999999999997	2.9000000000000004	444123066544.1041
13.174999999999997	3.1000000000000005	165839552459.35358
13.174999999999997	3.3000000000000007	54700522331.17347
13.174999999999997	3.500000000000001	15826060101.459911
13.174999999999997	3.700000000000001	3988391764.175952
13.174999999999997	3.899999500000001	869442423.6311394
14.024999999999997	0.1000005	52650725051247.44
14.024999999999997	0.30000000000000004	51547354459610.586
14.024999999999997	0.5	49246058134628.98
14.024999999999997	0.7000000000000001	45633523307455.336
14.024999999999997	0.9	40696385617065.09
14.024999999999997	1.1	34627069554477.08
14.024999999999997	1.3	27860707763580.766
14.024999999999997	1.5	21012010152108.344
14.024999999999997	1.7	14727809765671.95
14.024999999999997	1.9	9515169524516.072
14.024999999999997	2.0999999999999996	5620981295744.095
14.024999999999997	2.3	3012355366594.85
14.024999999999997	2.5	1453217093288.926
14.024999999999997	2.7	626256492580.053
14.024999999999997	2.9000000000000004	239256537929.26297
14.024999999999997	3.1000000000000005	80422699113.60117
14.024999999999997	3.3000000000000007	23606328711.450584
14.024999999999997	3.500000000000001	6005682235.542764
14.024999999999997	3.700000000000001	1314458927.883545
14.024999999999997	3.899999500000001	245678439.34448892
14.874999999999996	0.1000005	48934511656091.84
14.874999999999996	0.30000000000000004	47651734479869.96
14.874999999999996	0.5	45022636134249.89
14.874999999999996	0.7000000000000001	41002792492209.04
14.874999999999996	0.9	35688370169799.61
14.874999999999996	1.1	29407343565609.56
14.874999999999996	1.3	22718125977046.125
14.874999999999996	1.5	16296763442218.965
14.874999999999996	1.7	10754305372403.613
14.874999999999996	1.9	6469608080923.359
14.874999999999996	2.0999999999999996	3516862023247.3237
14.874999999999996	2.3	1712637795355.8306
14.874999999999996	2.5	740841996730.7793
14.874999999999996	2.7	282297385337.8359
14.874999999999996	2.9000000000000004	93978247563.88109
14.874999999999996	3.1000000000000005	27111066480.92169
14.874999999999996	3.3000000000000007	6722970205.059941
14.874999999999996	3.500000000000001	1421672942.5216582
14.874999999999996	3.700000000000001	254339709.90773174
14.874999999999996	3.899999500000001	38191924.97071649
15.724999999999996	0.1000005	41765692628094.97
15.724999999999996	0.30000000000000004	40282840776378.39
15.724999999999996	0.5	37319785503335.4
15.724999999999996	0.7000000000000001	32964676889431.438
15.724999999999996	0.9	27496797632465.504
15.724999999999996	1.1	21429631224306.324
15.724999999999996	1.3	15434964953723.398
15.724999999999996	1.5	10164458448914.354
15.724999999999996	1.7	6056563136290.159
15.724999999999996	1.9	3232727393164.3906
15.724999999999996	2.0999999999999996	1530741541098.61
15.724999999999996	2.3	637009226271.1525
15.724999999999996	2.5	230852808695.63403
15.724999999999996	2.7	72209376534.99417
15.724999999999996	2.9000000000000004	19324480726.076477
15.724999999999996	3.1000000000000005	4386279617.109995
15.724999999999996	3.3000000000000007	837092266.7878681
15.724999999999996	3.500000000000001	133141787.61487593
15.724999999999996	3.700000000000001	17491362.911887985
15.724999999999996	3.899999500000001	1880678.1819379788
16.574999499999993	0.1000005	25500848902195.31
16.574999499999993	0.30000000000000004	24046802942492.258
16.574999499999993	0.5	21282546892532.973
16.574999499999993	0.7000000000000001	17530929066097.465
16.574999499999993	0.9	13297889480018.334
16.574999499999993	1.1	9182435115544.059
16.574999499999993	1.3	5706130548027.707
16.574999499999993	1.5	3155963093254.308
16.574999499999993	1.7	1537187242901.0024
16.574999499999993	1.9	652601985164.0161
16.574999499999993	2.0999999999999996	239018836158.8148
16.574999499999993	2.3	74735835687.11494
16.574999499999993	2.5	19735290737.560566
16.574999499999993	2.7	4352247190.293678
16.574999499999993	2.9000000000000004	792350981.195533
16.574999499999993	3.1000000000000005	117679116.99839152
16.574999499999993	3.3000000000000007	14086154.490611354
16.574999499999993	3.500000000000001	1342269.1262268927
16.574999499999993	3.700000000000001	100556.27799797957
16.574999499999993	3.899999500000001	5847.955013900769