0.42500049999999995	0.1000005	80546964660.33954
0.42500049999999995	0.30000000000000004	69713889735.26462
0.42500049999999995	0.5	51790097902.09782
0.42500049999999995	0.7000000000000001	32522757867.132816
0.42500049999999995	0.9	16916113286.71326
0.42500049999999995	1.1	7117525249.750238
0.42500049999999995	1.3	2361221478.521475
0.42500049999999995	1.5	601193214.2857133
0.42500049999999995	1.7	114241655.59440541
0.42500049999999995	1.9	15742209.602897078
0.42500049999999995	2.0999999999999996	1527196.0277222754
0.42500049999999995	2.3	101190.23264235749
0.42500049999999995	2.5	4439.171128871121
0.42500049999999995	2.7	124.90497914585394
0.42500049999999995	2.9000000000000004	2.182108556443553
0.42500049999999995	3.1000000000000005	0.022899753533966
0.42500049999999995	3.3000000000000007	0.00013958868419080897
0.42500049999999995	3.500000000000001	4.776892120379612e-07
0.42500049999999995	3.700000000000001	8.866816758241744e-10
0.42500049999999995	3.899999500000001	8.622691371128858e-13
1.275	0.1000005	79693312312.68718
1.275	0.30000000000000004	68947436563.43645
1.275	0.5	51179007867.13279
1.275	0.7000000000000001	32098789460.53941
1.275	0.9	16666836463.536438
1.275	1.1	6996959777.722266
1.275	1.3	2314729333.1668296
1.275	1.5	587344225.7742249
1.275	1.7	111153875.3746252
1.275	1.9	15242855.781718258
1.275	2.0999999999999996	1470435.800449548
1.275	2.3	96796.60189810174
1.275	2.5	4214.846341158835
1.275	2.7	117.5907102897101
1.275	2.9000000000000004	2.034722069180816
1.275	3.1000000000000005	0.02112434700299697
1.275	3.3000000000000007	0.00012722752385114865
1.275	3.500000000000001	4.2961162712287644e-07
1.275	3.700000000000001	7.85755277222776e-10
1.275	3.899999500000001	7.518104695304683e-13
2.125	0.1000005	77993487512.4874
2.125	0.30000000000000004	67422184065.93396
2.125	0.5	49964531343.656265
2.125	0.7000000000000001	31257860389.61034
2.125	0.9	16173717544.955019
2.125	1.1	6759283004.495494
2.125	1.3	2223472376.373623
2.125	1.5	560302789.7102889
2.125	1.7	105162206.04395588
2.125	1.9	14280973.576423554
2.125	2.0999999999999996	1362030.0037462516
2.125	2.3	88487.35789210774
2.125	2.5	3795.3385364635305
2.125	2.7	104.08574725274708
2.125	2.9000000000000004	1.7664714110889084
2.125	3.1000000000000005	0.017944623713786186
2.125	3.3000000000000007	0.0001054824250749249
2.125	3.500000000000001	3.4670059315684264e-07
2.125	3.700000000000001	6.154760864135855e-10
2.125	3.899999500000001	5.698755644355635e-13
2.9749999999999996	0.1000005	75463369505.49438
2.9749999999999996	0.30000000000000004	65154334540.459435
2.9749999999999996	0.5	48162646978.021904
2.9749999999999996	0.7000000000000001	30014334040.958992
2.9749999999999996	0.9	15447814847.652323
2.9749999999999996	1.1	6411448001.997992
2.9749999999999996	1.3	2090887880.8691275
2.9749999999999996	1.5	521360616.88311607
2.9749999999999996	1.7	96624092.15784201
2.9749999999999996	1.9	12927177.172827153
2.9749999999999996	2.0999999999999996	1211638.8848651329
2.9749999999999996	2.3	77149.8249250748
2.9749999999999996	2.5	3233.7077547452495
2.9749999999999996	2.7	86.39057679820166
2.9749999999999996	2.9000000000000004	1.4234188199300677
2.9749999999999996	3.1000000000000005	0.013987309415584395
2.9749999999999996	3.3000000000000007	7.922704895104883e-05
2.9749999999999996	3.500000000000001	2.4989633741258703e-07
2.9749999999999996	3.700000000000001	4.238839160839154e-10
2.9749999999999996	3.899999500000001	3.7330864260739203e-13
3.8249999999999997	0.1000005	72127882992.00787
3.8249999999999997	0.30000000000000004	62169160589.41049
3.8249999999999997	0.5	45798180069.93
3.8249999999999997	0.7000000000000001	28390252497.502453
3.8249999999999997	0.9	14505894767.732244
3.8249999999999997	1.1	5963859527.972018
3.8249999999999997	1.3	1922047762.237759
3.8249999999999997	1.5	472392154.09590334
3.8249999999999997	1.7	86048365.38461524
3.8249999999999997	1.9	11279756.36863135
3.8249999999999997	2.0999999999999996	1032362.9458041942
3.8249999999999997	2.3	63951.93518981009
3.8249999999999997	2.5	2597.4196678321637
3.8249999999999997	2.7	66.95090097402587
3.8249999999999997	2.9000000000000004	1.0593951873126857
3.8249999999999997	3.1000000000000005	0.009948108903596388
3.8249999999999997	3.3000000000000007	5.356325549450541e-05
3.8249999999999997	3.500000000000001	1.5970137662337638e-07
3.8249999999999997	3.700000000000001	2.545567345154841e-10
3.8249999999999997	3.899999500000001	2.0936176698301664e-13
4.675	0.1000005	68022687937.06283
4.675	0.30000000000000004	58502570679.32059
4.675	0.5	42905846278.721214
4.675	0.7000000000000001	26416032342.6573
4.675	0.9	13370677797.202776
4.675	1.1	5430361600.899093
4.675	1.3	1723553214.2857115
4.675	1.5	415778045.70429504
4.675	1.7	74062790.2097901
4.675	1.9	9456001.38611387
4.675	2.0999999999999996	839237.5212287699
4.675	2.3	50174.167207792125
4.675	2.5	1956.592701048948
4.675	2.7	48.15350212287704
4.675	2.9000000000000004	0.7231766358641347
4.675	3.1000000000000005	0.006404181818181808
4.675	3.3000000000000007	3.229754095904091e-05
4.675	3.500000000000001	8.954821078921065e-08
4.675	3.700000000000001	1.317265937812186e-10
4.675	3.899999500000001	9.91870123626372e-14
5.5249999999999995	0.1000005	63196440934.065834
5.5249999999999995	0.30000000000000004	54202997752.247665
5.5249999999999995	0.5	39531792332.66727
5.5249999999999995	0.7000000000000001	24131210164.835125
5.5249999999999995	0.9	12071099450.54943
5.5249999999999995	1.1	4828138099.400592
5.5249999999999995	1.3	1503369952.54745
5.5249999999999995	1.5	354296041.4585409
5.5249999999999995	1.7	61371719.28071918
5.5249999999999995	1.9	7581480.032467521
5.5249999999999995	2.0999999999999996	647482.3339160829
5.5249999999999995	2.3	37028.13973526468
5.5249999999999995	2.5	1372.3336213786192
5.5249999999999995	2.7	31.876728521478473
5.5249999999999995	2.9000000000000004	0.44847040584415515
5.5249999999999995	3.1000000000000005	0.0036908759615384553
5.5249999999999995	3.3000000000000007	1.7152358691308664e-05
5.5249999999999995	3.500000000000001	4.343053234265727e-08
5.5249999999999995	3.700000000000001	5.779349650349641e-11
5.5249999999999995	3.899999500000001	3.897681393606387e-14
6.374999999999999	0.1000005	57713652972.02788
6.374999999999999	0.30000000000000004	49334033341.658264
6.374999999999999	0.5	35735385239.760185
6.374999999999999	0.7000000000000001	21585585664.33563
6.374999999999999	0.9	10642541371.128855
6.374999999999999	1.1	4177551236.2637296
6.374999999999999	1.3	1270590895.3546433
6.374999999999999	1.5	290980096.15384567
6.374999999999999	1.7	48704628.74625367
6.374999999999999	1.9	5778049.987512479
6.374999999999999	2.0999999999999996	470717.7509990003
6.374999999999999	2.3	25491.73101898098
6.374999999999999	2.5	887.6252360139846
6.374999999999999	2.7	19.206454682817153
6.374999999999999	2.9000000000000004	0.2494254270729267
6.374999999999999	3.1000000000000005	0.0018764208991008963
6.374999999999999	3.3000000000000007	7.888806805694293e-06
6.374999999999999	3.500000000000001	1.7873134802697274e-08
6.374999999999999	3.700000000000001	2.103681732017979e-11
6.374999999999999	3.899999500000001	1.239748628871127e-14
7.224999999999999	0.1000005	51658615759.24068
7.224999999999999	0.30000000000000004	43977658091.90802
7.224999999999999	0.5	31591597902.09785
7.224999999999999	0.7000000000000001	18840173414.085884
7.224999999999999	0.9	9126968006.992992
7.224999999999999	1.1	3501806081.418576
7.224999999999999	1.3	1035100438.3116866
7.224999999999999	1.5	228943337.1628368
7.224999999999999	1.7	36757645.854145795
7.224999999999999	1.9	4151662.3501498434
7.224999999999999	2.0999999999999996	319393.26048950996
7.224999999999999	2.3	16189.937237762213
7.224999999999999	2.5	522.6359265734258
7.224999999999999	2.7	10.376778958541442
7.224999999999999	2.9000000000000004	0.1222924828921077
7.224999999999999	3.1000000000000005	0.0008251032529970017
7.224999999999999	3.3000000000000007	3.0723159715284666e-06
7.224999999999999	3.500000000000001	6.0838633866133775e-09
7.224999999999999	3.700000000000001	6.172044143356634e-12
7.224999999999999	3.899999500000001	3.089629070929066e-15
8.075	0.1000005	45140048701.29863
8.075	0.30000000000000004	38238267482.517426
8.075	0.5	27193469280.71924
8.075	0.7000000000000001	15968288811.188786
8.075	0.9	7572792420.079908
8.075	1.1	2826396403.5963993
8.075	1.3	807116217.5324663
8.075	1.5	171163657.34265706
8.075	1.7	26131870.879120838
8.075	1.9	2781402.7222777177
8.075	2.0999999999999996	199672.22140359608
8.075	2.3	9344.486338661323
8.075	2.5	275.3088461538457
8.075	2.7	4.927242982017974
8.075	2.9000000000000004	0.05165205531968024
8.075	3.1000000000000005	0.00030562404095904047
8.075	3.3000000000000007	9.831206343656328e-07
8.075	3.500000000000001	1.6553410439560412e-09
8.075	3.700000000000001	1.4042832105394583e-12
8.075	3.899999500000001	5.776350237262728e-16
8.924999999999999	0.1000005	38296938686.31363
8.924999999999999	0.30000000000000004	32247169705.294655
8.924999999999999	0.5	22654862762.23773
8.924999999999999	0.7000000000000001	13056253821.1788
8.924999999999999	0.9	6034294792.707283
8.924999999999999	1.1	2178194409.340656
8.924999999999999	1.3	596582020.4795195
8.924999999999999	1.5	120241152.72227754
8.924999999999999	1.7	17273776.523476496
8.924999999999999	1.9	1711308.3029470502
8.924999999999999	2.0999999999999996	113001.83191808173
8.924999999999999	2.3	4802.288973526466
8.924999999999999	2.5	126.71064073426554
8.924999999999999	2.7	2.0008716920579386
8.924999999999999	2.9000000000000004	0.01821352967032964
8.924999999999999	3.1000000000000005	9.20038777472526e-05
8.924999999999999	3.3000000000000007	2.481533976023972e-07
8.924999999999999	3.500000000000001	3.4375560189810137e-10
8.924999999999999	3.700000000000001	2.35180128371628e-13
8.924999999999999	3.899999500000001	7.640186026473514e-17
9.774999999999999	0.1000005	31304777472.527424
9.774999999999999	0.30000000000000004	26167505994.00595
9.774999999999999	0.5	18112757342.657314
9.774999999999999	0.7000000000000001	10203302547.452532
9.774999999999999	0.9	4570225849.150842
9.774999999999999	1.1	1584053916.0839136
9.774999999999999	1.3	412392709.7902091
9.774999999999999	1.5	78137369.88011976
9.774999999999999	1.7	10425825.699300682
9.774999999999999	1.9	946778.0357142842
9.774999999999999	2.0999999999999996	56491.47290209781
9.774999999999999	2.3	2135.9250499500463
9.774999999999999	2.5	49.30873588911081
9.774999999999999	2.7	0.6691148863636353
9.774999999999999	2.9000000000000004	0.005134647302697294
9.774999999999999	3.1000000000000005	2.1423831068931034e-05
9.774999999999999	3.3000000000000007	4.6709932067931994e-08
9.774999999999999	3.500000000000001	5.1127394105894024e-11
9.774999999999999	3.700000000000001	2.6985697177822134e-14
9.774999999999999	3.899999500000001	6.595880844155833e-18
10.624999999999998	0.1000005	24381985452.047913
10.624999999999998	0.30000000000000004	20198380719.280685
10.624999999999998	0.5	13728268968.531446
10.624999999999998	0.7000000000000001	7519861600.899089
10.624999999999998	0.9	3241130494.5054893
10.624999999999998	1.1	1068776615.8841141
10.624999999999998	1.3	261463585.16483474
10.624999999999998	1.5	45927549.95004988
10.624999999999998	1.7	5598042.957042948
10.624999999999998	1.9	456995.4982517475
10.624999999999998	2.0999999999999996	24088.743743756204
10.624999999999998	2.3	789.5804607892096
10.624999999999998	2.5	15.484443968531444
10.624999999999998	2.7	0.17465607255244728
10.624999999999998	2.9000000000000004	0.0010884959552947037
10.624999999999998	3.1000000000000005	3.5987142107892048e-06
10.624999999999998	3.3000000000000007	6.057318456543447e-09
10.624999999999998	3.500000000000001	4.979865659340651e-12
10.624999999999998	3.700000000000001	1.917946742007989e-15
10.624999999999998	3.899999500000001	3.3182852397602344e-19
11.474999999999998	0.1000005	17794111326.173798
11.474999999999998	0.30000000000000004	14576523863.636341
11.474999999999998	0.5	9684423963.536448
11.474999999999998	0.7000000000000001	5122845966.533459
11.474999999999998	0.9	2104688163.0869098
11.474999999999998	1.1	652300529.4705285
11.474999999999998	1.3	147700493.75624353
11.474999999999998	1.5	23615425.42457539
11.474999999999998	1.7	2572785.7142857104
11.474999999999998	1.9	184047.7890859138
11.474999999999998	2.0999999999999996	8320.928546453533
11.474999999999998	2.3	228.58214023476486
11.474999999999998	2.5	3.6646267482517425
11.474999999999998	2.7	0.03290443131868127
11.474999999999998	2.9000000000000004	0.0001586836387362635
11.474999999999998	3.1000000000000005	3.939442070429564e-07
11.474999999999998	3.3000000000000007	4.823202859640352e-10
11.474999999999998	3.500000000000001	2.7889521978021934e-13
11.474999999999998	3.700000000000001	7.291302347652337e-17
11.474999999999998	3.899999500000001	8.247637999500486e-21
12.324999999999998	0.1000005	11851727297.702278
12.324999999999998	0.30000000000000004	9570978059.440544
12.324999999999998	0.5	6177294980.01997
12.324999999999998	0.7000000000000001	3125753733.7662287
12.324999999999998	0.9	1208324123.3766215
12.324999999999998	1.1	346143949.8001993
12.324999999999998	1.3	71056617.88211776
12.324999999999998	1.5	10085567.507492492
12.324999999999998	1.7	953388.6725774211
12.324999999999998	1.9	57730.47652347643
12.324999999999998	2.0999999999999996	2150.9718156843123
12.324999999999998	2.3	47.31349250749243
12.324999999999998	2.5	0.5888988511488502
12.324999999999998	2.7	0.003971975886613381
12.324999999999998	2.9000000000000004	1.3892041396103874e-05
12.324999999999998	3.1000000000000005	2.4094906580919043e-08
12.324999999999998	3.3000000000000007	1.980808675074922e-11
12.324999999999998	3.500000000000001	7.372969880119869e-15
12.324999999999998	3.700000000000001	1.186378956043954e-18
12.324999999999998	3.899999500000001	7.875295779220768e-23
13.174999999999997	0.1000005	6892370467.032956
13.174999999999997	0.30000000000000004	5462711525.974017
13.174999999999997	0.5	3394431068.9310637
13.174999999999997	0.7000000000000001	1620629857.642355
13.174999999999997	0.9	578553236.7632358
13.174999999999997	1.1	149558241.25874102
13.174999999999997	1.3	27020984.390609346
13.174999999999997	1.5	3285425.8866133816
13.174999999999997	1.7	258371.97802197761
13.174999999999997	1.9	12610.665784215764
13.174999999999997	2.0999999999999996	366.05016233766173
13.174999999999997	2.3	6.0475970779220685
13.174999999999997	2.5	0.054363753371628284
13.174999999999997	2.7	0.0002539379657842154
13.174999999999997	2.9000000000000004	5.880902272727263e-07
13.174999999999997	3.1000000000000005	6.437078446553436e-10
13.174999999999997	3.3000000000000007	3.172027197802193e-13
13.174999999999997	3.500000000000001	6.697828583916073e-17
13.174999999999997	3.700000000000001	5.7641165084914996e-21
13.174999999999997	3.899999500000001	1.921947119130866e-25
14.024999999999997	0.1000005	3228618444.0559387
14.024999999999997	0.30000000000000004	2494291545.954042
14.024999999999997	0.5	1471714092.1578398
14.024999999999997	0.7000000000000001	649200224.7752237
14.024999999999997	0.9	208012304.4455541
14.024999999999997	1.1	46789576.798201725
14.024999999999997	1.3	7115047.689810178
14.024999999999997	1.5	702509.5117382606
14.024999999999997	1.7	43166.598901098834
14.024999999999997	1.9	1579.3092769730245
14.024999999999997	2.0999999999999996	32.86315521978016
14.024999999999997	2.3	0.3709466358641353
14.024999999999997	2.5	0.0021630964522976986
14.024999999999997	2.7	6.19718503996003e-06
14.024999999999997	2.9000000000000004	8.28482873376622e-09
14.024999999999997	3.1000000000000005	4.902740734265727e-12
14.024999999999997	3.3000000000000007	1.21706541208791e-15
14.024999999999997	3.500000000000001	1.2000721341158824e-19
14.024999999999997	3.700000000000001	4.447871166333659e-24
14.024999999999997	3.899999500000001	5.861186163836155e-29
14.874999999999996	0.1000005	1033837553.696302
14.874999999999996	0.30000000000000004	769758987.2627361
14.874999999999996	0.5	421560178.5714279
14.874999999999996	0.7000000000000001	165996515.98401573
14.874999999999996	0.9	45572913.46153839
14.874999999999996	1.1	8410744.44305693
14.874999999999996	1.3	1002030.3558941043
14.874999999999996	1.5	73777.08803696293
14.874999999999996	1.7	3205.6469655344604
14.874999999999996	1.9	78.303990134865
14.874999999999996	2.0999999999999996	1.0219467569930054
14.874999999999996	2.3	0.00675698685064934
14.874999999999996	2.5	2.1415332317682284e-05
14.874999999999996	2.7	3.0724551323676275e-08
14.874999999999996	2.9000000000000004	1.8815000212287683e-11
14.874999999999996	3.1000000000000005	4.631625599400592e-15
14.874999999999996	3.3000000000000007	4.3126490759240693e-19
14.874999999999996	3.500000000000001	1.4283120629370606e-23
14.874999999999996	3.700000000000001	1.5813710939060915e-28
14.874999999999996	3.899999500000001	5.4985678071927985e-34
15.724999999999996	0.1000005	153875258.99100876
15.724999999999996	0.30000000000000004	108213705.04495488
15.724999999999996	0.5	52829182.06793199
15.724999999999996	0.7000000000000001	17474525.974025946
15.724999999999996	0.9	3788653.84615384
15.724999999999996	1.1	517401.24250749167
15.724999999999996	1.3	42549.09752747246
15.724999999999996	1.5	2005.3931768231737
15.724999999999996	1.7	51.34552872127864
15.724999999999996	1.9	0.6743493219280708
15.724999999999996	2.0999999999999996	0.004274996128871122
15.724999999999996	2.3	1.2273593381618363e-05
15.724999999999996	2.5	1.493771085164833e-08
15.724999999999996	2.7	7.200497415084904e-12
15.724999999999996	2.9000000000000004	1.2825408354145835e-15
15.724999999999996	3.1000000000000005	7.866300024975013e-20
15.724999999999996	3.3000000000000007	1.5466420154845131e-24
15.724999999999996	3.500000000000001	9.067074175824162e-30
15.724999999999996	3.700000000000001	1.4728820492007966e-35
15.724999999999996	3.899999500000001	6.156013311688303e-42
16.574999499999993	0.1000005	3523038.0494505437
16.574999499999993	0.30000000000000004	2240266.107642354
16.574999499999993	0.5	892431.7519980005
16.574999499999993	0.7000000000000001	216475.07267732234
16.574999499999993	0.9	30728.129745254697
16.574999499999993	1.1	2430.166231268727
16.574999499999993	1.3	101.14883229270713
16.574999499999993	1.5	2.078712798451545
16.574999499999993	1.7	0.01967085428321675
16.574999499999993	1.9	7.952313848651336e-05
16.574999499999993	2.0999999999999996	1.2686876223776205e-07
16.574999499999993	2.3	7.351141508491497e-11
16.574999499999993	2.5	1.419263129370627e-14
16.574999499999993	2.7	8.352662187812175e-19
16.574999499999993	2.9000000000000004	1.367381235014983e-23
16.574999499999993	3.1000000000000005	5.66955671828171e-29
16.574999499999993	3.3000000000000007	5.411557492507484e-35
16.574999499999993	3.500000000000001	1.0793839023476507e-41
16.574999499999993	3.700000000000001	4.0808493631368566e-49
16.574999499999993	3.899999500000001	2.651856406093902e-57