0.42500049999999995	0.1000005	7166892271197.642
0.42500049999999995	0.30000000000000004	6735290154141.22
0.42500049999999995	0.5	5916792856721.068
0.42500049999999995	0.7000000000000001	4811660941459.854
0.42500049999999995	0.9	3576604622513.99
0.42500049999999995	1.1	2395472438215.716
0.42500049999999995	1.3	1424003954929.588
0.42500049999999995	1.5	739899237780.8651
0.42500049999999995	1.7	330888310595.8623
0.42500049999999995	1.9	125407113482.05281
0.42500049999999995	2.0999999999999996	39659564445.56498
0.42500049999999995	2.3	10303010733.841692
0.42500049999999995	2.5	2164302204.512316
0.42500049999999995	2.7	361817682.8090497
0.42500049999999995	2.9000000000000004	47368513.14339935
0.42500049999999995	3.1000000000000005	4778106.751625086
0.42500049999999995	3.3000000000000007	365302.715240182
0.42500049999999995	3.500000000000001	20819.59013707254
0.42500049999999995	3.700000000000001	869.8303255670736
0.42500049999999995	3.899999500000001	26.193456864450216
1.275	0.1000005	7136046764409.288
1.275	0.30000000000000004	6704974224545.816
1.275	0.5	5887779835270.743
1.275	0.7000000000000001	4785070024534.136
1.275	0.9	3553758251066.0615
1.275	1.1	2377472261814.3545
1.275	1.3	1411288261580.6975
1.275	1.5	732010555523.1018
1.275	1.7	326672873707.57587
1.275	1.9	123501912056.77882
1.275	2.0999999999999996	38943680413.5755
1.275	2.3	10083091930.019262
1.275	2.5	2109966404.28763
1.275	2.7	351193907.354401
1.275	2.9000000000000004	45751226.41509427
1.275	3.1000000000000005	4589478.912319638
1.275	3.3000000000000007	348720.79268648813
1.275	3.500000000000001	19738.788378409925
1.275	3.700000000000001	818.4559393072012
1.275	3.899999500000001	24.442077216519582
2.125	0.1000005	7073974472623.681
2.125	0.30000000000000004	6643992041007.058
2.125	0.5	5829462570827.726
2.125	0.7000000000000001	4731687364916.168
2.125	0.9	3507951866347.3276
2.125	1.1	2341453715170.275
2.125	1.3	1385903236170.335
2.125	1.5	716306132075.4706
2.125	1.7	318308747590.3961
2.125	1.9	119736035545.30035
2.125	2.0999999999999996	37534993136.281265
2.125	2.3	9652563642.736126
2.125	2.5	2004217067.2936473
2.125	2.7	330655140.4871775
2.125	2.9000000000000004	42647714.52771767
2.125	3.1000000000000005	4230531.456276645
2.125	3.3000000000000007	317458.4146270221
2.125	3.500000000000001	17722.03166072782
2.125	3.700000000000001	723.6754906828659
2.125	3.899999500000001	21.251010995401927
2.9749999999999996	0.1000005	6979917179508.778
2.9749999999999996	0.30000000000000004	6551644021262.915
2.9749999999999996	0.5	5741261595303.455
2.9749999999999996	0.7000000000000001	4651094631695.77
2.9749999999999996	0.9	3438972019393.651
2.9749999999999996	1.1	2287386662480.2817
2.9749999999999996	1.3	1347946883579.6462
2.9749999999999996	1.5	692935053157.3096
2.9749999999999996	1.7	305930677901.7461
2.9749999999999996	1.9	114199252000.70079
2.9749999999999996	2.0999999999999996	35479459956.773125
2.9749999999999996	2.3	9029792102.342413
2.9749999999999996	2.5	1852756375.9565365
2.9749999999999996	2.7	301566545.9431037
2.9749999999999996	2.9000000000000004	38307529.06127688
2.9749999999999996	3.1000000000000005	3735591.75477539
2.9749999999999996	3.3000000000000007	275025.346690811
2.9749999999999996	3.500000000000001	15031.896094982161
2.9749999999999996	3.700000000000001	599.6530039721937
2.9749999999999996	3.899999500000001	17.16250480603998
3.8249999999999997	0.1000005	6852715334316.774
3.8249999999999997	0.30000000000000004	6426860710321.8545
3.8249999999999997	0.5	5622290539751.145
3.8249999999999997	0.7000000000000001	4542678631929.428
3.8249999999999997	0.9	3346507754541.732
3.8249999999999997	1.1	2215243204918.5083
3.8249999999999997	1.3	1297583981248.9028
3.8249999999999997	1.5	662133005724.6324
3.8249999999999997	1.7	289746656200.7122
3.8249999999999997	1.9	107027422892.69215
3.8249999999999997	2.0999999999999996	32845578304.80747
3.8249999999999997	2.3	8241658990.0110855
3.8249999999999997	2.5	1663779900.9872046
3.8249999999999997	2.7	265851108.41754735
3.8249999999999997	2.9000000000000004	33074029.002862263
3.8249999999999997	3.1000000000000005	3150724.837899405
3.8249999999999997	3.3000000000000007	225997.54848414008
3.8249999999999997	3.500000000000001	12000.124875868898
3.8249999999999997	3.700000000000001	463.663955254395
3.8249999999999997	3.899999500000001	12.812524282260389
4.675	0.1000005	6690785089534.994
4.675	0.30000000000000004	6268191950464.387
4.675	0.5	5471366610199.186
4.675	0.7000000000000001	4405625649862.719
4.675	0.9	3230178369063.6084
4.675	1.1	2125022180033.8772
4.675	1.3	1235066199836.4373
4.675	1.5	624236519364.4479
4.675	1.7	270044476312.8683
4.675	1.9	98403808633.68172
4.675	2.0999999999999996	29723612506.571598
4.675	2.3	7322738506.922123
4.675	2.5	1447541042.1169438
4.675	2.7	225842797.18441463
4.675	2.9000000000000004	27349971.68350951
4.675	3.1000000000000005	2527923.655003209
4.675	3.3000000000000007	175320.17407558826
4.675	3.500000000000001	8967.882864069148
4.675	3.700000000000001	332.50169402418317
4.675	3.899999500000001	8.780731458420991
5.5249999999999995	0.1000005	6492089239463.652
5.5249999999999995	0.30000000000000004	6073789444476.888
5.5249999999999995	0.5	5286996057012.668
5.5249999999999995	0.7000000000000001	4238941789824.1655
5.5249999999999995	0.9	3089542131549.7354
5.5249999999999995	1.1	2016782582218.5842
5.5249999999999995	1.3	1160764651848.8213
5.5249999999999995	1.5	579703890414.1588
5.5249999999999995	1.7	247200307406.97433
5.5249999999999995	1.9	88560637887.72694
5.5249999999999995	2.0999999999999996	26224355774.285843
5.5249999999999995	2.3	6314047739.353924
5.5249999999999995	2.5	1215763990.30317
5.5249999999999995	2.7	184100196.12710994
5.5249999999999995	2.9000000000000004	21556178.92400254
5.5249999999999995	3.1000000000000005	1918548.2008294847
5.5249999999999995	3.3000000000000007	127570.51989018031
5.5249999999999995	3.500000000000001	6227.607877212444
5.5249999999999995	3.700000000000001	219.2949718149421
5.5249999999999995	3.899999500000001	5.4720100693207385
6.374999999999999	0.1000005	6254119783362.503
6.374999999999999	0.30000000000000004	5841377694374.662
6.374999999999999	0.5	5067377081021.08
6.374999999999999	0.7000000000000001	4041479131374.4897
6.374999999999999	0.9	2924171841229.039
6.374999999999999	1.1	1890699360359.8313
6.374999999999999	1.3	1075214064781.8197
6.374999999999999	1.5	529141337110.8117
6.374999999999999	1.7	221689650096.3838
6.374999999999999	1.9	77779805041.18219
6.374999999999999	2.0999999999999996	22477014545.242096
6.374999999999999	2.3	5261410508.791393
6.374999999999999	2.5	980909058.648284
6.374999999999999	2.7	143190287.83807442
6.374999999999999	2.9000000000000004	16086919.256381774
6.374999999999999	3.1000000000000005	1366920.1194579103
6.374999999999999	3.3000000000000007	86314.17211869839
6.374999999999999	3.500000000000001	3978.9625124131016
6.374999999999999	3.700000000000001	131.52610841754756
6.374999999999999	3.899999500000001	3.061585960421181
7.224999999999999	0.1000005	5973848521033.004
7.224999999999999	0.30000000000000004	5568256907529.637
7.224999999999999	0.5	4810423082539.86
7.224999999999999	0.7000000000000001	3811988039605.111
7.224999999999999	0.9	2733696676207.7183
7.224999999999999	1.1	1747138686547.1086
7.224999999999999	1.3	979174391027.5117
7.224999999999999	1.5	473339616800.046
7.224999999999999	1.7	194099048133.65237
7.224999999999999	1.9	66392812080.14477
7.224999999999999	2.0999999999999996	18626072770.021584
7.224999999999999	2.3	4213228371.9843383
7.224999999999999	2.5	755298228.5764344
7.224999999999999	2.7	105455614.66791268
7.224999999999999	2.9000000000000004	11267434.867690852
7.224999999999999	3.1000000000000005	905022.5086161562
7.224999999999999	3.3000000000000007	53674.37671592959
7.224999999999999	3.500000000000001	2308.152688533205
7.224999999999999	3.700000000000001	70.66322142064361
7.224999999999999	3.899999500000001	1.5119184583013259
8.075	0.1000005	5647729958960.552
8.075	0.30000000000000004	5251294278287.274
8.075	0.5	4513806253285.815
8.075	0.7000000000000001	3549192724458.1987
8.075	0.9	2517946628015.651
8.075	1.1	1586771295052.2786
8.075	1.3	873713632513.5801
8.075	1.5	413315874174.8927
8.075	1.7	165138352269.408
8.075	1.9	54777978707.86837
8.075	2.0999999999999996	14826395087.329844
8.075	2.3	3217699456.7439637
8.075	2.5	550131425.6089716
8.075	2.7	72786060.5175535
8.075	2.9000000000000004	7319065.161516432
8.075	3.1000000000000005	549250.2876920372
8.075	3.3000000000000007	30198.96781354046
8.075	3.500000000000001	1194.1066548863816
8.075	3.700000000000001	33.32500219054847
8.075	3.899999500000001	0.644101960214222
8.924999999999999	0.1000005	5271715841025.602
8.924999999999999	0.30000000000000004	4886999547286.633
8.924999999999999	0.5	4175065103101.81
8.924999999999999	0.7000000000000001	3251971420643.724
8.924999999999999	0.9	2277114663531.745
8.924999999999999	1.1	1410736678544.3054
8.924999999999999	1.3	760318854781.2361
8.924999999999999	1.5	350365370348.7348
8.924999999999999	1.7	135650368596.2963
8.924999999999999	1.9	43354106986.38933
8.924999999999999	2.0999999999999996	11236106811.145493
8.924999999999999	2.3	2319365110.403641
8.924999999999999	2.5	374454553.42017585
8.924999999999999	2.7	46422600.03504871
8.924999999999999	2.9000000000000004	4338075.617734674
8.924999999999999	3.1000000000000005	299884.76984636905
8.924999999999999	3.3000000000000007	15047.717054150335
8.924999999999999	3.500000000000001	537.6961052047424
8.924999999999999	3.700000000000001	13.420587782580737
8.924999999999999	3.899999500000001	0.22947172186646572
9.774999999999999	0.1000005	4841374300334.897
9.774999999999999	0.30000000000000004	4471658683334.3
9.774999999999999	0.5	3791825325661.5396
9.774999999999999	0.7000000000000001	2919617939131.954
9.774999999999999	0.9	2012051115719.373
9.774999999999999	1.1	1220879065658.0388
9.774999999999999	1.3	641042655821.0166
9.774999999999999	1.5	286118646387.0549
9.774999999999999	1.7	106613851860.5057
9.774999999999999	1.9	32566967842.747776
9.774999999999999	2.0999999999999996	8006614288.217757
9.774999999999999	2.3	1555103221.5666778
9.774999999999999	2.5	234180651.9072372
9.774999999999999	2.7	26827409.238273222
9.774999999999999	2.9000000000000004	2293548.8156434335
9.774999999999999	3.1000000000000005	143521.96419183342
9.774999999999999	3.3000000000000007	6446.247488171029
9.774999999999999	3.500000000000001	203.74811861089987
9.774999999999999	3.700000000000001	4.442504410304332
9.774999999999999	3.899999500000001	0.06549357678151194
10.624999999999998	0.1000005	4352160130448.4053
10.624999999999998	0.30000000000000004	4001688430983.112
10.624999999999998	0.5	3362221186985.216
10.624999999999998	0.7000000000000001	2552312459839.94
10.624999999999998	0.9	1724715005257.3137
10.624999999999998	1.1	1020090344062.1515
10.624999999999998	1.3	518690320696.3015
10.624999999999998	1.5	222597350020.4448
10.624999999999998	1.7	79131793767.15918
10.624999999999998	1.9	22866011361.64492
10.624999999999998	2.0999999999999996	5269175681.990762
10.624999999999998	2.3	949780653.0755286
10.624999999999998	2.5	131327852.3862373
10.624999999999998	2.7	13657634.806355491
10.624999999999998	2.9000000000000004	1047182.1382674206
10.624999999999998	3.1000000000000005	58016.79990069505
10.624999999999998	3.3000000000000007	2275.859797593314
10.624999999999998	3.500000000000001	61.92963928967804
10.624999999999998	3.700000000000001	1.1451093419592249
10.624999999999998	3.899999500000001	0.014091837151165404
11.474999999999998	0.1000005	3800097728802.208
11.474999999999998	0.30000000000000004	3474365748583.44
11.474999999999998	0.5	2885704591389.6797
11.474999999999998	0.7000000000000001	2151970992756.583
11.474999999999998	0.9	1418897956948.4177
11.474999999999998	1.1	812800905426.7175
11.474999999999998	1.3	397044755826.85846
11.474999999999998	1.5	162248033909.69073
11.474999999999998	1.7	54391463724.51654
11.474999999999998	1.9	14666238390.092857
11.474999999999998	2.0999999999999996	3117981497.166886
11.474999999999998	2.3	512189894.2695243
11.474999999999998	2.5	63698889.830013335
11.474999999999998	2.7	5875216.64524796
11.474999999999998	2.9000000000000004	393609.4222793382
11.474999999999998	3.1000000000000005	18755.62503650911
11.474999999999998	3.3000000000000007	622.326031018166
11.474999999999998	3.500000000000001	14.075050645481609
11.474999999999998	3.700000000000001	0.21236714118815317
11.474999999999998	3.899999500000001	0.002091866747668334
12.324999999999998	0.1000005	3183222543252.147
12.324999999999998	0.30000000000000004	2889329985688.4116
12.324999999999998	0.5	2364614681056.133
12.324999999999998	0.7000000000000001	1723691176470.5857
12.324999999999998	0.9	1101365436065.189
12.324999999999998	1.1	605652413984.4608
12.324999999999998	1.3	281098049243.53015
12.324999999999998	1.5	107915942373.97028
12.324999999999998	1.7	33573795782.46388
12.324999999999998	1.9	8290490653.659663
12.324999999999998	2.0999999999999996	1591105493.895669
12.324999999999998	2.3	232344066.38822326
12.324999999999998	2.5	25267228.43039893
12.324999999999998	2.7	2002466.4159705555
12.324999999999998	2.9000000000000004	113150.48863835487
12.324999999999998	3.1000000000000005	4459.153615865405
12.324999999999998	3.3000000000000007	119.86649161750081
12.324999999999998	3.500000000000001	2.149139261931184
12.324999999999998	3.700000000000001	0.025127769174601286
12.324999999999998	3.899999500000001	0.00018728255771076127
13.174999999999997	0.1000005	2504726099189.812
13.174999999999997	0.30000000000000004	2251750562240.7817
13.174999999999997	0.5	1807179284712.8894
13.174999999999997	0.7000000000000001	1278321295052.279
13.174999999999997	0.9	783630939307.2013
13.174999999999997	1.1	408348720719.66754
13.174999999999997	1.3	177189627898.8256
13.174999999999997	1.5	62671166832.174675
13.174999999999997	1.7	17679642882.17767
13.174999999999997	1.9	3891180019.2768207
13.174999999999997	2.0999999999999996	653443683.9184521
13.174999999999997	2.3	81860240.81429978
13.174999999999997	2.5	7478300.616274304
13.174999999999997	2.7	486898.155558151
13.174999999999997	2.9000000000000004	22076.704173725066
13.174999999999997	3.1000000000000005	681.0239981891455
13.174999999999997	3.3000000000000007	13.960616055260218
13.174999999999997	3.500000000000001	0.18571420132601174
13.174999999999997	3.700000000000001	0.0015651671417722974
13.174999999999997	3.899999500000001	8.156625791014917e-06
14.024999999999997	0.1000005	1779774681045.258
14.024999999999997	0.30000000000000004	1578863430983.1157
14.024999999999997	0.5	1233331822828.4343
14.024999999999997	0.7000000000000001	836879626438.4589
14.024999999999997	0.9	484507284303.98895
14.024999999999997	1.1	234450108067.05963
14.024999999999997	1.3	92755168234.12569
14.024999999999997	1.5	29325589257.550045
14.024999999999997	1.7	7238716543.022362
14.024999999999997	1.9	1362495830.6559942
14.024999999999997	2.0999999999999996	190948079.18102664
14.024999999999997	2.3	19451706.55412112
14.024999999999997	2.5	1405816.02313219
14.024999999999997	2.7	70339.15912144391
14.024999999999997	2.9000000000000004	2376.9552616975257
14.024999999999997	3.1000000000000005	52.90811802675382
14.024999999999997	3.3000000000000007	0.7562427200771061
14.024999999999997	3.500000000000001	0.006764102298615562
14.024999999999997	3.700000000000001	3.6875476517319874e-05
14.024999999999997	3.899999500000001	1.1929089013398783e-07
14.874999999999996	0.1000005	1050367856255.4253
14.874999999999996	0.30000000000000004	913570302003.6202
14.874999999999996	0.5	685609286465.3298
14.874999999999996	0.7000000000000001	437509387230.5619
14.874999999999996	0.9	232849151381.50555
14.874999999999996	1.1	101085844821.54315
14.874999999999996	1.3	34953857701.96851
14.874999999999996	1.5	9392575646.94198
14.874999999999996	1.7	1912735364.2151964
14.874999999999996	1.9	287787780.82831895
14.874999999999996	2.0999999999999996	31181268.035516042
14.874999999999996	2.3	2370555.677901743
14.874999999999996	2.5	123171.10754132815
14.874999999999996	2.7	4258.122232607038
14.874999999999996	2.9000000000000004	95.29128775045257
14.874999999999996	3.1000000000000005	1.3420672060283874
14.874999999999996	3.3000000000000007	0.011556109249956172
14.874999999999996	3.500000000000001	5.9058501372743645e-05
14.874999999999996	3.700000000000001	1.7379314927857906e-07
14.874999999999996	3.899999500000001	2.855579128354192e-10
15.724999999999996	0.1000005	415254884557.6163
15.724999999999996	0.30000000000000004	349660924995.61835
15.724999999999996	0.5	245787842163.67743
15.724999999999996	0.7000000000000001	141964279747.6486
15.724999999999996	0.9	65982815585.022385
15.724999999999996	1.1	24094015961.796795
15.724999999999996	1.3	6737118902.973293
15.724999999999996	1.5	1404678274.1398425
15.724999999999996	1.7	212509977.3643317
15.724999999999996	1.9	22685261.84356559
15.724999999999996	2.0999999999999996	1660189.670833574
15.724999999999996	2.3	80843.90983702306
15.724999999999996	2.5	2539.3456086804094
15.724999999999996	2.7	49.81605628249305
15.724999999999996	2.9000000000000004	0.5903397365500311
15.724999999999996	3.1000000000000005	0.004083481394941287
15.724999999999996	3.3000000000000007	1.592003487353231e-05
15.724999999999996	3.500000000000001	3.375836395233361e-08
15.724999999999996	3.700000000000001	3.755655660377352e-11
15.724999999999996	3.899999500000001	2.1137154155307518e-14
16.574999499999993	0.1000005	54267184148.32934
16.574999499999993	0.30000000000000004	43094466114.991905
16.574999499999993	0.5	26928963584.28214
16.574999499999993	0.7000000000000001	13019269770.903255
16.574999499999993	0.9	4760568250.356005
16.574999499999993	1.1	1281755521.0325463
16.574999499999993	1.3	246667700.96895212
16.574999499999993	1.5	32857793.63607471
16.574999499999993	1.7	2927752.7288357895
16.574999499999993	1.9	168311.16988649787
16.574999499999993	2.0999999999999996	6010.387715357698
16.574999499999993	2.3	128.14628736294316
16.574999499999993	2.5	1.5655459083529735
16.574999499999993	2.7	0.01050346403351629
16.574999499999993	2.9000000000000004	3.704506358943745e-05
16.574999499999993	3.1000000000000005	6.567661605391936e-08
16.574999499999993	3.3000000000000007	5.591018465045373e-11
16.574999499999993	3.500000000000001	2.181126088140625e-14
16.574999499999993	3.700000000000001	3.717984995047474e-18
16.574999499999993	3.899999500000001	2.638453303440288e-22