0.42500049999999995	0.1000005	85003683446117.39
0.42500049999999995	0.30000000000000004	84991793331448.14
0.42500049999999995	0.5	84837441598668.53
0.42500049999999995	0.7000000000000001	84301571541181.9
0.42500049999999995	0.9	83078748395655.64
0.42500049999999995	1.1	80854026953585.28
0.42500049999999995	1.3	77366978703401.12
0.42500049999999995	1.5	72472302439594.14
0.42500049999999995	1.7	66185076899068.84
0.42500049999999995	1.9	58699633820732.91
0.42500049999999995	2.0999999999999996	50375086957247.87
0.42500049999999995	2.3	41687467762022.87
0.42500049999999995	2.5	33157107637738.81
0.42500049999999995	2.7	25266887529405.23
0.42500049999999995	2.9000000000000004	18390310049736.35
0.42500049999999995	3.1000000000000005	12745877265913.256
0.42500049999999995	3.3000000000000007	8386691627324.385
0.42500049999999995	3.500000000000001	5223437077551.481
0.42500049999999995	3.700000000000001	3070262435272.6973
0.42500049999999995	3.899999500000001	1698081228909.4756
1.275	0.1000005	85068760627850.67
1.275	0.30000000000000004	85054931978123.25
1.275	0.5	84896342616972.56
1.275	0.7000000000000001	84353360896459.03
1.275	0.9	83119944664644.83
1.275	1.1	80880804145529.2
1.275	1.3	77375691815749.0
1.275	1.5	72460193624218.02
1.275	1.7	66151014426481.625
1.275	1.9	58644670340282.625
1.275	2.0999999999999996	50302574282596.52
1.275	2.3	41602859626156.125
1.275	2.5	33067154785468.145
1.275	2.7	25178553670506.977
1.275	2.9000000000000004	18309671471091.707
1.275	3.1000000000000005	12677227817571.598
1.275	3.3000000000000007	8332127348904.918
1.275	3.500000000000001	5182949991828.452
1.275	3.700000000000001	3042238358032.2886
1.275	3.899999500000001	1680009316249.5037
2.125	0.1000005	85199394236920.47
2.125	0.30000000000000004	85181639210843.75
2.125	0.5	85014442824810.31
2.125	0.7000000000000001	84457039409932.16
2.125	0.9	83202154892771.11
2.125	1.1	80933826046906.16
2.125	1.3	77392199563854.27
2.125	1.5	72434668210729.86
2.125	1.7	66081221967079.33
2.125	1.9	58532762591186.87
2.125	2.0999999999999996	50155499281069.516
2.125	2.3	41431671814461.414
2.125	2.5	32885503853830.086
2.125	2.7	25000499949650.07
2.125	2.9000000000000004	18147402771059.844
2.125	3.1000000000000005	12539349520685.531
2.125	3.3000000000000007	8222754072975.963
2.125	3.500000000000001	5101963472392.569
2.125	3.700000000000001	2986307479352.413
2.125	3.899999500000001	1644032100865.9285
2.9749999999999996	0.1000005	85396551939631.98
2.9749999999999996	0.30000000000000004	85372718448364.81
2.9749999999999996	0.5	85192315863847.16
2.9749999999999996	0.7000000000000001	84612754287581.94
2.9749999999999996	0.9	83324952827930.36
2.9749999999999996	1.1	81011962721271.14
2.9749999999999996	1.3	77414538407061.4
2.9749999999999996	1.5	72392914284676.52
2.9749999999999996	1.7	65972155850244.47
2.9749999999999996	1.9	58359899366251.62
2.9749999999999996	2.0999999999999996	49929614154757.33
2.9749999999999996	2.3	41169798154717.72
2.9749999999999996	2.5	32608567900541.582
2.9749999999999996	2.7	24729887860063.582
2.9749999999999996	2.9000000000000004	17901544090821.27
2.9749999999999996	3.1000000000000005	12331079229266.969
2.9749999999999996	3.3000000000000007	8058088874985.337
2.9749999999999996	3.500000000000001	4980464803775.738
2.9749999999999996	3.700000000000001	2902719141707.698
2.9749999999999996	3.899999500000001	1590483326367.742
3.8249999999999997	0.1000005	85661646346368.75
3.8249999999999997	0.30000000000000004	85629418037806.86
3.8249999999999997	0.5	85430783015083.38
3.8249999999999997	0.7000000000000001	84820686211228.39
3.8249999999999997	0.9	83487632168462.34
3.8249999999999997	1.1	81113341647943.53
3.8249999999999997	1.3	77439571051949.4
3.8249999999999997	1.5	72330529779896.58
3.8249999999999997	1.7	65818264216415.27
3.8249999999999997	1.9	58119723950534.85
3.8249999999999997	2.0999999999999996	49618266527557.82
3.8249999999999997	2.3	40810914783223.02
3.8249999999999997	2.5	32230778640420.84
3.8249999999999997	2.7	24362315335586.11
3.8249999999999997	2.9000000000000004	17569056690675.008
3.8249999999999997	3.1000000000000005	12050682397843.354
3.8249999999999997	3.3000000000000007	7837440236330.817
3.8249999999999997	3.500000000000001	4818483552093.97
3.8249999999999997	3.700000000000001	2791885628160.277
3.8249999999999997	3.899999500000001	1519898306387.4836
4.675	0.1000005	85996517135769.72
4.675	0.30000000000000004	85953314838690.36
4.675	0.5	85730796964479.25
4.675	0.7000000000000001	85080868032111.55
4.675	0.9	83688928141626.69
4.675	1.1	81235121194662.45
4.675	1.3	77462632622436.78
4.675	1.5	72240977299627.95
4.675	1.7	65611465660549.19
4.675	1.9	57803103699313.664
4.675	2.0999999999999996	49212011667967.984
4.675	2.3	40345987608974.44
4.675	2.5	31744366755205.387
4.675	2.7	23891770599295.723
4.675	2.9000000000000004	17145817739999.742
4.675	3.1000000000000005	11695856154489.953
4.675	3.3000000000000007	7559962237582.137
4.675	3.500000000000001	4616137981811.301
4.675	3.700000000000001	2654427827146.3457
4.675	3.899999500000001	1433039029247.138
5.5249999999999995	0.1000005	86403431054729.36
5.5249999999999995	0.30000000000000004	86346248520455.94
5.5249999999999995	0.5	86093425377335.16
5.5249999999999995	0.7000000000000001	85393069791551.31
5.5249999999999995	0.9	83926803970542.7
5.5249999999999995	1.1	81373079977086.55
5.5249999999999995	1.3	77477037891181.38
5.5249999999999995	1.5	72115157050387.75
5.5249999999999995	1.7	65340557909802.6
5.5249999999999995	1.9	57397473013284.02
5.5249999999999995	2.0999999999999996	48697971889903.695
5.5249999999999995	2.3	39762943801268.09
5.5249999999999995	2.5	31139000529911.91
5.5249999999999995	2.7	23310320076729.895
5.5249999999999995	2.9000000000000004	16626571040393.791
5.5249999999999995	3.1000000000000005	11263762152069.857
5.5249999999999995	3.3000000000000007	7224716975836.994
5.5249999999999995	3.500000000000001	4373730324335.8286
5.5249999999999995	3.700000000000001	2491252432890.1953
5.5249999999999995	3.899999500000001	1330944913377.73
6.374999999999999	0.1000005	86884917661376.27
6.374999999999999	0.30000000000000004	86810206583124.23
6.374999999999999	0.5	86519538811511.33
6.374999999999999	0.7000000000000001	85756388080447.44
6.374999999999999	0.9	84198023808069.39
6.374999999999999	1.1	81520992685233.81
6.374999999999999	1.3	77473309275440.19
6.374999999999999	1.5	71940388453531.89
6.374999999999999	1.7	64990248711950.65
6.374999999999999	1.9	56885979206320.55
6.374999999999999	2.0999999999999996	48059015271699.49
6.374999999999999	2.3	39045899785558.93
6.374999999999999	2.5	30401325935476.152
6.374999999999999	2.7	22607944139685.418
6.374999999999999	2.9000000000000004	16004810403773.08
6.374999999999999	3.1000000000000005	10751088985590.01
6.374999999999999	3.3000000000000007	6830805969681.102
6.374999999999999	3.500000000000001	4091866685045.746
6.374999999999999	3.700000000000001	2303652141686.239
6.374999999999999	3.899999500000001	1214995060730.4097
7.224999999999999	0.1000005	87443572216647.6
7.224999999999999	0.30000000000000004	87347077972995.81
7.224999999999999	0.5	87009465779407.9
7.224999999999999	0.7000000000000001	86168835398779.25
7.224999999999999	0.9	84497364307045.05
7.224999999999999	1.1	81669726674381.34
7.224999999999999	1.3	77438043469288.92
7.224999999999999	1.5	71699178223754.8
7.224999999999999	1.7	64539726806446.664
7.224999999999999	1.9	56245938497196.0
7.224999999999999	2.0999999999999996	47272540160228.13
7.224999999999999	2.3	38174224983120.34
7.224999999999999	2.5	29514293178332.66
7.224999999999999	2.7	21772159316958.305
7.224999999999999	2.9000000000000004	15272779652371.125
7.224999999999999	3.1000000000000005	10154155673607.232
7.224999999999999	3.3000000000000007	6377550841008.242
7.224999999999999	3.500000000000001	3771644295357.404
7.224999999999999	3.700000000000001	2093433771735.0537
7.224999999999999	3.899999500000001	1086990221030.1016
8.075	0.1000005	88081645041735.64
8.075	0.30000000000000004	87958111037191.1
8.075	0.5	87562417851264.62
8.075	0.7000000000000001	86626403895265.5
8.075	0.9	84816481252507.05
8.075	1.1	81805780084884.83
8.075	1.3	77352121051041.45
8.075	1.5	71367117889728.67
8.075	1.7	63960559445061.56
8.075	1.9	55446930637660.63
8.075	2.0999999999999996	46308651927080.08
8.075	2.3	37121194910203.8
8.075	2.5	28456384696274.555
8.075	2.7	20787739058803.688
8.075	2.9000000000000004	14421439767499.04
8.075	3.1000000000000005	9469139974346.303
8.075	3.3000000000000007	5864782405932.363
8.075	3.500000000000001	3414904467273.391
8.075	3.700000000000001	1863110442897.4436
8.075	3.899999500000001	949252495787.4552
8.924999999999999	0.1000005	88800318787194.05
8.924999999999999	0.30000000000000004	88643075817030.0
8.924999999999999	0.5	88175323436140.52
8.924999999999999	0.7000000000000001	87121570635943.75
8.924999999999999	0.9	85142020615391.08
8.924999999999999	1.1	81908768722317.75
8.924999999999999	1.3	77187749871648.92
8.924999999999999	1.5	70909697223822.48
8.924999999999999	1.7	63213374416642.766
8.924999999999999	1.9	54447661619021.27
8.924999999999999	2.0999999999999996	45127715551182.66
8.924999999999999	2.3	35852184359838.23
8.924999999999999	2.5	27200514641913.188
8.924999999999999	2.7	19636188117095.656
8.924999999999999	2.9000000000000004	13440588796571.564
8.924999999999999	3.1000000000000005	8692462745208.08
8.924999999999999	3.3000000000000007	5293298949585.72
8.924999999999999	3.500000000000001	3024618595452.657
8.924999999999999	3.700000000000001	1616143526077.1138
8.924999999999999	3.899999500000001	804745902952.5073
9.774999999999999	0.1000005	89598147991235.05
9.774999999999999	0.30000000000000004	89398555783551.45
9.774999999999999	0.5	88840692451313.17
9.774999999999999	0.7000000000000001	87640751633069.67
9.774999999999999	0.9	85452218449190.22
9.774999999999999	1.1	81947418206190.11
9.774999999999999	1.3	76903849455478.19
9.774999999999999	1.5	70277228725520.35
9.774999999999999	1.7	62242784530532.57
9.774999999999999	1.9	53191364498539.77
9.774999999999999	2.0999999999999996	43676462746858.84
9.774999999999999	2.3	34321957174529.17
9.774999999999999	2.5	25712567002497.645
9.774999999999999	2.7	18295578289127.203
9.774999999999999	2.9000000000000004	12319231429557.182
9.774999999999999	3.1000000000000005	7821477818809.716
9.774999999999999	3.3000000000000007	4665561029845.097
9.774999999999999	3.500000000000001	2605418704736.682
9.774999999999999	3.700000000000001	1357251280620.5728
9.774999999999999	3.899999500000001	657208932330.9022
10.624999999999998	0.1000005	90468135304749.67
10.624999999999998	0.30000000000000004	90214679139132.28
10.624999999999998	0.5	89542789152817.55
10.624999999999998	0.7000000000000001	88159357733495.4
10.624999999999998	0.9	85711020517992.94
10.624999999999998	1.1	81872468102106.16
10.624999999999998	1.3	76437986020889.31
10.624999999999998	1.5	69396339150258.82
10.624999999999998	1.7	60969109104085.51
10.624999999999998	1.9	51598457147290.68
10.624999999999998	2.0999999999999996	41882423678645.47
10.624999999999998	2.3	32471151163577.664
10.624999999999998	2.5	23949851591634.29
10.624999999999998	2.7	16740269182070.13
10.624999999999998	2.9000000000000004	11046464339896.41
10.624999999999998	3.1000000000000005	6855695711675.056
10.624999999999998	3.3000000000000007	3986806776930.169
10.624999999999998	3.500000000000001	2164349743545.7185
10.624999999999998	3.700000000000001	1092810132213.8582
10.624999999999998	3.899999500000001	511285129915.85364
11.474999999999998	0.1000005	91391539001603.27
11.474999999999998	0.30000000000000004	91068351462045.12
11.474999999999998	0.5	90249813540323.52
11.474999999999998	0.7000000000000001	88632481292126.62
11.474999999999998	0.9	85856847172399.53
11.474999999999998	1.1	81603728533200.27
11.474999999999998	1.3	75692016488350.9
11.474999999999998	1.5	68155186451422.16
11.474999999999998	1.7	59274412185663.88
11.474999999999998	1.9	49554715803757.51
11.474999999999998	2.0999999999999996	39645188531450.46
11.474999999999998	2.3	30221071181538.543
11.474999999999998	2.5	21859182251746.113
11.474999999999998	2.7	14941708140669.318
11.474999999999998	2.9000000000000004	9613393054356.406
11.474999999999998	3.1000000000000005	5798963304009.328
11.474999999999998	3.3000000000000007	3266774940942.0493
11.474999999999998	3.500000000000001	1711935606617.1284
11.474999999999998	3.700000000000001	831307362969.8828
11.474999999999998	3.899999500000001	372605554912.85736
12.324999999999998	0.1000005	92324535308502.98
12.324999999999998	0.30000000000000004	91908948991433.77
12.324999999999998	0.5	90897459311510.5
12.324999999999998	0.7000000000000001	88975776750236.33
12.324999999999998	0.9	85780336634415.1
12.324999999999998	1.1	81004768299708.83
12.324999999999998	1.3	74505134038011.58
12.324999999999998	1.5	66376554614773.71
12.324999999999998	1.7	56977946252729.945
12.324999999999998	1.9	46891547904206.375
12.324999999999998	2.0999999999999996	36823020630248.5
12.324999999999998	2.3	27466938198398.332
12.324999999999998	2.5	19375825614392.445
12.324999999999998	2.7	12870892447681.49
12.324999999999998	2.9000000000000004	8017223574974.275
12.324999999999998	3.1000000000000005	4663305792218.376
12.324999999999998	3.3000000000000007	2522420046850.1562
12.324999999999998	3.500000000000001	1263571206300.8328
12.324999999999998	3.700000000000001	583780332507.374
12.324999999999998	3.899999500000001	247729482954.98782
13.174999999999997	0.1000005	93166648205496.61
13.174999999999997	0.30000000000000004	92624678957542.52
13.174999999999997	0.5	91351545576555.62
13.174999999999997	0.7000000000000001	89022836151551.39
13.174999999999997	0.9	85276020823393.9
13.174999999999997	1.1	79830155787513.44
13.174999999999997	1.3	72598875133922.34
13.174999999999997	1.5	63765028864519.08
13.174999999999997	1.7	53790488988231.25
13.174999999999997	1.9	43351481855054.98
13.174999999999997	2.0999999999999996	33211815220854.375
13.174999999999997	2.3	24069906448252.656
13.174999999999997	2.5	16425401544503.5
13.174999999999997	2.7	10505803559489.617
13.174999999999997	2.9000000000000004	6269831625013.815
13.174999999999997	3.1000000000000005	3475820521624.86
13.174999999999997	3.3000000000000007	1781997446187.52
13.174999999999997	3.500000000000001	841176203981.4368
13.174999999999997	3.700000000000001	363986154605.5287
13.174999999999997	3.899999500000001	143745277966.7501
14.024999999999997	0.1000005	93677963887218.42
14.024999999999997	0.30000000000000004	92955441667588.23
14.024999999999997	0.5	91312830390203.25
14.024999999999997	0.7000000000000001	88419539554378.56
14.024999999999997	0.9	83926508309382.61
14.024999999999997	1.1	77602562479261.5
14.024999999999997	1.3	69454978613677.555
14.024999999999997	1.5	59795400000990.39
14.024999999999997	1.7	49223788837511.74
14.024999999999997	1.9	38526373850412.89
14.024999999999997	2.0999999999999996	28514252155553.055
14.024999999999997	2.3	19852727065624.86
14.024999999999997	2.5	12936913584730.592
14.024999999999997	2.7	7851242684821.2295
14.024999999999997	2.9000000000000004	4415909673947.31
14.024999999999997	3.1000000000000005	2290738319238.112
14.024999999999997	3.3000000000000007	1090737711737.7959
14.024999999999997	3.500000000000001	474443357198.6304
14.024999999999997	3.700000000000001	187632813931.56677
14.024999999999997	3.899999500000001	67150175704.25937
14.874999999999996	0.1000005	93224236717177.56
14.874999999999996	0.30000000000000004	92227901680695.7
14.874999999999996	0.5	90033685232294.44
14.874999999999996	0.7000000000000001	86319031268107.25
14.874999999999996	0.9	80779622326296.88
14.874999999999996	1.1	73286123074941.98
14.874999999999996	1.3	64007142503396.45
14.874999999999996	1.5	53450610059082.625
14.874999999999996	1.7	42398565936070.43
14.874999999999996	1.9	31747832561026.492
14.874999999999996	2.0999999999999996	22307420996069.37
14.874999999999996	2.3	14623724562987.69
14.874999999999996	2.5	8894312261766.592
14.874999999999996	2.7	4991591518767.295
14.874999999999996	2.9000000000000004	2571025099007.6904
14.874999999999996	3.1000000000000005	1208972281147.183
14.874999999999996	3.3000000000000007	516299122096.0074
14.874999999999996	3.500000000000001	199214025828.6681
14.874999999999996	3.700000000000001	69096538733.923
14.874999999999996	3.899999500000001	21434769276.556824
15.724999999999996	0.1000005	89764556779552.19
15.724999999999996	0.30000000000000004	88317339346705.9
15.724999999999996	0.5	85238340451101.86
15.724999999999996	0.7000000000000001	80264153519292.14
15.724999999999996	0.9	73225758921422.69
15.724999999999996	1.1	64222613786625.32
15.724999999999996	1.3	53722158409009.41
15.724999999999996	1.5	42530940007692.734
15.724999999999996	1.7	31632623262309.67
15.724999999999996	1.9	21947979153494.496
15.724999999999996	2.0999999999999996	14111577016348.008
15.724999999999996	2.3	8353986564007.904
15.724999999999996	2.5	4525504695746.335
15.724999999999996	2.7	2229978308276.693
15.724999999999996	2.9000000000000004	993742947300.9966
15.724999999999996	3.1000000000000005	398227494837.0721
15.724999999999996	3.3000000000000007	142714147246.19092
15.724999999999996	3.500000000000001	45489834769.81839
15.724999999999996	3.700000000000001	12827063965.821484
15.724999999999996	3.899999500000001	3182471575.5649796
16.574999499999993	0.1000005	73214023315209.8
16.574999499999993	0.30000000000000004	71012145231395.48
16.574999499999993	0.5	66562521665222.14
16.574999499999993	0.7000000000000001	59903123988768.31
16.574999499999993	0.9	51332323940454.95
16.574999499999993	1.1	41510842862312.42
16.574999499999993	1.3	31398841501348.48
16.574999499999993	1.5	22030625940504.36
16.574999499999993	1.7	14228777414327.596
16.574999499999993	1.9	8399800930073.285
16.574999499999993	2.0999999999999996	4502635674545.466
16.574999499999993	2.3	2177776964866.5557
16.574999499999993	2.5	944477382319.5128
16.574999499999993	2.7	364955038519.90704
16.574999499999993	2.9000000000000004	124824888541.3636
16.574999499999993	3.1000000000000005	37532224503.91339
16.574999499999993	3.3000000000000007	9850561030.01153
16.574999499999993	3.500000000000001	2240179611.2433777
16.574999499999993	3.700000000000001	438128305.1178889
16.574999499999993	3.899999500000001	73128970.92949954