0.42500049999999995	0.1000005	1830086542453.851
0.42500049999999995	0.30000000000000004	1650790447179.422
0.42500049999999995	0.5	1333921876046.7302
0.42500049999999995	0.7000000000000001	953432012346.0682
0.42500049999999995	0.9	592824860246.7117
0.42500049999999995	1.1	314585357295.6968
0.42500049999999995	1.3	139584661118.70068
0.42500049999999995	1.5	50699659963.355675
0.42500049999999995	1.7	14750436703.248678
0.42500049999999995	1.9	3362196739.9174933
0.42500049999999995	2.0999999999999996	587051079.6773196
0.42500049999999995	2.3	76737712.21776856
0.42500049999999995	2.5	7336601.343355586
0.42500049999999995	2.7	500995.2368364185
0.42500049999999995	2.9000000000000004	23853.4962857194
0.42500049999999995	3.1000000000000005	772.700017615526
0.42500049999999995	3.3000000000000007	16.611557478222736
0.42500049999999995	3.500000000000001	0.2311015826577762
0.42500049999999995	3.700000000000001	0.002028185581612186
0.42500049999999995	3.899999500000001	1.0942840397091388e-05
1.275	0.1000005	1816456830216.8208
1.275	0.30000000000000004	1638003845326.7625
1.275	0.5	1322780850585.4963
1.275	0.7000000000000001	944578146931.7522
1.275	0.9	586556127695.3444
1.275	1.1	310732433092.87775
1.275	1.3	137582709323.01114
1.275	1.5	49843055734.75644
1.275	1.7	14456183107.540102
1.275	1.9	3283040945.7900753
1.275	2.0999999999999996	570777889.8598313
1.275	2.3	74241942.60356174
1.275	2.5	7057851.494535988
1.275	2.7	478864.1497077388
1.275	2.9000000000000004	22634.523683850373
1.275	3.1000000000000005	727.2523527456834
1.275	3.3000000000000007	15.49275280042224
1.275	3.500000000000001	0.2133678132269854
1.275	3.700000000000001	0.0018517381238637002
1.275	3.899999500000001	9.868722832950062e-06
2.125	0.1000005	1789180704158.1658
2.125	0.30000000000000004	1612427717826.909
2.125	0.5	1300517888491.3865
2.125	0.7000000000000001	926912729458.6813
2.125	0.9	574074521533.438
2.125	1.1	303081205403.39716
2.125	1.3	133620371239.2233
2.125	1.5	48154397591.53903
2.125	1.7	13878877700.232615
2.125	1.9	3128611997.3413043
2.125	2.0999999999999996	539235808.2614893
2.125	2.3	69440624.59679773
2.125	2.5	6526175.297636491
2.125	2.7	437060.2613727439
2.125	2.9000000000000004	20357.050710613225
2.125	3.1000000000000005	643.3738118976395
2.125	3.3000000000000007	13.455867026371845
2.125	3.500000000000001	0.18156626874279094
2.125	3.700000000000001	0.001540552666510271
2.125	3.899999500000001	8.008760089545553e-06
2.9749999999999996	0.1000005	1748229751646.6736
2.9749999999999996	0.30000000000000004	1574060900631.4365
2.9749999999999996	0.5	1267177131351.043
2.9749999999999996	0.7000000000000001	900524892968.1528
2.9749999999999996	0.9	555495080444.9388
2.9749999999999996	1.1	291743149961.87866
2.9749999999999996	1.3	127781493460.79388
2.9749999999999996	1.5	45682818603.01441
2.9749999999999996	1.7	13040706957.558676
2.9749999999999996	1.9	2906517291.2634597
2.9749999999999996	2.0999999999999996	494370650.7927191
2.9749999999999996	2.3	62697312.76757951
2.9749999999999996	2.5	5790190.800148564
2.9749999999999996	2.7	380135.010654311
2.9749999999999996	2.9000000000000004	17312.566232674497
2.9749999999999996	3.1000000000000005	533.5454812034477
2.9749999999999996	3.3000000000000007	10.849612036439684
2.9749999999999996	3.500000000000001	0.14190157302601974
2.9749999999999996	3.700000000000001	0.0011632032979492874
2.9749999999999996	3.899999500000001	5.821995798149763e-06
3.8249999999999997	0.1000005	1693574406331.1614
3.8249999999999997	0.30000000000000004	1522915064610.0889
3.8249999999999997	0.5	1222838135593.2183
3.8249999999999997	0.7000000000000001	865560523331.9635
3.8249999999999997	0.9	530999869997.84875
3.8249999999999997	1.1	276890995640.52893
3.8249999999999997	1.3	120193852559.96696
3.8249999999999997	1.5	42501981408.714966
3.8249999999999997	1.7	11974388217.699823
3.8249999999999997	1.9	2627776073.7395616
3.8249999999999997	2.0999999999999996	438942772.66240424
3.8249999999999997	2.3	54516247.04318409
3.8249999999999997	2.5	4915591.382714594
3.8249999999999997	2.7	314058.0474263479
3.8249999999999997	2.9000000000000004	13870.855922428771
3.8249999999999997	3.1000000000000005	413.0079604324275
3.8249999999999997	3.3000000000000007	8.081945027662098
3.8249999999999997	3.500000000000001	0.10129011690418924
3.8249999999999997	3.700000000000001	0.0007920844232009839
3.8249999999999997	3.899999500000001	3.7642419459531407e-06
4.675	0.1000005	1625200468582.443
4.675	0.30000000000000004	1459032224893.9434
4.675	0.5	1167632782046.017
4.675	0.7000000000000001	822237865814.3204
4.675	0.9	500849345101.94824
4.675	1.1	258764967841.5729
4.675	1.3	111031130529.97852
4.675	1.5	38709824057.23998
4.675	1.7	10722417062.53786
4.675	1.9	2306327253.5335135
4.675	2.0999999999999996	376342172.50210094
4.675	2.3	45495695.6581236
4.675	2.5	3977317.645103898
4.675	2.7	245338.6047739132
4.675	2.9000000000000004	10414.516176959301
4.675	3.1000000000000005	296.6044562391253
4.675	3.3000000000000007	5.523139903817949
4.675	3.500000000000001	0.0655118013606239
4.675	3.700000000000001	0.00048206177350301955
4.675	3.899999500000001	2.1426481831840243e-06
5.5249999999999995	0.1000005	1543136921205.2964
5.5249999999999995	0.30000000000000004	1382511194846.8298
5.5249999999999995	0.5	1101771535393.817
5.5249999999999995	0.7000000000000001	770869699724.3551
5.5249999999999995	0.9	465398494711.94183
5.5249999999999995	1.1	237681736164.05646
5.5249999999999995	1.3	100515637987.99663
5.5249999999999995	1.5	34428034817.117226
5.5249999999999995	1.7	9335937188.43468
5.5249999999999995	1.9	1958360272.124799
5.5249999999999995	2.0999999999999996	310346321.81885666
5.5249999999999995	2.3	36271040.21269519
5.5249999999999995	2.5	3050582.5073798164
5.5249999999999995	2.7	180084.3406056338
5.5249999999999995	2.9000000000000004	7274.72543154848
5.5249999999999995	3.1000000000000005	195.97685570738733
5.5249999999999995	3.3000000000000007	3.4298604871659473
5.5249999999999995	3.500000000000001	0.03797677672863756
5.5249999999999995	3.700000000000001	0.00025899254980157524
5.5249999999999995	3.899999500000001	1.0588548720117345e-06
6.374999999999999	0.1000005	1447493665439.3137
6.374999999999999	0.30000000000000004	1293546877993.4685
6.374999999999999	0.5	1025580790960.4504
6.374999999999999	0.7000000000000001	711895238793.4225
6.374999999999999	0.9	425118821965.4754
6.374999999999999	1.1	214044918186.61627
6.374999999999999	1.3	88920784509.21732
6.374999999999999	1.5	29800885089.828506
6.374999999999999	1.7	7873129826.207639
6.374999999999999	1.9	1601434147.5573254
6.374999999999999	2.0999999999999996	244830532.91107032
6.374999999999999	2.3	27451830.782163274
6.374999999999999	2.5	2201828.2309932914
6.374999999999999	2.7	123159.16769299925
6.374999999999999	2.9000000000000004	4681.621566672524
6.374999999999999	3.1000000000000005	117.80636218794578
6.374999999999999	3.3000000000000007	1.910798171172753
6.374999999999999	3.500000000000001	0.019445427404062292
6.374999999999999	3.700000000000001	0.00012081843860575117
6.374999999999999	3.899999500000001	4.4587847125500295e-07
7.224999999999999	0.1000005	1338520459145.8003
7.224999999999999	0.30000000000000004	1192487455281.2134
7.224999999999999	0.5	939555199108.5553
7.224999999999999	0.7000000000000001	645922729849.6656
7.224999999999999	0.9	380626548785.0169
7.224999999999999	1.1	188358345356.08832
7.224999999999999	1.3	76573179383.41826
7.224999999999999	1.5	24992875784.41143
7.224999999999999	1.7	6396947647.254305
7.224999999999999	1.9	1253404337.9664907
7.224999999999999	2.0999999999999996	183445337.125877
7.224999999999999	2.3	19559093.8947862
7.224999999999999	2.5	1480959.2604539301
7.224999999999999	2.7	77591.91015189713
7.224999999999999	2.9000000000000004	2739.6958242918263
7.224999999999999	3.1000000000000005	63.46766797646267
7.224999999999999	3.3000000000000007	0.9387569116180854
7.224999999999999	3.500000000000001	0.008624698825093334
7.224999999999999	3.700000000000001	4.786764432193608e-05
7.224999999999999	3.899999500000001	1.5605147386282722e-07
8.075	0.1000005	1216690947490.0806
8.075	0.30000000000000004	1079914525052.2924
8.075	0.5	844430024631.9851
8.075	0.7000000000000001	573785862021.777
8.075	0.9	332717044943.60004
8.075	1.1	161239834613.8054
8.075	1.3	63853001192.50083
8.075	1.5	20184847027.544785
8.075	1.7	4972086172.853979
8.075	1.9	931146726.4872037
8.075	2.0999999999999996	129282270.05258714
8.075	2.3	12970635.055617442
8.075	2.5	916079.8281625697
8.075	2.7	44350.374855824615
8.075	2.9000000000000004	1432.512702089807
8.075	3.1000000000000005	30.03294088323261
8.075	3.3000000000000007	0.39745808261489973
8.075	3.500000000000001	0.0032279894532089956
8.075	3.700000000000001	1.5637074775672958e-05
8.075	3.899999500000001	4.3904261415233075e-08
8.924999999999999	0.1000005	1082825207686.5317
8.924999999999999	0.30000000000000004	956761173342.7153
8.924999999999999	0.5	741283461380.563
8.924999999999999	0.7000000000000001	496619043848.84485
8.924999999999999	0.9	282407426739.3892
8.924999999999999	1.1	133433909643.61795
8.924999999999999	1.3	51191138447.4028
8.924999999999999	1.5	15567615594.393267
8.924999999999999	1.7	3661011788.1649113
8.924999999999999	1.9	649128328.7392714
8.924999999999999	2.0999999999999996	84561831.36863905
8.924999999999999	2.3	7882616.298164318
8.924999999999999	2.5	511841.5537700616
8.924999999999999	2.7	22525.459406095404
8.924999999999999	2.9000000000000004	653.4127050221873
8.924999999999999	3.1000000000000005	12.144928801829783
8.924999999999999	3.3000000000000007	0.14055627187066233
8.924999999999999	3.500000000000001	0.0009839424344613205
8.924999999999999	3.700000000000001	4.0463061013039244e-06
8.924999999999999	3.899999500000001	9.491604023617429e-09
9.774999999999999	0.1000005	938269675806.7672
9.774999999999999	0.30000000000000004	824477700232.6342
9.774999999999999	0.5	631673959494.0658
9.774999999999999	0.7000000000000001	415952326354.26984
9.774999999999999	0.9	230982656931.1669
9.774999999999999	1.1	105821118116.23936
9.774999999999999	1.3	39060319727.09317
9.774999999999999	1.5	11332198610.052177
9.774999999999999	1.7	2518960774.5391235
9.774999999999999	1.9	417925092.36994827
9.774999999999999	2.0999999999999996	50389077.37571591
9.774999999999999	2.3	4296229.996285646
9.774999999999999	2.5	251926.2272007503
9.774999999999999	2.7	9876.339305612559
9.774999999999999	2.9000000000000004	251.50860457842123
9.774999999999999	3.1000000000000005	4.040709919261816
9.774999999999999	3.3000000000000007	0.03976154448419442
9.774999999999999	3.500000000000001	0.00023259031923836298
9.774999999999999	3.700000000000001	7.848031620823792e-07
9.774999999999999	3.899999500000001	1.4818723293076883e-09
10.624999999999998	0.1000005	785158381053.57
10.624999999999998	0.30000000000000004	685269511074.6182
10.624999999999998	0.5	517828709948.58484
10.624999999999998	0.7000000000000001	333829667859.16705
10.624999999999998	0.9	180043025726.74106
10.624999999999998	1.1	79415892029.79285
10.624999999999998	1.3	27956518092.780437
10.624999999999998	1.5	7655361122.514797
10.624999999999998	1.7	1588033265.8886063
10.624999999999998	1.9	242870604.85210997
10.624999999999998	2.0999999999999996	26635083.866048872
10.624999999999998	2.3	2036047.4165738048
10.624999999999998	2.5	105396.55132641275
10.624999999999998	2.7	3587.5203213887694
10.624999999999998	2.9000000000000004	77.93100727230062
10.624999999999998	3.1000000000000005	1.0481201581529904
10.624999999999998	3.3000000000000007	0.00846405319336108
10.624999999999998	3.500000000000001	3.978943786288188e-05
10.624999999999998	3.700000000000001	1.0554422673156983e-07
10.624999999999998	3.899999500000001	1.5309314646000414e-10
11.474999999999998	0.1000005	626788944161.1294
11.474999999999998	0.30000000000000004	542427985650.88965
11.474999999999998	0.5	402887760248.66516
11.474999999999998	0.7000000000000001	252941787382.9488
11.474999999999998	0.9	131535992805.89583
11.474999999999998	1.1	55341455339.86267
11.474999999999998	1.3	18364461722.675083
11.474999999999998	1.5	4679763953.2383175
11.474999999999998	1.7	890829901.472053
11.474999999999998	1.9	123134211.48319727
11.474999999999998	2.0999999999999996	12005434.67636305
11.474999999999998	2.3	801545.802787714
11.474999999999998	2.5	35556.35505248954
11.474999999999998	2.7	1016.2532373467817
11.474999999999998	2.9000000000000004	18.139844163587643
11.474999999999998	3.1000000000000005	0.19592200261959186
11.474999999999998	3.3000000000000007	0.0012401347535823883
11.474999999999998	3.500000000000001	4.4543138721091565e-06
11.474999999999998	3.700000000000001	8.788184368463225e-09
11.474999999999998	3.899999500000001	9.217383897018584e-12
12.324999999999998	0.1000005	468146796582.12396
12.324999999999998	0.30000000000000004	400772804136.6092
12.324999999999998	0.5	291197342286.86444
12.324999999999998	0.7000000000000001	176746471858.93274
12.324999999999998	0.9	87741209704.22054
12.324999999999998	1.1	34759973804.07791
12.324999999999998	1.3	10700244355.169767
12.324999999999998	1.5	2488688483.5688972
12.324999999999998	1.7	424824132.50444674
12.324999999999998	1.9	51660929.857486285
12.324999999999998	2.0999999999999996	4340884.6890700385
12.324999999999998	2.3	244302.03702617597
12.324999999999998	2.5	8921.158368033142
12.324999999999998	2.7	204.66290051414353
12.324999999999998	2.9000000000000004	2.854626659237968
12.324999999999998	3.1000000000000005	0.023417036048716557
12.324999999999998	3.3000000000000007	0.00010924441762946436
12.324999999999998	3.500000000000001	2.8016136785721224e-07
12.324999999999998	3.700000000000001	3.8165066760502743e-10
12.324999999999998	3.899999500000001	2.6676746094617377e-13
13.174999999999997	0.1000005	316578982069.9338
13.174999999999997	0.30000000000000004	267179275897.7964
13.174999999999997	0.5	188590848532.83258
13.174999999999997	0.7000000000000001	109495282974.60542
13.174999999999997	0.9	51140953707.50485
13.174999999999997	1.1	18723992590.85486
13.174999999999997	1.3	5224544591.715043
13.174999999999997	1.5	1078539502.0819876
13.174999999999997	1.7	159740302.91478482
13.174999999999997	1.9	16446163.656090528
13.174999999999997	2.0999999999999996	1139577.5672981038
13.174999999999997	2.3	51418.195218266694
13.174999999999997	2.5	1460.7532891521491
13.174999999999997	2.7	25.250121205012373
13.174999999999997	2.9000000000000004	0.2564920659589854
13.174999999999997	3.1000000000000005	0.0014779911637636087
13.174999999999997	3.3000000000000007	4.661073055343765e-06
13.174999999999997	3.500000000000001	7.757319785740805e-09
13.174999999999997	3.700000000000001	6.5661849842628875e-12
13.174999999999997	3.899999500000001	2.7229286733886957e-15
14.024999999999997	0.1000005	182456092817.28473
14.024999999999997	0.30000000000000004	150994192031.74765
14.024999999999997	0.5	102426353879.53769
14.024999999999997	0.7000000000000001	55955129122.436516
14.024999999999997	0.9	24043042050.31959
14.024999999999997	1.1	7904927110.824377
14.024999999999997	1.3	1929839000.6451206
14.024999999999997	1.5	338929837.93716836
14.024999999999997	1.7	41439076.398256145
14.024999999999997	1.9	3410090.033820103
14.024999999999997	2.0999999999999996	182459.2847926805
14.024999999999997	2.3	6127.212450882636
14.024999999999997	2.5	124.55829100932479
14.024999999999997	2.7	1.4772804077962167
14.024999999999997	2.9000000000000004	0.009843248499599225
14.024999999999997	3.1000000000000005	3.54512005160987e-05
14.024999999999997	3.3000000000000007	6.634463462553506e-08
14.024999999999997	3.500000000000001	6.197126796082332e-11
14.024999999999997	3.700000000000001	2.773461595605336e-14
14.024999999999997	3.899999500000001	5.705716396351214e-18
14.874999999999996	0.1000005	79053420505.11386
14.874999999999996	0.30000000000000004	63572900318.65179
14.874999999999996	0.5	40694727777.4519
14.874999999999996	0.7000000000000001	20347577854.67125
14.874999999999996	0.9	7748381844.66208
14.874999999999996	1.1	2181734883.584537
14.874999999999996	1.3	439822561.7265843
14.874999999999996	1.5	61355396.16444773
14.874999999999996	1.7	5716950.257071912
14.874999999999996	1.9	343040.31826090306
14.874999999999996	2.0999999999999996	12765.058520516863
14.874999999999996	2.3	283.32222841280037
14.874999999999996	2.5	3.6025951948077277
14.874999999999996	2.7	0.025172081989326103
14.874999999999996	2.9000000000000004	9.257703458252677e-05
14.874999999999996	3.1000000000000005	1.7146303022305608e-07
14.874999999999996	3.3000000000000007	1.5286629679588663e-10
14.874999999999996	3.500000000000001	6.266259193009199e-14
14.874999999999996	3.700000000000001	1.1275026909467657e-17
14.874999999999996	3.899999500000001	8.49837691997287e-22
15.724999999999996	0.1000005	18951986369.417088
15.724999999999996	0.30000000000000004	14564107530.350103
15.724999999999996	0.5	8507669178.738282
15.724999999999996	0.7000000000000001	3702307215.608072
15.724999999999996	0.9	1168183452.5834243
15.724999999999996	1.1	258894514.4957281
15.724999999999996	1.3	38913461.28281815
15.724999999999996	1.5	3820758.7629269
15.724999999999996	1.7	235500.83963794855
15.724999999999996	1.9	8736.846157605602
15.724999999999996	2.0999999999999996	186.61872441499003
15.724999999999996	2.3	2.190526938791465
15.724999999999996	2.5	0.013459521953746582
15.724999999999996	2.7	4.116984888471832e-05
15.724999999999996	2.9000000000000004	5.954045921060338e-08
15.724999999999996	3.1000000000000005	3.862822522628188e-11
15.724999999999996	3.3000000000000007	1.0658332316775149e-14
15.724999999999996	3.500000000000001	1.1849988417101619e-18
15.724999999999996	3.700000000000001	5.026878961155741e-23
15.724999999999996	3.899999500000001	7.70038693702157e-28
16.574999499999993	0.1000005	1012151537.2297382
16.574999499999993	0.30000000000000004	718227919.6323998
16.574999499999993	0.5	357319464.2246854
16.574999499999993	0.7000000000000001	121836904.23132344
16.574999499999993	0.9	27598546.632270526
16.574999499999993	1.1	3999213.011409667
16.574999499999993	1.3	355103.35796766676
16.574999499999993	1.5	18424.55142004385
16.574999499999993	1.7	530.5710061924641
16.574999499999993	1.9	8.025626961903114
16.574999499999993	2.0999999999999996	0.06015906663094296
16.574999499999993	2.3	0.00021023190334400573
16.574999499999993	2.5	3.2145425576441435e-07
16.574999499999993	2.7	2.0142174792408606e-10
16.574999499999993	2.9000000000000004	4.835007770233754e-14
16.574999499999993	3.1000000000000005	4.1494756361394924e-18
16.574999499999993	3.3000000000000007	1.1863902380498589e-22
16.574999499999993	3.500000000000001	1.0516072896159875e-27
16.574999499999993	3.700000000000001	2.6863650551375054e-33
16.574999499999993	3.899999500000001	1.8371431829149804e-39