0.42500049999999995	0.1000005	18152877361368.094
0.42500049999999995	0.30000000000000004	18197495251845.348
0.42500049999999995	0.5	18266522276674.027
0.42500049999999995	0.7000000000000001	18322268336824.098
0.42500049999999995	0.9	18313640970372.3
0.42500049999999995	1.1	18182543038412.24
0.42500049999999995	1.3	17871557232039.34
0.42500049999999995	1.5	17332184964515.906
0.42500049999999995	1.7	16532737255220.912
0.42500049999999995	1.9	15464558411452.484
0.42500049999999995	2.0999999999999996	14145518250401.59
0.42500049999999995	2.3	12619890700937.412
0.42500049999999995	2.5	10954197938060.459
0.42500049999999995	2.7	9229529922524.744
0.42500049999999995	2.9000000000000004	7531440022774.863
0.42500049999999995	3.1000000000000005	5939245785631.485
0.42500049999999995	3.3000000000000007	4516624621266.032
0.42500049999999995	3.500000000000001	3305341157451.6494
0.42500049999999995	3.700000000000001	2322926105699.8154
0.42500049999999995	3.899999500000001	1564490759908.0847
1.275	0.1000005	18172260609634.56
1.275	0.30000000000000004	18216712589218.51
1.275	0.5	18285334953331.816
1.275	0.7000000000000001	18340320251336.98
1.275	0.9	18330422250238.906
1.275	1.1	18197402179880.812
1.275	1.3	17883733472964.977
1.275	1.5	17340909449539.393
1.275	1.7	16537330154340.42
1.275	1.9	15464546271631.023
1.275	2.0999999999999996	14140763486995.932
1.275	2.3	12610632063769.629
1.275	2.5	10941086930882.307
1.275	2.7	9213553917481.736
1.275	2.9000000000000004	7513821095227.433
1.275	3.1000000000000005	5921262663440.218
1.275	3.3000000000000007	4499467006934.129
1.275	3.500000000000001	3289941389267.3354
1.275	3.700000000000001	2309891579396.869
1.275	3.899999500000001	1554069937165.7458
2.125	0.1000005	18211241576346.64
2.125	0.30000000000000004	18255349594322.523
2.125	0.5	18323154543790.77
2.125	0.7000000000000001	18376594037863.203
2.125	0.9	18364114301401.035
2.125	1.1	18227189255139.57
2.125	1.3	17908085954816.25
2.125	1.5	17358269394228.984
2.125	1.7	16546329808650.361
2.125	1.9	15464254915915.953
2.125	2.0999999999999996	14130897858755.088
2.125	2.3	12591710128718.691
2.125	2.5	10914423836346.242
2.125	2.7	9181168920430.27
2.125	2.9000000000000004	7478182626024.35
2.125	3.1000000000000005	5884960550663.92
2.125	3.3000000000000007	4464884702198.176
2.125	3.500000000000001	3258962183541.0815
2.125	3.700000000000001	2283716101022.8325
2.125	3.899999500000001	1533182969680.946
2.9749999999999996	0.1000005	18270366553470.09
2.9749999999999996	0.30000000000000004	18313948512515.984
2.9749999999999996	0.5	18380482827337.957
2.9749999999999996	0.7000000000000001	18431530776582.52
2.9749999999999996	0.9	18415077271895.37
2.9749999999999996	1.1	18272147060617.742
2.9749999999999996	1.3	17944711796164.848
2.9749999999999996	1.5	17384183866441.604
2.9749999999999996	1.7	16559465095471.436
2.9749999999999996	1.9	15463210891270.287
2.9749999999999996	2.0999999999999996	14115290094963.072
2.9749999999999996	2.3	12562351993818.23
2.9749999999999996	2.5	10873375053378.596
2.9749999999999996	2.7	9131537283689.516
2.9749999999999996	2.9000000000000004	7423751713199.249
2.9749999999999996	3.1000000000000005	5829687943550.838
2.9749999999999996	3.3000000000000007	4412384020985.413
2.9749999999999996	3.500000000000001	3212060792646.9644
2.9749999999999996	3.700000000000001	2244204219452.1797
2.9749999999999996	3.899999500000001	1501750543953.472
3.8249999999999997	0.1000005	18350452955649.973
3.8249999999999997	0.30000000000000004	18393294385586.73
3.8249999999999997	0.5	18458056286475.355
3.8249999999999997	0.7000000000000001	18505786017853.848
3.8249999999999997	0.9	18483833174044.75
3.8249999999999997	1.1	18332615511316.24
3.8249999999999997	1.3	17993704068975.31
3.8249999999999997	1.5	17418474815462.486
3.8249999999999997	1.7	16576246375338.04
3.8249999999999997	1.9	15460637249120.5
3.8249999999999997	2.0999999999999996	14092888077759.908
3.8249999999999997	2.3	12521323443886.352
3.8249999999999997	2.5	10816605201618.627
3.8249999999999997	2.7	9063335766720.201
3.8249999999999997	2.9000000000000004	7349314374606.004
3.8249999999999997	3.1000000000000005	5754425097098.229
3.8249999999999997	3.3000000000000007	4341179921508.0156
3.8249999999999997	3.500000000000001	3148712371637.1426
3.8249999999999997	3.700000000000001	2191058913719.8252
3.8249999999999997	3.899999500000001	1459658141000.8723
4.675	0.1000005	18452633832889.332
4.675	0.30000000000000004	18494483844073.42
4.675	0.5	18556898712812.87
4.675	0.7000000000000001	18600250015251.004
4.675	0.9	18571078024279.617
4.675	1.1	18409027594200.51
4.675	1.3	18055163938426.473
4.675	1.5	17460834699147.95
4.675	1.7	16595945258962.498
4.675	1.9	15455368566606.316
4.675	2.0999999999999996	14062166236248.633
4.675	2.3	12466827785346.79
4.675	2.5	10742196189275.459
4.675	2.7	8974674603981.523
4.675	2.9000000000000004	7253162942025.733
4.675	3.1000000000000005	5657743558980.816
4.675	3.3000000000000007	4250204099477.3916
4.675	3.500000000000001	3068205122313.272
4.675	3.700000000000001	2123891304878.2937
4.675	3.899999500000001	1406767366858.4888
5.5249999999999995	0.1000005	18578406429835.06
5.5249999999999995	0.30000000000000004	18618977713158.562
5.5249999999999995	0.5	18678357626532.7
5.5249999999999995	0.7000000000000001	18716100331455.734
5.5249999999999995	0.9	18677718262602.41
5.5249999999999995	1.1	18501917461414.863
5.5249999999999995	1.3	18129156150232.805
5.5249999999999995	1.5	17510781971246.695
5.5249999999999995	1.7	16617493442056.22
5.5249999999999995	1.9	15445770014437.621
5.5249999999999995	2.0999999999999996	14021000101673.525
5.5249999999999995	2.3	12396408727657.219
5.5249999999999995	2.5	10647546047949.229
5.5249999999999995	2.7	8863012526180.926
5.5249999999999995	2.9000000000000004	7133019175630.874
5.5249999999999995	3.1000000000000005	5537773796693.568
5.5249999999999995	3.3000000000000007	4138068568639.805
5.5249999999999995	3.500000000000001	2969636651280.0654
5.5249999999999995	3.700000000000001	2042227535229.8809
5.5249999999999995	3.899999500000001	1342932948329.5017
6.374999999999999	0.1000005	18729700978099.49
6.374999999999999	0.30000000000000004	18768629338918.57
6.374999999999999	0.5	18824148789068.03
6.374999999999999	0.7000000000000001	18854797791650.54
6.374999999999999	0.9	18804858612766.1
6.374999999999999	1.1	18611884010818.04
6.374999999999999	1.3	18215644284929.918
6.374999999999999	1.5	17567551823006.664
6.374999999999999	1.7	16639337027472.168
6.374999999999999	1.9	15429543119751.08
6.374999999999999	2.0999999999999996	13966472070276.734
6.374999999999999	2.3	12306723773308.643
6.374999999999999	2.5	10529150415844.79
6.374999999999999	2.7	8724986802773.642
6.374999999999999	2.9000000000000004	6985892632734.805
6.374999999999999	3.1000000000000005	5392108078980.003
6.374999999999999	3.3000000000000007	4003018315472.6743
6.374999999999999	3.500000000000001	2851907900034.565
6.374999999999999	3.700000000000001	1945523740773.1228
6.374999999999999	3.899999500000001	1268024989324.2756
7.224999999999999	0.1000005	18908961628403.492
7.224999999999999	0.30000000000000004	18945789800109.777
7.224999999999999	0.5	18996424995424.66
7.224999999999999	0.7000000000000001	19018159322447.457
7.224999999999999	0.9	18953798035667.05
7.224999999999999	1.1	18739554466518.875
7.224999999999999	1.3	18314405779124.36
7.224999999999999	1.5	17629930272281.73
7.224999999999999	1.7	16659234194847.16
7.224999999999999	1.9	15403470829859.465
7.224999999999999	2.0999999999999996	13894567907761.738
7.224999999999999	2.3	12193265001931.78
7.224999999999999	2.5	10382371881163.943
7.224999999999999	2.7	8556190678569.237
7.224999999999999	2.9000000000000004	6807955222970.077
7.224999999999999	3.1000000000000005	5217699310653.347
7.224999999999999	3.3000000000000007	3842910256827.373
7.224999999999999	3.500000000000001	2713723954287.5693
7.224999999999999	3.700000000000001	1833195186774.3022
7.224999999999999	3.899999500000001	1181967008967.605
8.075	0.1000005	19119255708969.613
8.075	0.30000000000000004	19153400980132.96
8.075	0.5	19197832726681.145
8.075	0.7000000000000001	19208366045102.355
8.075	0.9	19126033775952.145
8.075	1.1	18885483213697.434
8.075	1.3	18424833641743.062
8.075	1.5	17695999227281.02
8.075	1.7	16673903145779.506
8.075	1.9	15363016898143.418
8.075	2.0999999999999996	13799768041970.82
8.075	2.3	12049926083331.621
8.075	2.5	10201019134961.451
8.075	2.7	8350857738373.617
8.075	2.9000000000000004	6594290318644.885
8.075	3.1000000000000005	5010759867417.6875
8.075	3.3000000000000007	3655153350143.3545
8.075	3.500000000000001	2553610230392.253
8.075	3.700000000000001	1704663208410.4333
8.075	3.899999500000001	1084796236045.3041
8.924999999999999	0.1000005	19364411310165.293
8.924999999999999	0.30000000000000004	19395104825426.492
8.924999999999999	0.5	19431617361774.785
8.924999999999999	0.7000000000000001	19427995648372.176
8.924999999999999	0.9	19323176383268.574
8.924999999999999	1.1	19049981841104.555
8.924999999999999	1.3	18545653191532.598
8.924999999999999	1.5	17762703499603.445
8.924999999999999	1.7	16678479858470.398
8.924999999999999	1.9	15301686520121.172
8.924999999999999	2.0999999999999996	13674347499847.469
8.924999999999999	2.3	11868350773735.672
8.924999999999999	2.5	9976796632572.123
8.924999999999999	2.7	8101428920023.576
8.924999999999999	2.9000000000000004	6338605445635.1455
8.924999999999999	3.1000000000000005	4766579498546.062
8.924999999999999	3.3000000000000007	3436677434573.068
8.924999999999999	3.500000000000001	2369954964719.276
8.924999999999999	3.700000000000001	1559438166215.9116
8.924999999999999	3.899999500000001	976748183093.7212
9.774999999999999	0.1000005	19649207475039.113
9.774999999999999	0.30000000000000004	19675401163145.344
9.774999999999999	0.5	19701696016430.414
9.774999999999999	0.7000000000000001	19680006202086.312
9.774999999999999	0.9	19546783801370.53
9.774999999999999	1.1	19232787319275.242
9.774999999999999	1.3	18674383858307.72
9.774999999999999	1.5	17825110275128.59
9.774999999999999	1.7	16665587368078.549
9.774999999999999	1.9	15209982308802.873
9.774999999999999	2.0999999999999996	13507315696362.1
9.774999999999999	2.3	11636929357219.82
9.774999999999999	2.5	9698442666287.07
9.774999999999999	2.7	7797892917420.733
9.774999999999999	2.9000000000000004	6032823576061.972
9.774999999999999	3.1000000000000005	4479351322772.834
9.774999999999999	3.3000000000000007	3183925137767.651
9.774999999999999	3.500000000000001	2161110378835.6313
9.774999999999999	3.700000000000001	1397262291315.0435
9.774999999999999	3.899999500000001	858397468328.689
10.624999999999998	0.1000005	19979548203428.402
10.624999999999998	0.30000000000000004	19999785285804.31
10.624999999999998	0.5	20012681822803.312
10.624999999999998	0.7000000000000001	19967578339467.61
10.624999999999998	0.9	19798001220082.53
10.624999999999998	1.1	19432370030705.383
10.624999999999998	1.3	18806323484555.76
10.624999999999998	1.5	17875073733655.95
10.624999999999998	1.7	16623765683144.535
10.624999999999998	1.9	15073680440043.088
10.624999999999998	2.0999999999999996	13282684486650.244
10.624999999999998	2.3	11339196189275.457
10.624999999999998	2.5	9350410171421.586
10.624999999999998	2.7	7426859507493.329
10.624999999999998	2.9000000000000004	5666548976147.378
10.624999999999998	3.1000000000000005	4141997824186.097
10.624999999999998	3.3000000000000007	2892917026252.1055
10.624999999999998	3.500000000000001	1925597842487.3389
10.624999999999998	3.700000000000001	1218354909815.5623
10.624999999999998	3.899999500000001	730865811253.227
11.474999999999998	0.1000005	20362600036602.445
11.474999999999998	0.30000000000000004	20374772230920.93
11.474999999999998	0.5	20369718018585.895
11.474999999999998	0.7000000000000001	20293649897309.688
11.474999999999998	0.9	20076642495475.496
11.474999999999998	1.1	19644545783597.996
11.474999999999998	1.3	18932597860788.55
11.474999999999998	1.5	17898786851576.93
11.474999999999998	1.7	16534586554690.176
11.474999999999998	1.9	14870759277711.104
11.474999999999998	2.0999999999999996	12976453443683.004
11.474999999999998	2.3	10951187262338.068
11.474999999999998	2.5	8910811049881.03
11.474999999999998	2.7	6970183703763.944
11.474999999999998	2.9000000000000004	5226375236390.988
11.474999999999998	3.1000000000000005	3746023151066.55
11.474999999999998	3.3000000000000007	2559502090408.114
11.474999999999998	3.500000000000001	1662525888118.4268
11.474999999999998	3.700000000000001	1023832075970.4725
11.474999999999998	3.899999500000001	596152235801.2883
12.324999999999998	0.1000005	20806650426012.13
12.324999999999998	0.30000000000000004	20807573052443.184
12.324999999999998	0.5	20777753604327.195
12.324999999999998	0.7000000000000001	20659592675437.67
12.324999999999998	0.9	20379089960753.98
12.324999999999998	1.1	19859408483640.695
12.324999999999998	1.3	19036134351424.418
12.324999999999998	1.5	17871840494540.105
12.324999999999998	1.7	16367146043882.277
12.324999999999998	1.9	14565693657604.143
12.324999999999998	2.0999999999999996	12551268336824.105
12.324999999999998	2.3	10436928238810.81
12.324999999999998	2.5	8348081765866.145
12.324999999999998	2.7	6402970779022.704
12.324999999999998	2.9000000000000004	4695112369603.67
12.324999999999998	3.1000000000000005	3281674980173.6533
12.324999999999998	3.3000000000000007	2180026648636.5544
12.324999999999998	3.500000000000001	1372421788641.0293
12.324999999999998	3.700000000000001	816436580108.5862
12.324999999999998	3.899999500000001	457633635642.6778
13.174999999999997	0.1000005	21319760213107.723
13.174999999999997	0.30000000000000004	21304350733066.24
13.174999999999997	0.5	21239006120747.473
13.174999999999997	0.7000000000000001	21061436952233.74
13.174999999999997	0.9	20692908392134.504
13.174999999999997	1.1	20054115033450.566
13.174999999999997	1.3	19082577261728.016
13.174999999999997	1.5	17748629399922.703
13.174999999999997	1.7	16066596437358.904
13.174999999999997	1.9	14098136527238.322
13.174999999999997	2.0999999999999996	11946231775016.758
13.174999999999997	2.3	9740308863899.775
13.174999999999997	2.5	7615496146572.573
13.174999999999997	2.7	5690755780141.114
13.174999999999997	2.9000000000000004	4051236472334.622
13.174999999999997	3.1000000000000005	2738902753319.637
13.174999999999997	3.3000000000000007	1752989409683.386
13.174999999999997	3.500000000000001	1058886215100.5536
13.174999999999997	3.700000000000001	601794015495.0476
13.174999999999997	3.899999500000001	320803522785.0413
14.024999999999997	0.1000005	21904082192895.02
14.024999999999997	0.30000000000000004	21863583748500.28
14.024999999999997	0.5	21744407121215.168
14.024999999999997	0.7000000000000001	21478484332106.44
14.024999999999997	0.9	20981892795412.457
14.024999999999997	1.1	20173971490737.51
14.024999999999997	1.3	18997671350428.016
14.024999999999997	1.5	17437097301584.049
14.024999999999997	1.7	15528049677694.834
14.024999999999997	1.9	13358238688817.924
14.024999999999997	2.0999999999999996	11056055086727.52
14.024999999999997	2.3	8769811070215.738
14.024999999999997	2.5	6642161681273.756
14.024999999999997	2.7	4786318848242.058
14.024999999999997	2.9000000000000004	3269989592695.7676
14.024999999999997	3.1000000000000005	2110821168432.394
14.024999999999997	3.3000000000000007	1283046399739.7139
14.024999999999997	3.500000000000001	731911049881.0409
14.024999999999997	3.700000000000001	390524662138.80414
14.024999999999997	3.899999500000001	194253653537.22238
14.874999999999996	0.1000005	22531468166012.535
14.874999999999996	0.30000000000000004	22449063057933.555
14.874999999999996	0.5	22241415458445.99
14.874999999999996	0.7000000000000001	21833667181812.6
14.874999999999996	0.9	21137306789759.41
14.874999999999996	1.1	20074307603147.78
14.874999999999996	1.3	18601419484718.438
14.874999999999996	1.5	16728932956463.363
14.874999999999996	1.7	14528501291254.02
14.874999999999996	1.9	12126698314252.58
14.874999999999996	2.0999999999999996	9684716574821.549
14.874999999999996	2.3	7368895906623.004
14.874999999999996	2.5	5320001586107.318
14.874999999999996	2.7	3629891191003.919
14.874999999999996	2.9000000000000004	2331679321634.0938
14.874999999999996	3.1000000000000005	1404720592960.1216
14.874999999999996	3.3000000000000007	790742243325.1305
14.874999999999996	3.500000000000001	414383498383.39
14.874999999999996	3.700000000000001	201423351160.09488
14.874999999999996	3.899999500000001	90487922606.0962
15.724999999999996	0.1000005	23015636618744.5
15.724999999999996	0.30000000000000004	22852987290806.645
15.724999999999996	0.5	22479623035158.68
15.724999999999996	0.7000000000000001	21815000183012.35
15.724999999999996	0.9	20772363523598.4
15.724999999999996	1.1	19290965390324.715
15.724999999999996	1.3	17365015088354.285
15.724999999999996	1.5	15060468267686.092
15.724999999999996	1.7	12513104784757.084
15.724999999999996	1.9	9906511112918.627
15.724999999999996	2.0999999999999996	7435389755373.436
15.724999999999996	2.3	5265319783638.685
15.724999999999996	2.5	3501767515301.864
15.724999999999996	2.7	2177564288183.497
15.724999999999996	2.9000000000000004	1260721268072.471
15.724999999999996	3.1000000000000005	676752557089.6954
15.724999999999996	3.3000000000000007	335466889399.51556
15.724999999999996	3.500000000000001	152956085161.7624
15.724999999999996	3.700000000000001	63900701954.16547
15.724999999999996	3.899999500000001	24367899424.52769
16.574999499999993	0.1000005	21818654269272.188
16.574999499999993	0.30000000000000004	21458607397767.22
16.574999499999993	0.5	20695704597677.746
16.574999499999993	0.7000000000000001	19470800658844.555
16.574999499999993	0.9	17749770543140.06
16.574999499999993	1.1	15564226345649.365
16.574999499999993	1.3	13032596071334.14
16.574999499999993	1.5	10349796693576.25
16.574999499999993	1.7	7746658824247.096
16.574999499999993	1.9	5434067348557.244
16.574999499999993	2.0999999999999996	3554207902068.0347
16.574999499999993	2.3	2157414207861.3955
16.574999499999993	2.5	1210013638489.536
16.574999499999993	2.7	624414144823.7988
16.574999499999993	2.9000000000000004	295222774264.3915
16.574999499999993	3.1000000000000005	127335841755.29192
16.574999499999993	3.3000000000000007	49880705411.06608
16.574999499999993	3.500000000000001	17663055798.442333
16.574999499999993	3.700000000000001	5626418773.003632
16.574999499999993	3.899999500000001	1604113518.5147505