0.42500049999999995	0.1000005	1218364160873.881
0.42500049999999995	0.30000000000000004	1144997979145.9766
0.42500049999999995	0.5	1005853602284.0104
0.42500049999999995	0.7000000000000001	817981397715.9868
0.42500049999999995	0.9	608022070506.4539
0.42500049999999995	1.1	407229835402.1841
0.42500049999999995	1.3	242080387537.23895
0.42500049999999995	1.5	125782722442.89952
0.42500049999999995	1.7	56250946623.634476
0.42500049999999995	1.9	21319184210.526283
0.42500049999999995	2.0999999999999996	6742118023.833158
0.42500049999999995	2.3	1751509764.150941
0.42500049999999995	2.5	367930941.90665287
0.42500049999999995	2.7	61508933.714001894
0.42500049999999995	2.9000000000000004	8052637.760675261
0.42500049999999995	3.1000000000000005	812277.1921549144
0.42500049999999995	3.3000000000000007	62101.38853028789
0.42500049999999995	3.500000000000001	3539.3261593843044
0.42500049999999995	3.700000000000001	147.8709813803374
0.42500049999999995	3.899999500000001	4.452860163853022
1.275	0.1000005	1213121884309.8293
1.275	0.30000000000000004	1139845618172.7888
1.275	0.5	1000922571996.0264
1.275	0.7000000000000001	813461904170.8031
1.275	0.9	604138902681.2305
1.275	1.1	404170284508.4403
1.275	1.3	239919004468.7186
1.275	1.5	124441794438.92732
1.275	1.7	55534388530.2879
1.275	1.9	20995325049.6524
1.275	2.0999999999999996	6620425670.307836
1.275	2.3	1714125628.1032746
1.275	2.5	358694288.72889715
1.275	2.7	59702964.25024817
1.275	2.9000000000000004	7777708.490566026
1.275	3.1000000000000005	780211.4150943385
1.275	3.3000000000000007	59282.53475670299
1.275	3.500000000000001	3355.5940243296873
1.275	3.700000000000001	139.13750968222422
1.275	3.899999500000001	4.155132351042695
2.125	0.1000005	1202569647467.724
2.125	0.30000000000000004	1129478646971.2
2.125	0.5	991008637040.7135
2.125	0.7000000000000001	804386852035.7485
2.125	0.9	596351817279.0458
2.125	1.1	398047131578.9468
2.125	1.3	235603550148.95694
2.125	1.5	121772042452.83
2.125	1.7	54112487090.36735
2.125	1.9	20355126042.70106
2.125	2.0999999999999996	6380948833.167816
2.125	2.3	1640935819.2651415
2.125	2.5	340716901.43992007
2.125	2.7	56211373.882820174
2.125	2.9000000000000004	7250111.469712005
2.125	3.1000000000000005	719190.3475670298
2.125	3.3000000000000007	53967.93048659377
2.125	3.500000000000001	3012.7453823237292
2.125	3.700000000000001	123.0248334160872
2.125	3.899999500000001	3.6126538058589817
2.9749999999999996	0.1000005	1186579987586.89
2.9749999999999996	0.30000000000000004	1113779483614.6956
2.9749999999999996	0.5	976014471201.5874
2.9749999999999996	0.7000000000000001	790686087388.2809
2.9749999999999996	0.9	584625243296.9207
2.9749999999999996	1.1	388855732621.6479
2.9749999999999996	1.3	229150970208.5399
2.9749999999999996	1.5	117798959036.74263
2.9749999999999996	1.7	52008215243.296844
2.9749999999999996	1.9	19413872840.119137
2.9749999999999996	2.0999999999999996	6031508192.651431
2.9749999999999996	2.3	1535064657.3982103
2.9749999999999996	2.5	314968583.91261125
2.9749999999999996	2.7	51266312.81032763
2.9749999999999996	2.9000000000000004	6512279.940417071
2.9749999999999996	3.1000000000000005	635050.5983118163
2.9749999999999996	3.3000000000000007	46754.30893743787
2.9749999999999996	3.500000000000001	2555.4223361469676
2.9749999999999996	3.700000000000001	101.94101067527293
2.9749999999999996	3.899999500000001	2.917611228897712
3.8249999999999997	0.1000005	1164955782025.8176
3.8249999999999997	0.30000000000000004	1092566320754.7153
3.8249999999999997	0.5	955789391757.6947
3.8249999999999997	0.7000000000000001	772255367428.0028
3.8249999999999997	0.9	568906318272.0945
3.8249999999999997	1.1	376591344836.1464
3.8249999999999997	1.3	220589276812.31348
3.8249999999999997	1.5	112562610973.18752
3.8249999999999997	1.7	49256931554.12108
3.8249999999999997	1.9	18194661891.757668
3.8249999999999997	2.0999999999999996	5583748311.81727
3.8249999999999997	2.3	1401082028.3018847
3.8249999999999997	2.5	282842583.1678248
3.8249999999999997	2.7	45194688.43098305
3.8249999999999997	2.9000000000000004	5622584.930486585
3.8249999999999997	3.1000000000000005	535623.2224428989
3.8249999999999997	3.3000000000000007	38419.583242303815
3.8249999999999997	3.500000000000001	2040.021228897713
3.8249999999999997	3.700000000000001	78.82287239324715
3.8249999999999997	3.899999500000001	2.1781182373386265
4.675	0.1000005	1137427778053.623
4.675	0.30000000000000004	1065592631578.9458
4.675	0.5	930132323733.8616
4.675	0.7000000000000001	748956360476.6622
4.675	0.9	549130322740.8135
4.675	1.1	361253770605.75916
4.675	1.3	209961253972.19434
4.675	1.5	106120208291.95615
4.675	1.7	45907560973.187614
4.675	1.9	16728647467.725893
4.675	2.0999999999999996	5053014126.117172
4.675	2.3	1244865546.176761
4.675	2.5	246081977.15988046
4.675	2.7	38393275.52135049
4.675	2.9000000000000004	4649495.186196617
4.675	3.1000000000000005	429747.0213505456
4.675	3.3000000000000007	29804.429592850007
4.675	3.500000000000001	1524.5400868917554
4.675	3.700000000000001	56.52528798411114
4.675	3.899999500000001	1.4927168843098289
5.5249999999999995	0.1000005	1103649652432.9675
5.5249999999999995	0.30000000000000004	1032544205561.0709
5.5249999999999995	0.5	898789329692.1536
5.5249999999999995	0.7000000000000001	720620104270.1082
5.5249999999999995	0.9	525222162363.455
5.5249999999999995	1.1	342853038977.15936
5.5249999999999995	1.3	197329990814.29962
5.5249999999999995	1.5	98549661370.407
5.5249999999999995	1.7	42024052259.18564
5.5249999999999995	1.9	15055308440.913582
5.5249999999999995	2.0999999999999996	4458140481.628593
5.5249999999999995	2.3	1073388115.6901672
5.5249999999999995	2.5	206679878.35153893
5.5249999999999995	2.7	31297033.341608692
5.5249999999999995	2.9000000000000004	3664550.4170804317
5.5249999999999995	3.1000000000000005	326153.19414101244
5.5249999999999995	3.3000000000000007	21686.988381330655
5.5249999999999995	3.500000000000001	1058.6933391261155
5.5249999999999995	3.700000000000001	37.28014520854016
5.5249999999999995	3.899999500000001	0.9302370605759668
6.374999999999999	0.1000005	1063195047169.8097
6.374999999999999	0.30000000000000004	993034208043.6926
6.374999999999999	0.5	861454103773.5836
6.374999999999999	0.7000000000000001	687051452333.6633
6.374999999999999	0.9	497109213008.9367
6.374999999999999	1.1	321418891261.1713
6.374999999999999	1.3	182786391012.90936
6.374999999999999	1.5	89954027308.838
6.374999999999999	1.7	37687240516.38525
6.374999999999999	1.9	13222566857.000973
6.374999999999999	2.0999999999999996	3821092472.6911564
6.374999999999999	2.3	894439786.4945369
6.374999999999999	2.5	166754539.9702083
6.374999999999999	2.7	24342348.932472654
6.374999999999999	2.9000000000000004	2734776.273584902
6.374999999999999	3.1000000000000005	232376.42030784476
6.374999999999999	3.3000000000000007	14673.409260178727
6.374999999999999	3.500000000000001	676.4236271102274
6.374999999999999	3.700000000000001	22.359438430983086
6.374999999999999	3.899999500000001	0.5204670109235344
7.224999999999999	0.1000005	1015549170804.3679
7.224999999999999	0.30000000000000004	946603674280.0383
7.224999999999999	0.5	817771924031.7764
7.224999999999999	0.7000000000000001	648037966732.8689
7.224999999999999	0.9	464728434955.31213
7.224999999999999	1.1	297013576713.0085
7.224999999999999	1.3	166459646474.677
7.224999999999999	1.5	80467734856.00783
7.224999999999999	1.7	32996838182.720905
7.224999999999999	1.9	11286778053.62461
7.224999999999999	2.0999999999999996	3166432370.9036694
7.224999999999999	2.3	716248823.2373376
7.224999999999999	2.5	128400698.85799386
7.224999999999999	2.7	17927454.493545156
7.224999999999999	2.9000000000000004	1915463.927507445
7.224999999999999	3.1000000000000005	153853.82646474655
7.224999999999999	3.3000000000000007	9124.64404170803
7.224999999999999	3.500000000000001	392.3859570506449
7.224999999999999	3.700000000000001	12.012747641509415
7.224999999999999	3.899999500000001	0.2570248527805359
8.075	0.1000005	960109292452.8287
8.075	0.30000000000000004	892720027308.8368
8.075	0.5	767347063058.5887
8.075	0.7000000000000001	603362763157.8938
8.075	0.9	428050926762.6607
8.075	1.1	269751120158.8874
8.075	1.3	148531317527.30862
8.075	1.5	70263698609.73177
8.075	1.7	28073519885.799362
8.075	1.9	9312256380.337624
8.075	2.0999999999999996	2520487164.8460736
8.075	2.3	547008907.6464739
8.075	2.5	93522342.35352518
8.075	2.7	12373630.287984094
8.075	2.9000000000000004	1244241.0774577935
8.075	3.1000000000000005	93372.54890764633
8.075	3.3000000000000007	5133.824528301879
8.075	3.500000000000001	202.99813133068488
8.075	3.700000000000001	5.665250372393239
8.075	3.899999500000001	0.10949678574975157
8.924999999999999	0.1000005	896187212015.8875
8.924999999999999	0.30000000000000004	830789923038.7277
8.924999999999999	0.5	709761067527.3077
8.924999999999999	0.7000000000000001	552835141509.4331
8.924999999999999	0.9	387109492800.39667
8.924999999999999	1.1	239825235352.53192
8.924999999999999	1.3	129254205312.81013
8.924999999999999	1.5	59562112959.28492
8.924999999999999	1.7	23060562661.370373
8.924999999999999	1.9	7370198187.686186
8.924999999999999	2.0999999999999996	1910138157.894734
8.924999999999999	2.3	394292068.76861906
8.924999999999999	2.5	63657274.0814299
8.924999999999999	2.7	7891842.0059582805
8.924999999999999	2.9000000000000004	737472.8550148946
8.924999999999999	3.1000000000000005	50980.41087388274
8.924999999999999	3.3000000000000007	2558.111899205557
8.924999999999999	3.500000000000001	91.40833788480622
8.924999999999999	3.700000000000001	2.2814999230387256
8.924999999999999	3.899999500000001	0.03900999766633559
9.774999999999999	0.1000005	823029515888.7773
9.774999999999999	0.30000000000000004	760181976166.831
9.774999999999999	0.5	644610305362.4618
9.774999999999999	0.7000000000000001	496335049652.43225
9.774999999999999	0.9	342048689672.29346
9.774999999999999	1.1	207549441161.8666
9.774999999999999	1.3	108977251489.57283
9.774999999999999	1.5	48640169885.79933
9.774999999999999	1.7	18124354816.285973
9.774999999999999	1.9	5536384533.267122
9.774999999999999	2.0999999999999996	1361124428.9970188
9.774999999999999	2.3	264367547.66633525
9.774999999999999	2.5	39810710.82423033
9.774999999999999	2.7	4560659.570506448
9.774999999999999	2.9000000000000004	389903.2986593837
9.774999999999999	3.1000000000000005	24398.733912611682
9.774999999999999	3.3000000000000007	1095.862072989075
9.774999999999999	3.500000000000001	34.63718016385298
9.774999999999999	3.700000000000001	0.7552257497517366
9.774999999999999	3.899999500000001	0.011133852383316765
10.624999999999998	0.1000005	739863522840.118
10.624999999999998	0.30000000000000004	680287033267.129
10.624999999999998	0.5	571577601787.4867
10.624999999999998	0.7000000000000001	433893118172.7898
10.624999999999998	0.9	293201550893.74335
10.624999999999998	1.1	173415358490.56577
10.624999999999998	1.3	88177354518.37126
10.624999999999998	1.5	37841549503.47562
10.624999999999998	1.7	13452404940.41706
10.624999999999998	1.9	3887221931.4796367
10.624999999999998	2.0999999999999996	895759865.9384296
10.624999999999998	2.3	161462711.02283987
10.624999999999998	2.5	22325734.905660342
10.624999999999998	2.7	2321797.9170804336
10.624999999999998	2.9000000000000004	178020.96350546152
10.624999999999998	3.1000000000000005	9862.85598311816
10.624999999999998	3.3000000000000007	386.8961655908634
10.624999999999998	3.500000000000001	10.528038679245268
10.624999999999998	3.700000000000001	0.19466858813306823
10.624999999999998	3.899999500000001	0.0023956003376365406
11.474999999999998	0.1000005	646013383813.3059
11.474999999999998	0.30000000000000004	590642177259.1848
11.474999999999998	0.5	490569780536.24554
11.474999999999998	0.7000000000000001	365835068768.61914
11.474999999999998	0.9	241212652681.23102
11.474999999999998	1.1	138176153922.542
11.474999999999998	1.3	67497608490.56594
11.474999999999998	1.5	27582165764.647427
11.474999999999998	1.7	9246548833.167812
11.474999999999998	1.9	2493260526.315786
11.474999999999998	2.0999999999999996	530056854.5183706
11.474999999999998	2.3	87072282.02581914
11.474999999999998	2.5	10828811.271102268
11.474999999999998	2.7	998786.8296921534
11.474999999999998	2.9000000000000004	66913.6017874875
11.474999999999998	3.1000000000000005	3188.4562562065494
11.474999999999998	3.3000000000000007	105.79542527308821
11.474999999999998	3.500000000000001	2.3927586097318736
11.474999999999998	3.700000000000001	0.03610241400198604
11.474999999999998	3.899999500000001	0.0003556155690168813
12.324999999999998	0.1000005	541145126613.70325
12.324999999999998	0.30000000000000004	491186097567.03
12.324999999999998	0.5	401984495779.5426
12.324999999999998	0.7000000000000001	293027499999.9996
12.324999999999998	0.9	187232124131.08215
12.324999999999998	1.1	102960910377.35834
12.324999999999998	1.3	47786668371.40013
12.324999999999998	1.5	18345710203.574947
12.324999999999998	1.7	5707545283.01886
12.324999999999998	1.9	1409383411.1221428
12.324999999999998	2.0999999999999996	270487933.96226376
12.324999999999998	2.3	39498491.28599796
12.324999999999998	2.5	4295428.833167818
12.324999999999998	2.7	340419.2907149945
12.324999999999998	2.9000000000000004	19235.58306852033
12.324999999999998	3.1000000000000005	758.056114697119
12.324999999999998	3.3000000000000007	20.37730357497514
12.324999999999998	3.500000000000001	0.36535367452830136
12.324999999999998	3.700000000000001	0.004271720759682219
12.324999999999998	3.899999500000001	3.183787562065536e-05
13.174999999999997	0.1000005	425801307845.0838
13.174999999999997	0.30000000000000004	382797595580.9329
13.174999999999997	0.5	307220478401.1912
13.174999999999997	0.7000000000000001	217314620158.88745
13.174999999999997	0.9	133217259682.22423
13.174999999999997	1.1	69419282522.34349
13.174999999999997	1.3	30122236742.800354
13.174999999999997	1.5	10654098361.469696
13.174999999999997	1.7	3005539289.970204
13.174999999999997	1.9	661500603.2770596
13.174999999999997	2.0999999999999996	111085426.26613687
13.174999999999997	2.3	13916240.938430963
13.174999999999997	2.5	1271311.1047666317
13.174999999999997	2.7	82772.68644488568
13.174999999999997	2.9000000000000004	3753.0397095332614
13.174999999999997	3.1000000000000005	115.77407969215474
13.174999999999997	3.3000000000000007	2.373304729394237
13.174999999999997	3.500000000000001	0.031571414225422
13.174999999999997	3.700000000000001	0.0002660784141012906
13.174999999999997	3.899999500000001	1.3866194513406137e-06
14.024999999999997	0.1000005	302560182969.215
14.024999999999997	0.30000000000000004	268406783267.1297
14.024999999999997	0.5	209666409880.83386
14.024999999999997	0.7000000000000001	142269536494.53802
14.024999999999997	0.9	82366238331.67813
14.024999999999997	1.1	39856518371.40014
14.024999999999997	1.3	15768378599.801367
14.024999999999997	1.5	4985350173.783508
14.024999999999997	1.7	1230581812.3138015
14.024999999999997	1.9	231624291.21151903
14.024999999999997	2.0999999999999996	32461173.46077453
14.024999999999997	2.3	3306790.114200591
14.024999999999997	2.5	238988.72393247235
14.024999999999997	2.7	11957.657050645465
14.024999999999997	2.9000000000000004	404.0823944885794
14.024999999999997	3.1000000000000005	8.99438006454815
14.024999999999997	3.3000000000000007	0.12856126241310806
14.024999999999997	3.500000000000001	0.0011498973907646457
14.024999999999997	3.700000000000001	6.2688310079443794e-06
14.024999999999997	3.899999500000001	2.027934992552132e-08
14.874999999999996	0.1000005	178561642750.7445
14.874999999999996	0.30000000000000004	155306951340.61545
14.874999999999996	0.5	116553578699.10608
14.874999999999996	0.7000000000000001	74376595829.19553
14.874999999999996	0.9	39584355734.85595
14.874999999999996	1.1	17184593619.66234
14.874999999999996	1.3	5942155809.334648
14.874999999999996	1.5	1596737859.9801366
14.874999999999996	1.7	325165011.9165834
14.874999999999996	1.9	48923922.740814224
14.874999999999996	2.0999999999999996	5300815.5660377275
14.874999999999996	2.3	402994.46524329635
14.874999999999996	2.5	20939.088282025787
14.874999999999996	2.7	723.8807795431966
14.874999999999996	2.9000000000000004	16.19951891757694
14.874999999999996	3.1000000000000005	0.22815142502482588
14.874999999999996	3.3000000000000007	0.0019645385724925495
14.874999999999996	3.500000000000001	1.003994523336642e-05
14.874999999999996	3.700000000000001	2.9544835377358443e-08
14.874999999999996	3.899999500000001	4.8544602457795363e-11
15.724999999999996	0.1000005	70592977408.1429
15.724999999999996	0.30000000000000004	59442357249.25513
15.724999999999996	0.5	41783933167.825165
15.724999999999996	0.7000000000000001	24133927557.10026
15.724999999999996	0.9	11217078649.453806
15.724999999999996	1.1	4095982713.5054555
15.724999999999996	1.3	1145310213.50546
15.724999999999996	1.5	238795306.60377324
15.724999999999996	1.7	36126696.15193639
15.724999999999996	1.9	3856494.513406151
15.724999999999996	2.0999999999999996	282232.2440417076
15.724999999999996	2.3	13743.464672293921
15.724999999999996	2.5	431.68875347566967
15.724999999999996	2.7	8.46872956802382
15.724999999999996	2.9000000000000004	0.1003577552135053
15.724999999999996	3.1000000000000005	0.0006941918371400189
15.724999999999996	3.3000000000000007	2.7064059285004927e-06
15.724999999999996	3.500000000000001	5.738921871896714e-09
15.724999999999996	3.700000000000001	6.384614622641499e-12
15.724999999999996	3.899999500000001	3.593298239821246e-15
16.574999499999993	0.1000005	9225364324.726898
16.574999499999993	0.30000000000000004	7326050620.655401
16.574999499999993	0.5	4577918423.535247
16.574999499999993	0.7000000000000001	2213273257.1995993
16.574999499999993	0.9	809295650.4468707
16.574999499999993	1.1	217898182.22442868
16.574999499999993	1.3	41933459.83118167
16.574999499999993	1.5	5585818.346573974
16.574999499999993	1.7	497717.3783515385
16.574999499999993	1.9	28612.865218470663
16.574999499999993	2.0999999999999996	1021.7647095332657
16.574999499999993	2.3	21.784843222442866
16.574999499999993	2.5	0.26614249131082385
16.574999499999993	2.7	0.0017855867850049625
16.574999499999993	2.9000000000000004	6.2976534011916485e-06
16.574999499999993	3.1000000000000005	1.1165011593843081e-08
16.574999499999993	3.3000000000000007	9.504720208540204e-12
16.574999499999993	3.500000000000001	3.707909987586886e-15
16.574999499999993	3.700000000000001	6.320567055610716e-19
16.574999499999993	3.899999500000001	4.485342912115187e-23