0.42500049999999995	0.1000005	271199501678298.3
0.42500049999999995	0.30000000000000004	271917031479999.16
0.42500049999999995	0.5	273331854932384.34
0.42500049999999995	0.7000000000000001	275402573864764.7
0.42500049999999995	0.9	278068071275969.66
0.42500049999999995	1.1	281248731149148.7
0.42500049999999995	1.3	284847140946037.56
0.42500049999999995	1.5	288749496595491.2
0.42500049999999995	1.7	292828178305793.2
0.42500049999999995	1.9	296943155553188.9
0.42500049999999995	2.0999999999999996	300945733717972.0
0.42500049999999995	2.3	304680193237773.1
0.42500049999999995	2.5	307988238737913.06
0.42500049999999995	2.7	310712043173223.25
0.42500049999999995	2.9000000000000004	312697526134622.44
0.42500049999999995	3.1000000000000005	313799271308980.6
0.42500049999999995	3.3000000000000007	313883570620940.0
0.42500049999999995	3.500000000000001	312833107528023.75
0.42500049999999995	3.700000000000001	310549532832945.94
0.42500049999999995	3.899999500000001	306958277781576.6
1.275	0.1000005	271627003264041.66
1.275	0.30000000000000004	272346637562806.22
1.275	0.5	273765205982372.5
1.275	0.7000000000000001	275841308261651.88
1.275	0.9	278513827471376.2
1.275	1.1	281702445194920.8
1.275	1.3	285309280679664.9
1.275	1.5	289220295823870.1
1.275	1.7	293306934328041.56
1.275	1.9	297428931668686.2
1.275	2.0999999999999996	301436656743112.8
1.275	2.3	305174156007671.6
1.275	2.5	308482431780473.25
1.275	2.7	311202720544108.3
1.275	2.9000000000000004	313180707906286.6
1.275	3.1000000000000005	314270509395996.3
1.275	3.3000000000000007	314338417095183.2
1.275	3.500000000000001	313266412105950.06
1.275	3.700000000000001	310956379511195.8
1.275	3.899999500000001	307333752523697.8
2.125	0.1000005	272490372018478.8
2.125	0.30000000000000004	273213982796558.84
2.125	0.5	274640278643963.62
2.125	0.7000000000000001	276727386653800.9
2.125	0.9	279413955732322.44
2.125	1.1	282618496640504.1
2.125	1.3	286242426132284.8
2.125	1.5	290170769448006.75
2.125	1.7	294273565301295.06
2.125	1.9	298409846675216.9
2.125	2.0999999999999996	302428343315721.44
2.125	2.3	306171696692279.1
2.125	2.5	309479738300600.75
2.125	2.7	312193002129837.2
2.125	2.9000000000000004	314155768800818.44
2.125	3.1000000000000005	315221451349092.8
2.125	3.3000000000000007	315255405198686.3
2.125	3.500000000000001	314139611451701.56
2.125	3.700000000000001	311775955191037.7
2.125	3.899999500000001	308089639244425.5
2.9749999999999996	0.1000005	273806382975879.7
2.9749999999999996	0.30000000000000004	274536075450383.72
2.9749999999999996	0.5	275974079521786.25
2.9749999999999996	0.7000000000000001	278078281538660.2
2.9749999999999996	0.9	280785925420377.75
2.9749999999999996	1.1	284014819434474.7
2.9749999999999996	1.3	287664975348010.25
2.9749999999999996	1.5	291619545085487.2
2.9749999999999996	1.7	295747396538130.7
2.9749999999999996	1.9	299904986879728.4
2.9749999999999996	2.0999999999999996	303939406704869.9
2.9749999999999996	2.3	307691658331665.8
2.9749999999999996	2.5	310999231611027.56
2.9749999999999996	2.7	313701255545226.2
2.9749999999999996	2.9000000000000004	315640137439252.06
2.9749999999999996	3.1000000000000005	316668353670733.6
2.9749999999999996	3.3000000000000007	316650323005777.06
2.9749999999999996	3.500000000000001	315467089888565.44
2.9749999999999996	3.700000000000001	313020539401997.5
2.9749999999999996	3.899999500000001	309236582601961.0
3.8249999999999997	0.1000005	275601496854782.7
3.8249999999999997	0.30000000000000004	276339610274995.72
3.8249999999999997	0.5	277793771695515.1
3.8249999999999997	0.7000000000000001	279921155995904.56
3.8249999999999997	0.9	282657836273136.5
3.8249999999999997	1.1	285919981643387.0
3.8249999999999997	1.3	289605964722355.75
3.8249999999999997	1.5	293596361625265.75
3.8249999999999997	1.7	297757698598542.7
3.8249999999999997	1.9	301944325335654.9
3.8249999999999997	2.0999999999999996	306000288292952.2
3.8249999999999997	2.3	309763779814785.94
3.8249999999999997	2.5	313070416436227.9
3.8249999999999997	2.7	315755814692349.7
3.8249999999999997	2.9000000000000004	317661679394701.94
3.8249999999999997	3.1000000000000005	318637442782673.6
3.8249999999999997	3.3000000000000007	318546821128931.1
3.8249999999999997	3.500000000000001	317270390548697.44
3.8249999999999997	3.700000000000001	314709567795911.6
3.8249999999999997	3.899999500000001	310790505860557.44
4.675	0.1000005	277913882656265.47
4.675	0.30000000000000004	278662521916147.44
4.675	0.5	280137523975382.84
4.675	0.7000000000000001	282294881329206.56
4.675	0.9	285069027923231.25
4.675	1.1	288374259557793.44
4.675	1.3	292106138874833.3
4.675	1.5	296142666180294.4
4.675	1.7	300347089417883.06
4.675	1.9	304570479978348.1
4.675	2.0999999999999996	308653606015320.2
4.675	2.3	312430913241471.3
4.675	2.5	315734739889153.75
4.675	2.7	318398126684159.8
4.675	2.9000000000000004	320259031806360.75
4.675	3.1000000000000005	321165482508265.8
4.675	3.3000000000000007	320979321746701.75
4.675	3.500000000000001	319580188978971.7
4.675	3.700000000000001	316869266794534.9
4.675	3.899999500000001	312773888922690.06
5.5249999999999995	0.1000005	280794588492198.78
5.5249999999999995	0.30000000000000004	281556560723909.06
5.5249999999999995	0.5	283057789204899.3
5.5249999999999995	0.7000000000000001	285252612875515.8
5.5249999999999995	0.9	288073592365531.44
5.5249999999999995	1.1	291432681830483.25
5.5249999999999995	1.3	295221697280632.1
5.5249999999999995	1.5	299315594883682.1
5.5249999999999995	1.7	303573407622700.5
5.5249999999999995	1.9	307841991927796.8
5.5249999999999995	2.0999999999999996	311957666827482.6
5.5249999999999995	2.3	315751131402750.6
5.5249999999999995	2.5	319049572267394.1
5.5249999999999995	2.7	321682751844486.0
5.5249999999999995	2.9000000000000004	323485350011178.1
5.5249999999999995	3.1000000000000005	324302349881740.5
5.5249999999999995	3.3000000000000007	323993486932680.1
5.5249999999999995	3.500000000000001	322437463963380.4
5.5249999999999995	3.700000000000001	319535697727780.3
5.5249999999999995	3.899999500000001	315216002494706.6
6.374999999999999	0.1000005	284312927395214.4
6.374999999999999	0.30000000000000004	285091507713306.9
6.374999999999999	0.5	286624816728051.0
6.374999999999999	0.7000000000000001	288865770801218.56
6.374999999999999	0.9	291744120588823.1
6.374999999999999	1.1	295168541943682.4
6.374999999999999	1.3	299027572573337.7
6.374999999999999	1.5	303191251191414.25
6.374999999999999	1.7	307513693326900.2
6.374999999999999	1.9	311836369626866.0
6.374999999999999	2.0999999999999996	315990681665744.4
6.374999999999999	2.3	319801240248049.06
6.374999999999999	2.5	323090782862454.3
6.374999999999999	2.7	325683686148993.94
6.374999999999999	2.9000000000000004	327410649188660.75
6.374999999999999	3.1000000000000005	328113376793005.1
6.374999999999999	3.3000000000000007	327649496958214.6
6.374999999999999	3.500000000000001	325896073332313.0
6.374999999999999	3.700000000000001	322754756833719.1
6.374999999999999	3.899999500000001	318155249743335.75
7.224999999999999	0.1000005	288560926466070.0
7.224999999999999	0.30000000000000004	289359389524963.3
7.224999999999999	0.5	290931804007859.9
7.224999999999999	0.7000000000000001	293228489227256.75
7.224999999999999	0.9	296176620029887.9
7.224999999999999	1.1	299680423143451.75
7.224999999999999	1.3	303623752985890.8
7.224999999999999	1.5	307871262487791.1
7.224999999999999	1.7	312270744737182.2
7.224999999999999	1.9	316657347940175.75
7.224999999999999	2.0999999999999996	320855682901285.56
7.224999999999999	2.3	324683803819586.9
7.224999999999999	2.5	327958125742795.06
7.224999999999999	2.7	330497405363425.06
7.224999999999999	2.9000000000000004	332126955979430.6
7.224999999999999	3.1000000000000005	332684969935162.94
7.224999999999999	3.3000000000000007	332025796924090.1
7.224999999999999	3.500000000000001	330025563936316.1
7.224999999999999	3.700000000000001	326586156054739.8
7.224999999999999	3.899999500000001	321639634626987.75
8.075	0.1000005	293661288505776.0
8.075	0.30000000000000004	294484079168774.44
8.075	0.5	296103560712141.94
8.075	0.7000000000000001	298467919466245.7
8.075	0.9	301499881152700.6
8.075	1.1	305099457538566.0
8.075	1.3	309143946436345.56
8.075	1.5	313491210006706.7
8.075	1.7	317981782238800.2
8.075	1.9	322442849746419.3
8.075	2.0999999999999996	326690593412799.6
8.075	2.3	330535105844697.8
8.075	2.5	333785308826470.6
8.075	2.7	336252231622794.6
8.075	2.9000000000000004	337756270077544.4
8.075	3.1000000000000005	338129762423072.25
8.075	3.3000000000000007	337224716708046.94
8.075	3.500000000000001	334915620771212.5
8.075	3.700000000000001	331105530517867.7
8.075	3.899999500000001	325728869386612.5
8.924999999999999	0.1000005	299780505292039.2
8.924999999999999	0.30000000000000004	300632535918948.0
8.924999999999999	0.5	302309387759904.4
8.924999999999999	0.7000000000000001	304755235753032.44
8.924999999999999	0.9	307888590659307.8
8.924999999999999	1.1	311603141804831.06
8.924999999999999	1.3	315768693738747.25
8.924999999999999	1.5	320234678700445.44
8.924999999999999	1.7	324832732428838.2
8.924999999999999	1.9	329379269971640.8
8.924999999999999	2.0999999999999996	333681105632890.75
8.924999999999999	2.3	337538497111186.4
8.924999999999999	2.5	340750297118246.6
8.924999999999999	2.7	343119807490909.4
8.924999999999999	2.9000000000000004	344459696645210.8
8.924999999999999	3.1000000000000005	344597151194944.25
8.924999999999999	3.3000000000000007	343380198392619.1
8.924999999999999	3.500000000000001	340682857748019.6
8.924999999999999	3.700000000000001	336409121824364.3
8.924999999999999	3.899999500000001	330497652864809.6
9.774999999999999	0.1000005	307148527493928.4
9.774999999999999	0.30000000000000004	308036582610639.25
9.774999999999999	0.5	309782512973182.3
9.774999999999999	0.7000000000000001	312327646705811.25
9.774999999999999	0.9	315583937964062.9
9.774999999999999	1.1	319437114481719.3
9.774999999999999	1.3	323748082557687.5
9.774999999999999	1.5	328355268700798.44
9.774999999999999	1.7	333078834590446.94
9.774999999999999	1.9	337723252885870.7
9.774999999999999	2.0999999999999996	342082458844709.56
9.774999999999999	2.3	345944533612604.3
9.774999999999999	2.5	349097090006235.94
9.774999999999999	2.7	351332892460844.5
9.774999999999999	2.9000000000000004	352455711142227.9
9.774999999999999	3.1000000000000005	352286878552180.44
9.774999999999999	3.3000000000000007	350670441147052.4
9.774999999999999	3.500000000000001	347479481778708.1
9.774999999999999	3.700000000000001	342620802984125.7
9.774999999999999	3.899999500000001	336038714659289.4
10.624999999999998	0.1000005	316091547862984.56
10.624999999999998	0.30000000000000004	317023581186825.06
10.624999999999998	0.5	318854981584551.7
10.624999999999998	0.7000000000000001	321521412517797.1
10.624999999999998	0.9	324927569043219.9
10.624999999999998	1.1	328949343986443.75
10.624999999999998	1.3	333435701257898.06
10.624999999999998	1.5	338211485826576.5
10.624999999999998	1.7	343082341174116.6
10.624999999999998	1.9	347837050939599.1
10.624999999999998	2.0999999999999996	352253861360506.8
10.624999999999998	2.3	356105867055763.5
10.624999999999998	2.5	359165928479813.0
10.624999999999998	2.7	361214633514937.7
10.624999999999998	2.9000000000000004	362045214925337.4
10.624999999999998	3.1000000000000005	361471746113928.06
10.624999999999998	3.3000000000000007	359334526905380.5
10.624999999999998	3.500000000000001	355506640151559.1
10.624999999999998	3.700000000000001	349898869185601.2
10.624999999999998	3.899999500000001	342464688448078.3
11.474999999999998	0.1000005	327089137652011.3
11.474999999999998	0.30000000000000004	328075910476212.3
11.474999999999998	0.5	330013621547838.44
11.474999999999998	0.7000000000000001	332830854406174.8
11.474999999999998	0.9	336422703364201.7
11.474999999999998	1.1	340651713872185.6
11.474999999999998	1.3	345351629149358.7
11.474999999999998	1.5	350329965993198.06
11.474999999999998	1.7	355372932233504.94
11.474999999999998	1.9	360249875857523.8
11.474999999999998	2.0999999999999996	364718670792981.5
11.474999999999998	2.3	368532976006965.44
11.474999999999998	2.5	371448089617922.94
11.474999999999998	2.7	373228442159019.44
11.474999999999998	2.9000000000000004	373655324005977.06
11.474999999999998	3.1000000000000005	372534612804913.3
11.474999999999998	3.3000000000000007	369702627584339.75
11.474999999999998	3.500000000000001	365034324511960.56
11.474999999999998	3.700000000000001	358447980184271.5
11.474999999999998	3.899999500000001	349909751149075.2
12.324999999999998	0.1000005	340880323654880.1
12.324999999999998	0.30000000000000004	341937042702657.6
12.324999999999998	0.5	344009866679217.6
12.324999999999998	0.7000000000000001	347018646082157.0
12.324999999999998	0.9	350844191191178.8
12.324999999999998	1.1	355332421778472.75
12.324999999999998	1.3	360296240424554.9
12.324999999999998	1.5	365519747478906.94
12.324999999999998	1.7	370763861007495.0
12.324999999999998	1.9	375771234246848.75
12.324999999999998	2.0999999999999996	380273748867419.94
12.324999999999998	2.3	383999774072460.94
12.324999999999998	2.5	386681425696903.44
12.324999999999998	2.7	388063932786556.6
12.324999999999998	2.9000000000000004	387913833354905.6
12.324999999999998	3.1000000000000005	386027638468869.6
12.324999999999998	3.3000000000000007	382239793841120.5
12.324999999999998	3.500000000000001	376429938928961.6
12.324999999999998	3.700000000000001	368528526881846.3
12.324999999999998	3.899999500000001	358521661287924.1
13.174999999999997	0.1000005	358679254770901.1
13.174999999999997	0.30000000000000004	359827677300165.3
13.174999999999997	0.5	362077763788051.1
13.174999999999997	0.7000000000000001	365335694197662.44
13.174999999999997	0.9	369464248143745.8
13.174999999999997	1.1	374284523963615.6
13.174999999999997	1.3	379580387842273.7
13.174999999999997	1.5	385103391266487.94
13.174999999999997	1.7	390579327630231.25
13.174999999999997	1.9	395714554675640.3
13.174999999999997	2.0999999999999996	400205126907733.8
13.174999999999997	2.3	403745225515690.7
13.174999999999997	2.5	406037227445488.4
13.174999999999997	2.7	406801774472540.9
13.174999999999997	2.9000000000000004	405787608109856.56
13.174999999999997	3.1000000000000005	402782575338596.44
13.174999999999997	3.3000000000000007	397621590200392.3
13.174999999999997	3.500000000000001	390196000376545.25
13.174999999999997	3.700000000000001	380458036313144.3
13.174999999999997	3.899999500000001	368426868316047.9
14.024999999999997	0.1000005	382662969055404.5
14.024999999999997	0.30000000000000004	383937720485272.9
14.024999999999997	0.5	386430167209911.94
14.024999999999997	0.7000000000000001	390027401950977.75
14.024999999999997	0.9	394563636256662.44
14.024999999999997	1.1	399823204640927.5
14.024999999999997	1.3	405547121188943.0
14.024999999999997	1.5	411438465340126.2
14.024999999999997	1.7	417170811809420.0
14.024999999999997	1.9	422398065495451.4
14.024999999999997	2.0999999999999996	426764764717648.7
14.024999999999997	2.3	429917555275760.25
14.024999999999997	2.5	431517835331771.5
14.024999999999997	2.7	431255102785262.2
14.024999999999997	2.9000000000000004	428857961003964.75
14.024999999999997	3.1000000000000005	424108637021521.2
14.024999999999997	3.3000000000000007	416851411458761.6
14.024999999999997	3.500000000000001	407002687596342.1
14.024999999999997	3.700000000000001	394556845486743.75
14.024999999999997	3.899999500000001	379589544888876.75
14.874999999999996	0.1000005	417288809671046.0
14.874999999999996	0.30000000000000004	418749314568795.4
14.874999999999996	0.5	421596754645045.94
14.874999999999996	0.7000000000000001	425685500629536.94
14.874999999999996	0.9	430802462845509.5
14.874999999999996	1.1	436671093042137.1
14.874999999999996	1.3	442960985138203.4
14.874999999999996	1.5	449296070978900.9
14.874999999999996	1.7	455266328559828.8
14.874999999999996	1.9	460442300224750.06
14.874999999999996	2.0999999999999996	464387971711988.7
14.874999999999996	2.3	466679739477306.4
14.874999999999996	2.5	466921631385099.8
14.874999999999996	2.7	464762869044396.3
14.874999999999996	2.9000000000000004	459915430144851.7
14.874999999999996	3.1000000000000005	452167629996586.8
14.874999999999996	3.3000000000000007	441397937234505.0
14.874999999999996	3.500000000000001	427583637904050.7
14.874999999999996	3.700000000000001	410805518750808.3
14.874999999999996	3.899999500000001	391248652641365.7
15.724999999999996	0.1000005	473943315552803.0
15.724999999999996	0.30000000000000004	475711697633643.56
15.724999999999996	0.5	479141036442581.9
15.724999999999996	0.7000000000000001	484019619217960.44
15.724999999999996	0.9	490038583010719.0
15.724999999999996	1.1	496800316533894.2
15.724999999999996	1.3	503832978360377.06
15.724999999999996	1.5	510606888436510.0
15.724999999999996	1.7	516553261240482.5
15.724999999999996	1.9	521088090559287.44
15.724999999999996	2.0999999999999996	523636502594635.7
15.724999999999996	2.3	523658982384711.4
15.724999999999996	2.5	520679239377286.4
15.724999999999996	2.7	514308560535635.7
15.724999999999996	2.9000000000000004	504270631773412.6
15.724999999999996	3.1000000000000005	490419568619605.5
15.724999999999996	3.3000000000000007	472753731922854.4
15.724999999999996	3.500000000000001	451421347798970.8
15.724999999999996	3.700000000000001	426719570973017.44
15.724999999999996	3.899999500000001	399082430322662.44
16.574999499999993	0.1000005	600504936301828.2
16.574999499999993	0.30000000000000004	602920855700870.4
16.574999499999993	0.5	607531559735538.4
16.574999499999993	0.7000000000000001	613904587719668.5
16.574999499999993	0.9	621416358909516.9
16.574999499999993	1.1	629280313891551.1
16.574999499999993	1.3	636586956755631.6
16.574999499999993	1.5	642351390540366.1
16.574999499999993	1.7	645568345950638.8
16.574999499999993	1.9	645272830029270.0
16.574999499999993	2.0999999999999996	640603584805741.4
16.574999499999993	2.3	630863267638344.2
16.574999499999993	2.5	615572777437442.9
16.574999499999993	2.7	594515277639497.0
16.574999499999993	2.9000000000000004	567762188494917.0
16.574999499999993	3.1000000000000005	535680446175481.3
16.574999499999993	3.3000000000000007	498917984559500.5
16.574999499999993	3.500000000000001	458366503035700.1
16.574999499999993	3.700000000000001	415105969456182.6
16.574999499999993	3.899999500000001	370332007404232.0