5e-07	5e-07	1653417240.1429138
5e-07	0.1000005	1627143501.8370533
5e-07	0.30000000000000004	1477950583.1835995
5e-07	0.5	1215534928.7279644
5e-07	0.7000000000000001	900775046.8304377
5e-07	0.9	598581933.0410357
5e-07	1.1	355519670.7556648
5e-07	1.3	188455698.74278402
5e-07	1.5	89135426.5768528
5e-07	1.7	37615288.71037507
5e-07	1.9	14155526.704519272
5e-07	2.0999999999999996	4745104.57974124
5e-07	2.3	1414623.251918912
5e-07	2.5	374384.3714271188
5e-07	2.7	87786.00775587559
5e-07	2.9000000000000004	18200.528949066997
5e-07	3.1000000000000005	3329.697816506028
5e-07	3.3000000000000007	536.4162544161081
5e-07	3.500000000000001	75.94521621614695
5e-07	3.700000000000001	9.430605667643249
5e-07	3.899999500000001	1.02512047579512
5e-07	3.9999995000000013	0.25697186146862805
0.42500049999999995	5e-07	1651501741.4828033
0.42500049999999995	0.1000005	1625249615.0584145
0.42500049999999995	0.30000000000000004	1476182775.6284084
0.42500049999999995	0.5	1214003759.4566822
0.42500049999999995	0.7000000000000001	899556254.3142405
0.42500049999999995	0.9	597699410.4418812
0.42500049999999995	1.1	354943001.7046814
0.42500049999999995	1.3	188117265.00366068
0.42500049999999995	1.5	88957425.3823371
0.42500049999999995	1.7	37531488.352007866
0.42500049999999995	1.9	14120268.147875786
0.42500049999999995	2.0999999999999996	4731876.746545315
0.42500049999999995	2.3	1410210.1583867073
0.42500049999999995	2.5	373078.72948920727
0.42500049999999995	2.7	87444.36778464913
0.42500049999999995	2.9000000000000004	18121.664445757866
0.42500049999999995	3.1000000000000005	3313.6751932501793
0.42500049999999995	3.3000000000000007	533.5576798915863
0.42500049999999995	3.500000000000001	75.4983138795942
0.42500049999999995	3.700000000000001	9.369504717178643
0.42500049999999995	3.899999500000001	1.0178288742899895
0.42500049999999995	3.9999995000000013	0.25502661103382707
1.275	5e-07	1640065789.0718899
1.275	0.1000005	1613942836.3471413
1.275	0.30000000000000004	1465630248.5685654
1.275	0.5	1204866234.1544857
1.275	0.7000000000000001	892285710.3212051
1.275	0.9	592437412.9322071
1.275	1.1	351506610.87128544
1.275	1.3	186101850.33233643
1.275	1.5	87898188.80093527
1.275	1.7	37033229.54863286
1.275	1.9	13910826.303137064
1.275	2.0999999999999996	4653384.949772835
1.275	2.3	1384054.7746146917
1.275	2.5	365350.7223827839
1.275	2.7	85425.15896806121
1.275	2.9000000000000004	17656.287060707808
1.275	3.1000000000000005	3219.2894128859043
1.275	3.3000000000000007	516.7497801631689
1.275	3.500000000000001	72.87586895935237
1.275	3.700000000000001	9.011728513985872
1.275	3.899999500000001	0.9752304051071405
1.275	3.9999995000000013	0.24368072929792106
2.125	5e-07	1617193620.381443
2.125	0.1000005	1591330362.1406097
2.125	0.30000000000000004	1444533445.8591385
2.125	0.5	1186610607.342474
2.125	0.7000000000000001	877774158.3007898
2.125	0.9	581947676.7474337
2.125	1.1	344666099.05101204
2.125	1.3	182096550.85659885
2.125	1.5	85797035.84733629
2.125	1.7	36046927.29332113
2.125	1.9	13497218.57431817
2.125	2.0999999999999996	4498792.855358362
2.125	2.3	1332694.951412797
2.125	2.5	350226.02591484785
2.125	2.7	81487.7297065258
2.125	2.9000000000000004	16752.42434605956
2.125	3.1000000000000005	3036.7646479308605
2.125	3.3000000000000007	484.3981304317713
2.125	3.500000000000001	67.85353371873498
2.125	3.700000000000001	8.330215102992952
2.125	3.899999500000001	0.8945505167357624
2.125	3.9999995000000013	0.22227993700653315
2.9749999999999996	5e-07	1582887858.5809002
2.9749999999999996	0.1000005	1557417455.1871052
2.9749999999999996	0.30000000000000004	1412911997.7753086
2.9749999999999996	0.5	1159278664.5815163
2.9749999999999996	0.7000000000000001	856083204.5017948
2.9749999999999996	0.9	566300634.8702106
2.9749999999999996	1.1	334487270.4574938
2.9749999999999996	1.3	176153093.91219807
2.9749999999999996	1.5	82688881.6244421
2.9749999999999996	1.7	34593079.88883901
2.9749999999999996	1.9	12889982.412390232
2.9749999999999996	2.0999999999999996	4272852.703844428
2.9749999999999996	2.3	1258010.1127676964
2.9749999999999996	2.5	328355.5427393317
2.9749999999999996	2.7	75829.20551809669
2.9749999999999996	2.9000000000000004	15462.202291160822
2.9749999999999996	3.1000000000000005	2778.1189205646515
2.9749999999999996	3.3000000000000007	438.91517866775393
2.9749999999999996	3.500000000000001	60.852355724200606
2.9749999999999996	3.700000000000001	7.3887703428044915
2.9749999999999996	3.899999500000001	0.7841731579974294
2.9749999999999996	3.9999995000000013	0.1932038594968617
3.8249999999999997	5e-07	1537160663.9183826
3.8249999999999997	0.1000005	1512220216.5099545
3.8249999999999997	0.30000000000000004	1370803390.5651817
3.8249999999999997	0.5	1122940703.122589
3.8249999999999997	0.7000000000000001	827311811.1429939
3.8249999999999997	0.9	545606920.4163284
3.8249999999999997	1.1	321072030.2296591
3.8249999999999997	1.3	168350785.58611774
3.8249999999999997	1.5	78626799.99348211
3.8249999999999997	1.7	32702599.799396515
3.8249999999999997	1.9	12104880.294590235
3.8249999999999997	2.0999999999999996	3982612.416533828
3.8249999999999997	2.3	1162761.7251116037
3.8249999999999997	2.5	300686.0039306879
3.8249999999999997	2.7	68733.1506562233
3.8249999999999997	2.9000000000000004	13859.709978297353
3.8249999999999997	3.1000000000000005	2460.21376170218
3.8249999999999997	3.3000000000000007	383.6386048682034
3.8249999999999997	3.500000000000001	52.44616092182696
3.8249999999999997	3.700000000000001	6.272959025576711
3.8249999999999997	3.899999500000001	0.6551488530822098
3.8249999999999997	3.9999995000000013	0.15955062885768712
4.675	5e-07	1480044514.5246944
4.675	0.1000005	1455776367.9880428
4.675	0.30000000000000004	1318273593.1008873
4.675	0.5	1077705357.15127
4.675	0.7000000000000001	791604700.7243023
4.675	0.9	520023593.0520706
4.675	1.1	304562356.44309235
4.675	1.3	158798571.2434826
4.675	1.5	73682844.51142359
4.675	1.7	30416984.043263912
4.675	1.9	11162829.847765684
4.675	2.0999999999999996	3637310.017080784
4.675	2.3	1050520.7047638297
4.675	2.5	268423.68844753504
4.675	2.7	60555.07873368263
4.675	2.9000000000000004	12036.212903544307
4.675	3.1000000000000005	2103.4247878342867
4.675	3.3000000000000007	322.5184949710965
4.675	3.500000000000001	43.29889841564
4.675	3.700000000000001	5.079394572414458
4.675	3.899999500000001	0.5196300093084574
4.675	3.9999995000000013	0.12466322747059166
5.5249999999999995	5e-07	1411608411.4452744
5.5249999999999995	0.1000005	1388161375.3301334
5.5249999999999995	0.30000000000000004	1255432730.4063072
5.5249999999999995	0.5	1023734127.2044811
5.5249999999999995	0.7000000000000001	749164454.9314175
5.5249999999999995	0.9	489763080.745244
5.5249999999999995	1.1	285145876.7512665
5.5249999999999995	1.3	147637883.1697979
5.5249999999999995	1.5	67949122.86324596
5.5249999999999995	1.7	27788501.99926114
5.5249999999999995	1.9	10089777.914413452
5.5249999999999995	2.0999999999999996	3248215.8293842077
5.5249999999999995	2.3	925565.0050812364
5.5249999999999995	2.5	232984.9842131734
5.5249999999999995	2.7	51703.29339051247
5.5249999999999995	2.9000000000000004	10094.00685697794
5.5249999999999995	3.1000000000000005	1729.9874207675457
5.5249999999999995	3.3000000000000007	259.74064979702234
5.5249999999999995	3.500000000000001	34.091792229563
5.5249999999999995	3.700000000000001	3.903751626610756
5.5249999999999995	3.899999500000001	0.38919068966060877
5.5249999999999995	3.9999995000000013	0.09163589589297771
6.374999999999999	5e-07	1331981255.2396774
6.374999999999999	0.1000005	1309511734.4081917
6.374999999999999	0.30000000000000004	1182457568.9662266
6.374999999999999	0.5	961261733.2011366
6.374999999999999	0.7000000000000001	700268329.5634604
6.374999999999999	0.9	455105223.35778713
6.374999999999999	1.1	263063187.37010098
6.374999999999999	1.3	135046246.65692043
6.374999999999999	1.5	61539075.1914978
6.374999999999999	1.7	24880344.02071452
6.374999999999999	1.9	8916483.892105818
6.374999999999999	2.0999999999999996	2828407.7726978064
6.374999999999999	2.3	792742.1572076678
6.374999999999999	2.5	195933.00681060553
6.374999999999999	2.7	42615.313140928745
6.374999999999999	2.9000000000000004	8139.163536444306
6.374999999999999	3.1000000000000005	1362.1260958835483
6.374999999999999	3.3000000000000007	199.32011807337403
6.374999999999999	3.500000000000001	25.44872141070664
6.374999999999999	3.700000000000001	2.829180962406099
6.374999999999999	3.899999500000001	0.27330671693198383
6.374999999999999	3.9999995000000013	0.06288904068060219
7.224999999999999	5e-07	1241385121.7104702
7.224999999999999	0.1000005	1220058018.2224503
7.224999999999999	0.30000000000000004	1099623087.439867
7.224999999999999	0.5	890624369.1809969
7.224999999999999	0.7000000000000001	645290966.8873625
7.224999999999999	0.9	416413227.01951313
7.224999999999999	1.1	238617265.57224178
7.224999999999999	1.3	121241693.42316437
7.224999999999999	1.5	54588886.85167742
7.224999999999999	1.7	21766655.156364202
7.224999999999999	1.9	7678166.091583014
7.224999999999999	2.0999999999999996	2392458.130306363
7.224999999999999	2.3	657291.1974685788
7.224999999999999	2.5	158899.78283828497
7.224999999999999	2.7	33730.39581146836
7.224999999999999	2.9000000000000004	6273.519038170576
7.224999999999999	3.1000000000000005	1020.1090097799897
7.224999999999999	3.3000000000000007	144.70633294433355
7.224999999999999	3.500000000000001	17.869246494024992
7.224999999999999	3.700000000000001	1.916854212526232
7.224999999999999	3.899999500000001	0.17825366370379925
7.224999999999999	3.9999995000000013	0.0398901563603431
8.075	5e-07	1140182500.6789074
8.075	0.1000005	1120171708.3709126
8.075	0.30000000000000004	1007346831.1817284
8.075	0.5	812298520.030016
8.075	0.7000000000000001	584734911.565752
8.075	0.9	374154379.5465393
8.075	1.1	212185191.07094765
8.075	1.3	106487950.39788628
8.075	1.5	47258895.7551136
8.075	1.7	18532333.13638425
8.075	1.9	6413940.454916
8.075	2.0999999999999996	1956004.3119516373
8.075	2.3	524616.8224045634
8.075	2.5	123493.95697364211
8.075	2.7	25459.041462630033
8.075	2.9000000000000004	4586.41307130456
8.075	3.1000000000000005	720.405784226954
8.075	3.3000000000000007	98.44623691961169
8.075	3.500000000000001	11.678752129897475
8.075	3.700000000000001	1.200164814479649
8.075	3.899999500000001	0.10661552613601089
8.075	3.9999995000000013	0.02307038742583245
8.924999999999999	5e-07	1028943341.2365808
8.924999999999999	0.1000005	1010431544.9895267
8.924999999999999	0.30000000000000004	906251022.8039265
8.924999999999999	0.5	726954301.6157188
8.924999999999999	0.7000000000000001	519271273.0068598
8.924999999999999	0.9	328926713.83871746
8.924999999999999	1.1	184232527.5611558
8.924999999999999	1.3	91100232.61353636
8.924999999999999	1.5	39734735.625033855
8.924999999999999	1.7	15272395.299288988
8.924999999999999	1.9	5165949.904389739
8.924999999999999	2.0999999999999996	1535168.5298509598
8.924999999999999	2.3	400009.679936409
8.924999999999999	2.5	91195.18564152718
8.924999999999999	2.7	18150.982344448566
8.924999999999999	2.9000000000000004	3146.85913233459
8.924999999999999	3.1000000000000005	474.158190947026
8.924999999999999	3.3000000000000007	61.95347533561289
8.924999999999999	3.500000000000001	7.0039829621091485
8.924999999999999	3.700000000000001	0.6836225716397166
8.924999999999999	3.899999500000001	0.05748455668799579
8.924999999999999	3.9999995000000013	0.011945058940909803
9.774999999999999	5e-07	908540898.538003
9.774999999999999	0.1000005	891718214.5208979
9.774999999999999	0.30000000000000004	797249989.1889029
9.774999999999999	0.5	635528805.8990679
9.774999999999999	0.7000000000000001	449793939.1732092
9.774999999999999	0.9	281492992.75488186
9.774999999999999	1.1	155330448.50980282
9.774999999999999	1.3	75451278.95067406
9.774999999999999	1.5	32227775.6479733
9.774999999999999	1.7	12090614.072231531
9.774999999999999	1.9	3978049.2206579447
9.774999999999999	2.0999999999999996	1145784.582279563
9.774999999999999	2.3	288308.16759610176
9.774999999999999	2.5	63238.50354260206
9.774999999999999	2.7	12064.005242824554
9.774999999999999	2.9000000000000004	1997.0373258814216
9.774999999999999	3.1000000000000005	286.19667107239366
9.774999999999999	3.3000000000000007	35.4270228613168
9.774999999999999	3.500000000000001	3.7793549140915275
9.774999999999999	3.700000000000001	0.34669660357758403
9.774999999999999	3.899999500000001	0.02728876145556569
9.774999999999999	3.9999995000000013	0.005399076617322862
10.624999999999998	5e-07	780289488.178381
10.624999999999998	0.1000005	765350032.6686087
10.624999999999998	0.30000000000000004	681673970.9110918
10.624999999999998	0.5	539327207.3968611
10.624999999999998	0.7000000000000001	377491432.9225702
10.624999999999998	0.9	232823376.608387
10.624999999999998	1.1	126175381.57572222
10.624999999999998	1.3	59976733.22692919
10.624999999999998	1.5	24974052.351201534
10.624999999999998	1.7	9096950.803668499
10.624999999999998	1.9	2893851.4968897104
10.624999999999998	2.0999999999999996	802386.8528333902
10.624999999999998	2.3	193503.48253172636
10.624999999999998	2.5	40495.59982460737
10.624999999999998	2.7	7337.1420049369335
10.624999999999998	2.9000000000000004	1148.2064453735948
10.624999999999998	3.1000000000000005	154.83270862326026
10.624999999999998	3.3000000000000007	17.94903494231403
10.624999999999998	3.500000000000001	1.7846583798527718
10.624999999999998	3.700000000000001	0.15185177978128195
10.624999999999998	3.899999500000001	0.011032388196326792
10.624999999999998	3.9999995000000013	0.002055967226624489
11.474999999999998	5e-07	646143925.448142
11.474999999999998	0.1000005	633278980.9879484
11.474999999999998	0.30000000000000004	561445136.2522268
11.474999999999998	0.5	440162405.4208126
11.474999999999998	0.7000000000000001	303941665.37145424
11.474999999999998	0.9	184147716.6752205
11.474999999999998	1.1	97609769.30089712
11.474999999999998	1.3	45178006.98023176
11.474999999999998	1.5	18230286.130821228
11.474999999999998	1.7	6403057.1857664585
11.474999999999998	1.9	1953889.6650304794
11.474999999999998	2.0999999999999996	516924.3374788165
11.474999999999998	2.3	118302.55736449361
11.474999999999998	2.5	23365.836906552315
11.474999999999998	2.7	3973.2225784510374
11.474999999999998	2.9000000000000004	580.2630586996675
11.474999999999998	3.1000000000000005	72.60693758912385
11.474999999999998	3.3000000000000007	7.765421144664288
11.474999999999998	3.500000000000001	0.7082114536315203
11.474999999999998	3.700000000000001	0.05494973808526993
11.474999999999998	3.899999500000001	0.0036189957754686475
11.474999999999998	3.9999995000000013	0.0006263800314627588
12.324999999999998	5e-07	508989796.63594246
12.324999999999998	0.1000005	498375054.00735664
12.324999999999998	0.30000000000000004	439328445.0529022
12.324999999999998	0.5	340546746.93652344
12.324999999999998	0.7000000000000001	231234358.18229675
12.324999999999998	0.9	137016095.85747862
12.324999999999998	1.1	70639985.92107058
12.324999999999998	1.3	31618706.631721497
12.324999999999998	1.5	12264453.533023119
12.324999999999998	1.7	4114734.1886903048
12.324999999999998	1.9	1191599.1282566786
12.324999999999998	2.0999999999999996	297198.6102927327
12.324999999999998	2.3	63689.714286893606
12.324999999999998	2.5	11698.712183624506
12.324999999999998	2.7	1837.2753646820784
12.324999999999998	2.9000000000000004	246.09109990671277
12.324999999999998	3.1000000000000005	28.043287355452776
12.324999999999998	3.3000000000000007	2.7121446169912815
12.324999999999998	3.500000000000001	0.22207678924314678
12.324999999999998	3.700000000000001	0.015359370852820575
12.324999999999998	3.899999500000001	0.0008952051284722984
12.324999999999998	3.9999995000000013	0.00014120189007371664
13.174999999999997	5e-07	373065094.66794395
13.174999999999997	0.1000005	364837866.78538513
13.174999999999997	0.30000000000000004	319286500.6514101
13.174999999999997	0.5	243950232.87216663
13.174999999999997	0.7000000000000001	162121503.87884903
13.174999999999997	0.9	93359408.95491457
13.174999999999997	1.1	46440928.55945349
13.174999999999997	1.3	19906444.176303387
13.174999999999997	1.5	7336477.164644957
13.174999999999997	1.7	2319746.3720163107
13.174999999999997	1.9	627870.3202340603
13.174999999999997	2.0999999999999996	145126.07942682505
13.174999999999997	2.3	28575.645614385605
13.174999999999997	2.5	4781.058693677187
13.174999999999997	2.7	677.9867753610015
13.174999999999997	2.9000000000000004	81.27969055250287
13.174999999999997	3.1000000000000005	8.216984496451914
13.174999999999997	3.3000000000000007	0.698768884409219
13.174999999999997	3.500000000000001	0.04986354638822377
13.174999999999997	3.700000000000001	0.002978646953124553
13.174999999999997	3.899999500000001	0.00014860340161249042
13.174999999999997	3.9999995000000013	2.08000565180555e-05
14.024999999999997	5e-07	244559516.4546013
14.024999999999997	0.1000005	238778425.69217682
14.024999999999997	0.30000000000000004	206964479.5370493
14.024999999999997	0.5	155126249.1792264
14.024999999999997	0.7000000000000001	100175905.99158764
14.024999999999997	0.9	55520704.07897997
14.024999999999997	1.1	26320751.51818633
14.024999999999997	1.3	10642948.363273859
14.024999999999997	1.5	3661382.867880702
14.024999999999997	1.7	1069026.992264986
14.024999999999997	1.9	264258.24708354473
14.024999999999997	2.0999999999999996	55166.90778648853
14.024999999999997	2.3	9701.311298951507
14.024999999999997	2.5	1433.384187221527
14.024999999999997	2.7	177.48141103610396
14.024999999999997	2.9000000000000004	18.36906460300088
14.024999999999997	3.1000000000000005	1.5851231329143047
14.024999999999997	3.3000000000000007	0.11376043735072017
14.024999999999997	3.500000000000001	0.006773227243684232
14.024999999999997	3.700000000000001	0.0003337475936859846
14.024999999999997	3.899999500000001	1.3577868230640888e-05
14.024999999999997	3.9999995000000013	1.6211706679314375e-06
14.874999999999996	5e-07	132389576.82629395
14.874999999999996	0.1000005	128963775.1534195
14.874999999999996	0.30000000000000004	110268972.10805655
14.874999999999996	0.5	80430567.09146023
14.874999999999996	0.7000000000000001	49860093.28289127
14.874999999999996	0.9	26163368.568745375
14.874999999999996	1.1	11578155.57166648
14.874999999999996	1.3	4307252.700176001
14.874999999999996	1.5	1343216.342418313
14.874999999999996	1.7	350213.81347852945
14.874999999999996	1.9	76147.31561276317
14.874999999999996	2.0999999999999996	13772.388243719935
14.874999999999996	2.3	2066.7791486382484
14.874999999999996	2.5	256.68686705082655
14.874999999999996	2.7	26.316745549440384
14.874999999999996	2.9000000000000004	2.2216320019215345
14.874999999999996	3.1000000000000005	0.15403164341114461
14.874999999999996	3.3000000000000007	0.008748281048610806
14.874999999999996	3.500000000000001	0.0004059565544594079
14.874999999999996	3.700000000000001	1.5351499314419925e-05
14.874999999999996	3.899999500000001	4.7177672968246043e-07
14.874999999999996	3.9999995000000013	4.5118213165551424e-08
15.724999999999996	5e-07	48769834.03093243
15.724999999999996	0.1000005	47337493.33026743
15.724999999999996	0.30000000000000004	39621539.30587578
15.724999999999996	0.5	27693068.012758255
15.724999999999996	0.7000000000000001	16101560.717896223
15.724999999999996	0.9	7755153.06380868
15.724999999999996	1.1	3082102.7470890284
15.724999999999996	1.3	1007375.5269247293
15.724999999999996	1.5	270015.92884498835
15.724999999999996	1.7	59202.74727419019
15.724999999999996	1.9	10592.7661857903
15.724999999999996	2.0999999999999996	1542.972273029387
15.724999999999996	2.3	182.52618654817343
15.724999999999996	2.5	17.490283273160458
15.724999999999996	2.7	1.3539251144975424
15.724999999999996	2.9000000000000004	0.08442454342730343
15.724999999999996	3.1000000000000005	0.0042276683379895985
15.724999999999996	3.3000000000000007	0.00016947966651059687
15.724999999999996	3.500000000000001	5.421694368124008e-06
15.724999999999996	3.700000000000001	1.3794669939670712e-07
15.724999999999996	3.899999500000001	2.7780515665654093e-09
15.724999999999996	3.9999995000000013	1.8621904018800706e-10
16.574999499999993	5e-07	6639934.550270796
16.574999499999993	0.1000005	6404111.367589474
16.574999499999993	0.30000000000000004	5162263.512265682
16.574999499999993	0.5	3346944.9526656866
16.574999499999993	0.7000000000000001	1739100.0718790293
16.574999499999993	0.9	721352.5111428499
16.574999499999993	1.1	237972.98172700405
16.574999499999993	1.3	62241.29227107763
16.574999499999993	1.5	12869.112497597933
16.574999499999993	1.7	2097.5497179850936
16.574999499999993	1.9	268.71149338781834
16.574999499999993	2.0999999999999996	26.970265021547675
16.574999499999993	2.3	2.1135378256440163
16.574999499999993	2.5	0.12884106440469623
16.574999499999993	2.7	0.006085853150580078
16.574999499999993	2.9000000000000004	0.00022184563567861915
16.574999499999993	3.1000000000000005	6.215072062332183e-06
16.574999499999993	3.3000000000000007	1.33301000460051e-07
16.574999499999993	3.500000000000001	2.1786945580970496e-09
16.574999499999993	3.700000000000001	2.609112925711088e-11
16.574999499999993	3.899999500000001	2.984279490192421e-13
16.574999499999993	3.9999995000000013	1.4210854715202004e-14