0.5	1.43142E+13
0.5199	1.54813E+13
0.5398	1.66388E+13
0.5597	1.77916E+13
0.5796	1.89344E+13
0.5995	2.0063E+13
0.6194	2.11727E+13
0.6393	2.22606E+13
0.6592	2.33258E+13
0.6791	2.43662E+13
0.699	2.53788E+13
0.7189	2.63632E+13
0.7388	2.73227E+13
0.7587	2.82523E+13
0.7786	2.91596E+13
0.7985	3.00357E+13
0.8184	3.08818E+13
0.8383	3.17033E+13
0.8582	3.25027E+13
0.8781	3.32758E+13
0.898	3.40184E+13
0.9179	3.47336E+13
0.9378	3.54301E+13
0.9577	3.61065E+13
0.9776	3.67725E+13
0.9975	3.74191E+13
1.0174	3.80452E+13
1.0373	3.8654E+13
1.0572	3.92493E+13
1.0771	3.98344E+13
1.097	4.04126E+13
1.1169	4.09889E+13
1.1368	4.15677E+13
1.1567	4.2152E+13
1.1766	4.27305E+13
1.1965	4.33248E+13
1.2164	4.39291E+13
1.2363	4.45486E+13
1.2562	4.5191E+13
1.2761	4.58642E+13
1.296	4.65736E+13
1.3159	4.73218E+13
1.3358	4.81117E+13
1.3557	4.8951E+13
1.3756	4.98325E+13
1.3955	5.07985E+13
1.4154	5.18434E+13
1.4353	5.29697E+13
1.4552	5.41834E+13
1.4751	5.55011E+13
1.495	5.69461E+13
1.5149	5.85352E+13
1.5348	6.02718E+13
1.5547	6.21554E+13
1.5746	6.41983E+13
1.5945	6.6378E+13
1.6144	6.881E+13
1.6343	7.14814E+13
1.6542	7.44049E+13
1.6741	7.75971E+13
1.694	8.10849E+13
1.7139	8.49002E+13
1.7338	8.90775E+13
1.7537	9.36547E+13
1.7736	9.86752E+13
1.7935	1.04108E+14
1.8134	1.10133E+14
1.8333	1.16755E+14
1.8532	1.24039E+14
1.8731	1.32051E+14
1.893	1.40874E+14
1.9129	1.50606E+14
1.9328	1.61344E+14
1.9527	1.73162E+14
1.9726	1.8612E+14
1.9925	2.00286E+14
2.0124	2.15624E+14
2.0323	2.32423E+14
2.0522	2.50625E+14
2.0721	2.7022E+14
2.092	2.91192E+14
2.1119	3.13516E+14
2.1318	3.37136E+14
2.1517	3.61937E+14
2.1716	3.87762E+14
2.1915	4.14437E+14
2.2114	4.41651E+14
2.2313	4.69446E+14
2.2512	4.9751E+14
2.2711	5.25605E+14
2.291	5.53505E+14
2.3109	5.81079E+14
2.3308	6.08145E+14
2.3507	6.34318E+14
2.3706	6.59433E+14
2.3905	6.84055E+14
2.4104	7.08099E+14
2.4303	7.30918E+14
2.4502	7.52903E+14
2.4701	7.74817E+14
2.49	7.96117E+14
2.5099	8.16338E+14
2.5298	8.36592E+14
2.5497	8.57422E+14
2.5696	8.77565E+14
2.5895	8.97065E+14
2.6094	9.1783E+14
2.6293	9.39459E+14
2.6492	9.59827E+14
2.6691	9.80363E+14
2.689	1.00353E+15
2.7089	1.02643E+15
2.7288	1.0464E+15
2.7487	1.06873E+15
2.7686	1.09514E+15
2.7885	1.11378E+15
2.8084	1.12161E+15
2.8283	1.14092E+15
2.8482	1.17354E+15
2.8681	1.14799E+15
2.888	9.72645E+14
2.9079	6.60585E+14
2.9278	3.50542E+14
2.9477	1.71659E+14
2.9676	1.24917E+14
2.9875	1.2516E+14
3.0074	1.16882E+14
3.0273	1.05226E+14
3.0472	1.03686E+14
3.0671	1.05358E+14
3.087	1.03112E+14
3.1069	1.01491E+14
3.1268	1.03468E+14
3.1467	1.05115E+14
3.1666	1.05155E+14
3.1865	1.06496E+14
3.2064	1.09258E+14
3.2263	1.11194E+14
3.2462	1.12739E+14
3.2661	1.15467E+14
3.286	1.18605E+14
3.3059	1.21069E+14
3.3258	1.23713E+14
3.3457	1.27231E+14
3.3656	1.30687E+14
3.3855	1.33801E+14
3.4054	1.37411E+14
3.4253	1.41525E+14
3.4452	1.4546E+14
3.4651	1.49327E+14
3.485	1.53747E+14
3.5049	1.58513E+14
3.5248	1.63408E+14
3.5447	1.68508E+14
3.5646	1.73786E+14
3.5845	1.79239E+14
3.6044	1.84873E+14
3.6243	1.90691E+14
3.6442	1.96697E+14
3.6641	2.02893E+14
3.684	2.09279E+14
3.7039	2.15861E+14
3.7238	2.22645E+14
3.7437	2.29563E+14
3.7636	2.36735E+14
3.7835	2.44119E+14
3.8034	2.51721E+14
3.8233	2.5955E+14
3.8432	2.67604E+14
3.8631	2.75876E+14
3.883	2.8436E+14
3.9029	2.93059E+14
3.9228	3.01974E+14
3.9427	3.11026E+14
3.9626	3.2033E+14
3.9825	3.29832E+14
4.0024	3.39533E+14
4.0223	3.49439E+14
4.0422	3.59548E+14
4.0621	3.69854E+14
4.082	3.80342E+14
4.1019	3.90993E+14
4.1218	4.01793E+14
4.1417	4.12742E+14
4.1616	4.23742E+14
4.1815	4.34961E+14
4.2014	4.46302E+14
4.2213	4.57735E+14
4.2412	4.69246E+14
4.2611	4.80835E+14
4.281	4.92497E+14
4.3009	5.04211E+14
4.3208	5.15947E+14
4.3407	5.27676E+14
4.3606	5.39285E+14
4.3805	5.50931E+14
4.4004	5.6254E+14
4.4203	5.74099E+14
4.4402	5.85583E+14
4.4601	5.96969E+14
4.48	6.08239E+14
4.4999	6.19389E+14
4.5198	6.30411E+14
4.5397	6.41291E+14
4.5596	6.52001E+14
4.5795	6.62388E+14
4.5994	6.72642E+14
4.6193	6.82678E+14
4.6392	6.92503E+14
4.6591	7.02114E+14
4.679	7.11493E+14
4.6989	7.20619E+14
4.7188	7.29477E+14
4.7387	7.38059E+14
4.7586	7.46358E+14
4.7785	7.54267E+14
4.7984	7.61964E+14
4.8183	7.69388E+14
4.8382	7.76535E+14
4.8581	7.83389E+14
4.878	7.89931E+14
4.8979	7.96147E+14
4.9178	8.02023E+14
4.9377	8.07552E+14
4.9576	8.12738E+14
4.9775	8.17586E+14
4.9974	8.21976E+14
5.0173	8.26064E+14
5.0372	8.29746E+14
5.0571	8.33007E+14
5.077	8.35833E+14
5.0969	8.38209E+14
5.1168	8.40117E+14
5.1367	8.41544E+14
5.1566	8.42481E+14
5.1765	8.42865E+14
5.1964	8.42766E+14
5.2163	8.4211E+14
5.2362	8.40828E+14
5.2561	8.38917E+14
5.276	8.36355E+14
5.2959	8.33118E+14
5.3158	8.2916E+14
5.3357	8.24456E+14
5.3556	8.18987E+14
5.3755	8.12688E+14
5.3954	8.05445E+14
5.4153	7.97299E+14
5.4352	7.88199E+14
5.4551	7.78069E+14
5.475	7.66879E+14
5.4949	7.54635E+14
5.5148	7.41246E+14
5.5347	7.26582E+14
5.5546	7.10679E+14
5.5745	6.93572E+14
5.5944	6.75032E+14
5.6143	6.54856E+14
5.6342	6.33472E+14
5.6541	6.10855E+14
5.674	5.85906E+14
5.6939	5.57902E+14
5.7138	5.2864E+14
5.7337	5.00963E+14
5.7536	4.7464E+14
5.7735	4.46504E+14
5.7934	4.16505E+14
5.8133	3.91116E+14
5.8332	3.7793E+14
5.8531	3.77338E+14
5.873	3.82814E+14
5.8929	3.88282E+14
5.9128	3.92656E+14
5.9327	3.974E+14
5.9526	4.02892E+14
5.9725	4.08444E+14
5.9924	4.13884E+14
6.0123	4.19541E+14
6.0322	4.25337E+14
6.0521	4.31177E+14
6.072	4.37028E+14
6.0919	4.43013E+14
6.1118	4.4907E+14
6.1317	4.55115E+14
6.1516	4.61195E+14
6.1715	4.67346E+14
6.1914	4.73512E+14
6.2113	4.79671E+14
6.2312	4.85797E+14
6.2511	4.92007E+14
6.271	4.98218E+14
6.2909	5.04432E+14
6.3108	5.10669E+14
6.3307	5.16925E+14
6.3506	5.23154E+14
6.3705	5.29382E+14
6.3904	5.35644E+14
6.4103	5.41899E+14
6.4302	5.48145E+14
6.4501	5.54277E+14
6.47	5.6044E+14
6.4899	5.66564E+14
6.5098	5.72654E+14
6.5297	5.78713E+14
6.5496	5.84739E+14
6.5695	5.90726E+14
6.5894	5.96664E+14
6.6093	6.02544E+14
6.6292	6.08364E+14
6.6491	6.1404E+14
6.669	6.19697E+14
6.6889	6.25282E+14
6.7088	6.30794E+14
6.7287	6.36232E+14
6.7486	6.41589E+14
6.7685	6.46855E+14
6.7884	6.52019E+14
6.8083	6.57076E+14
6.8282	6.62029E+14
6.8481	6.66874E+14
6.868	6.71503E+14
6.8879	6.76074E+14
6.9078	6.80514E+14
6.9277	6.84821E+14
6.9476	6.88999E+14
6.9675	6.93049E+14
6.9874	6.96971E+14
7.0073	7.00756E+14
7.0272	7.04389E+14
7.0471	7.07862E+14
7.067	7.11084E+14
7.0869	7.14192E+14
7.1068	7.17135E+14
7.1267	7.19913E+14
7.1466	7.22523E+14
7.1665	7.24954E+14
7.1864	7.27201E+14
7.2063	7.29269E+14
7.2262	7.31165E+14
7.2461	7.32889E+14
7.266	7.34434E+14
7.2859	7.35696E+14
7.3058	7.36837E+14
7.3257	7.37789E+14
7.3456	7.38543E+14
7.3655	7.39098E+14
7.3854	7.3946E+14
7.4053	7.39643E+14
7.4252	7.39649E+14
7.4451	7.39479E+14
7.465	7.3914E+14
7.4849	7.38556E+14
7.5048	7.37854E+14
7.5247	7.3699E+14
7.5446	7.35977E+14
7.5645	7.34827E+14
7.5844	7.33541E+14
7.6043	7.32117E+14
7.6242	7.30566E+14
7.6441	7.28905E+14
7.664	7.27139E+14
7.6839	7.25262E+14
7.7038	7.23178E+14
7.7237	7.21074E+14
7.7436	7.18911E+14
7.7635	7.16705E+14
7.7834	7.14469E+14
7.8033	7.12221E+14
7.8232	7.09987E+14
7.8431	7.07788E+14
7.863	7.05636E+14
7.8829	7.03538E+14
7.9028	7.01409E+14
7.9227	6.99434E+14
7.9426	6.9759E+14
7.9625	6.95911E+14
7.9824	6.94425E+14
8.0023	6.93161E+14
8.0222	6.92158E+14
8.0421	6.91456E+14
8.062	6.91093E+14
8.0819	6.91013E+14
8.1018	6.91437E+14
8.1217	6.92279E+14
8.1416	6.93576E+14
8.1615	6.9534E+14
8.1814	6.97493E+14
8.2013	7.00379E+14
8.2212	7.04135E+14
8.2411	7.08457E+14
8.261	7.13422E+14
8.2809	7.1951E+14
8.3008	7.26632E+14
8.3207	7.34329E+14
8.3406	7.43107E+14
8.3605	7.53428E+14
8.3804	7.64848E+14
8.4003	7.77114E+14
8.4202	7.9106E+14
8.4401	8.06925E+14
8.46	8.23788E+14
8.4799	8.41887E+14
8.4998	8.62501E+14
8.5197	8.84967E+14
8.5396	9.07935E+14
8.5595	9.33245E+14
8.5794	9.61376E+14
8.5993	9.87266E+14
8.6192	1.01055E+15
8.6391	1.04408E+15
8.659	1.09057E+15
8.6789	1.11128E+15
8.6988	1.04943E+15
8.7187	9.00775E+14
8.7386	7.36637E+14
8.7585	6.35816E+14
8.7784	6.09571E+14
8.7983	6.13437E+14
8.8182	6.12555E+14
8.8381	6.07676E+14
8.858	6.08172E+14
8.8779	6.11329E+14
8.8978	6.12043E+14
8.9177	6.12323E+14
8.9376	6.14643E+14
8.9575	6.1696E+14
8.9774	6.18099E+14
8.9973	6.1957E+14
9.0172	6.21909E+14
9.0371	6.23792E+14
9.057	6.2511E+14
9.0769	6.26877E+14
9.0968	6.28906E+14
9.1167	6.3043E+14
9.1366	6.31787E+14
9.1565	6.33412E+14
9.1764	6.35013E+14
9.1963	6.36216E+14
9.2162	6.37454E+14
9.2361	6.38916E+14
9.256	6.40135E+14
9.2759	6.41096E+14
9.2958	6.42213E+14
9.3157	6.43383E+14
9.3356	6.44488E+14
9.3555	6.45529E+14
9.3754	6.46407E+14
9.3953	6.47287E+14
9.4152	6.48108E+14
9.4351	6.48877E+14
9.455	6.49597E+14
9.4749	6.50266E+14
9.4948	6.5088E+14
9.5147	6.51443E+14
9.5346	6.51961E+14
9.5545	6.52441E+14
9.5744	6.52796E+14
9.5943	6.53163E+14
9.6142	6.53495E+14
9.6341	6.53802E+14
9.654	6.54091E+14
9.6739	6.54363E+14
9.6938	6.54625E+14
9.7137	6.54888E+14
9.7336	6.55153E+14
9.7535	6.55412E+14
9.7734	6.55658E+14
9.7933	6.5579E+14
9.8132	6.55995E+14
9.8331	6.56217E+14
9.853	6.56461E+14
9.8729	6.56733E+14
9.8928	6.57034E+14
9.9127	6.57372E+14
9.9326	6.57758E+14
9.9525	6.582E+14
9.9724	6.58704E+14
9.9923	6.59177E+14
10.0122	6.5978E+14
10.0321	6.60461E+14
10.052	6.6123E+14
10.0719	6.62091E+14
10.0918	6.63049E+14
10.1117	6.64116E+14
10.1316	6.653E+14
10.1515	6.66611E+14
10.1714	6.68052E+14
10.1913	6.69541E+14
10.2112	6.71215E+14
10.2311	6.73034E+14
10.251	6.75009E+14
10.2709	6.77149E+14
10.2908	6.79461E+14
10.3107	6.81952E+14
10.3306	6.84625E+14
10.3505	6.87486E+14
10.3704	6.90544E+14
10.3903	6.93806E+14
10.4102	6.97162E+14
10.4301	7.00803E+14
10.45	7.0466E+14
10.4699	7.08734E+14
10.4898	7.1302E+14
10.5097	7.17519E+14
10.5296	7.22241E+14
10.5495	7.27202E+14
10.5694	7.32404E+14
10.5893	7.37839E+14
10.6092	7.43394E+14
10.6291	7.4923E+14
10.649	7.55287E+14
10.6689	7.61563E+14
10.6888	7.68046E+14
10.7087	7.74734E+14
10.7286	7.81625E+14
10.7485	7.88709E+14
10.7684	7.95965E+14
10.7883	8.03373E+14
10.8082	8.10927E+14
10.8281	8.18501E+14
10.848	8.26272E+14
10.8679	8.34118E+14
10.8878	8.42004E+14
10.9077	8.49913E+14
10.9276	8.57829E+14
10.9475	8.6572E+14
10.9674	8.73542E+14
10.9873	8.81201E+14
11.0072	8.88762E+14
11.0271	8.96124E+14
11.047	9.03195E+14
11.0669	9.0997E+14
11.0868	9.16391E+14
11.1067	9.22409E+14
11.1266	9.27941E+14
11.1465	9.32916E+14
11.1664	9.37271E+14
11.1863	9.4091E+14
11.2062	9.43732E+14
11.2261	9.45675E+14
11.246	9.4657E+14
11.2659	9.46376E+14
11.2858	9.44918E+14
11.3057	9.42144E+14
11.3256	9.37904E+14
11.3455	9.31966E+14
11.3654	9.24277E+14
11.3853	9.14812E+14
11.4052	9.03197E+14
11.4251	8.89084E+14
11.445	8.72701E+14
11.4649	8.54204E+14
11.4848	8.32039E+14
11.5047	8.04729E+14
11.5246	7.74189E+14
11.5445	7.44644E+14
11.5644	7.16605E+14
11.5843	6.85189E+14
11.6042	6.47865E+14
11.6241	6.11602E+14
11.644	5.87684E+14
11.6639	5.79633E+14
11.6838	5.80572E+14
11.7037	5.81812E+14
11.7236	5.81001E+14
11.7435	5.80218E+14
11.7634	5.805E+14
11.7833	5.80962E+14
11.8032	5.81141E+14
11.8231	5.81488E+14
11.843	5.8214E+14
11.8629	5.82694E+14
11.8828	5.83226E+14
11.9027	5.8391E+14
11.9226	5.84727E+14
11.9425	5.85531E+14
11.9624	5.86371E+14
11.9823	5.87339E+14
12.0022	5.88375E+14
12.0221	5.89426E+14
12.042	5.90557E+14
12.0619	5.91797E+14
12.0818	5.92998E+14
12.1017	5.94299E+14
12.1216	5.95688E+14
12.1415	5.9718E+14
12.1614	5.98716E+14
12.1813	6.00306E+14
12.2012	6.02017E+14
12.2211	6.03794E+14
12.241	6.05633E+14
12.2609	6.07536E+14
12.2808	6.09429E+14
12.3007	6.11444E+14
12.3206	6.13537E+14
12.3405	6.1571E+14
12.3604	6.17961E+14
12.3803	6.20287E+14
12.4002	6.22688E+14
12.4201	6.25171E+14
12.44	6.27743E+14
12.4599	6.30403E+14
12.4798	6.33145E+14
12.4997	6.35859E+14
12.5196	6.38721E+14
12.5395	6.41664E+14
12.5594	6.44685E+14
12.5793	6.47781E+14
12.5992	6.50949E+14
12.6191	6.54189E+14
12.639	6.57504E+14
12.6589	6.60895E+14
12.6788	6.6436E+14
12.6987	6.67799E+14
12.7186	6.71356E+14
12.7385	6.7497E+14
12.7584	6.78639E+14
12.7783	6.82359E+14
12.7982	6.86139E+14
12.8181	6.89984E+14
12.838	6.93885E+14
12.8579	6.97816E+14
12.8778	7.01758E+14
12.8977	7.05709E+14
12.9176	7.09562E+14
12.9375	7.13508E+14
12.9574	7.17462E+14
12.9773	7.21416E+14
12.9972	7.25361E+14
13.0171	7.29289E+14
13.037	7.33195E+14
13.0569	7.37078E+14
13.0768	7.40933E+14
13.0967	7.44746E+14
13.1166	7.48398E+14
13.1365	7.52027E+14
13.1564	7.55567E+14
13.1763	7.59019E+14
13.1962	7.62379E+14
13.2161	7.65636E+14
13.236	7.68774E+14
13.2559	7.71781E+14
13.2758	7.74646E+14
13.2957	7.77357E+14
13.3156	7.79897E+14
13.3355	7.82147E+14
13.3554	7.84278E+14
13.3753	7.86212E+14
13.3952	7.8794E+14
13.4151	7.89448E+14
13.435	7.90722E+14
13.4549	7.9175E+14
13.4748	7.92523E+14
13.4947	7.9303E+14
13.5146	7.93261E+14
13.5345	7.93118E+14
13.5544	7.92727E+14
13.5743	7.9203E+14
13.5942	7.91021E+14
13.6141	7.89697E+14
13.634	7.88063E+14
13.6539	7.86118E+14
13.6738	7.83859E+14
13.6937	7.81279E+14
13.7136	7.78378E+14
13.7335	7.75163E+14
13.7534	7.71536E+14
13.7733	7.67674E+14
13.7932	7.6352E+14
13.8131	7.59093E+14
13.833	7.54419E+14
13.8529	7.49523E+14
13.8728	7.44424E+14
13.8927	7.39094E+14
13.9126	7.33648E+14
13.9325	7.28084E+14
13.9524	7.22407E+14
13.9723	7.16675E+14
13.9922	7.10831E+14
14.0121	7.05105E+14
14.032	6.99668E+14
14.0519	6.94359E+14
14.0718	6.89204E+14
14.0917	6.84582E+14
14.1116	6.80561E+14
14.1315	6.76909E+14
14.1514	6.73873E+14
14.1713	6.71825E+14
14.1912	6.7077E+14
14.2111	6.70476E+14
14.231	6.71565E+14
14.2509	6.74447E+14
14.2708	6.7864E+14
14.2907	6.84252E+14
14.3106	6.92333E+14
14.3305	7.02834E+14
14.3504	7.14942E+14
14.3703	7.29617E+14
14.3902	7.47859E+14
14.4101	7.66635E+14
14.43	7.85034E+14
14.4499	8.11731E+14
14.4698	8.51632E+14
14.4897	8.81853E+14
14.5096	8.61017E+14
14.5295	7.76965E+14
14.5494	6.7156E+14
14.5693	6.01134E+14
14.5892	5.80922E+14
14.6091	5.84254E+14
14.629	5.85282E+14
14.6489	5.82534E+14
14.6688	5.83106E+14
14.6887	5.86102E+14
14.7086	5.87599E+14
14.7285	5.88483E+14
14.7484	5.90791E+14
14.7683	5.93452E+14
14.7882	5.95191E+14
14.8081	5.97111E+14
14.828	5.99747E+14
14.8479	6.02209E+14
14.8678	6.04235E+14
14.8877	6.06548E+14
14.9076	6.09166E+14
14.9275	6.11516E+14
14.9474	6.13722E+14
14.9673	6.16202E+14
14.9872	6.18655E+14
15.0071	6.20894E+14
15.027	6.23136E+14
15.0469	6.2557E+14
15.0668	6.27893E+14
15.0867	6.30016E+14
15.1066	6.32231E+14
15.1265	6.34511E+14
15.1464	6.36751E+14
15.1663	6.38944E+14
15.1862	6.4109E+14
15.2061	6.43101E+14
15.226	6.45117E+14
15.2459	6.47074E+14
15.2658	6.48966E+14
15.2857	6.50791E+14
15.3056	6.52548E+14
15.3255	6.54237E+14
15.3454	6.55857E+14
15.3653	6.57404E+14
15.3852	6.58872E+14
15.4051	6.60184E+14
15.425	6.61449E+14
15.4449	6.62625E+14
15.4648	6.6371E+14
15.4847	6.64702E+14
15.5046	6.656E+14
15.5245	6.66397E+14
15.5444	6.67094E+14
15.5643	6.67689E+14
15.5842	6.68182E+14
15.6041	6.6857E+14
15.624	6.68764E+14
15.6439	6.68899E+14
15.6638	6.68922E+14
15.6837	6.68836E+14
15.7036	6.6864E+14
15.7235	6.68331E+14
15.7434	6.67906E+14
15.7633	6.67366E+14
15.7832	6.66715E+14
15.8031	6.65959E+14
15.823	6.65029E+14
15.8429	6.64032E+14
15.8628	6.62934E+14
15.8827	6.61739E+14
15.9026	6.60453E+14
15.9225	6.59079E+14
15.9424	6.57628E+14
15.9623	6.56111E+14
15.9822	6.54532E+14
16.0021	6.52885E+14
16.022	6.51166E+14
16.0419	6.493E+14
16.0618	6.47446E+14
16.0817	6.45563E+14
16.1016	6.4366E+14
16.1215	6.41743E+14
16.1414	6.39822E+14
16.1613	6.3791E+14
16.1812	6.3602E+14
16.2011	6.34164E+14
16.221	6.3236E+14
16.2409	6.30544E+14
16.2608	6.28851E+14
16.2807	6.2725E+14
16.3006	6.25757E+14
16.3205	6.24393E+14
16.3404	6.23177E+14
16.3603	6.22125E+14
16.3802	6.21256E+14
16.4001	6.20584E+14
16.42	6.20123E+14
16.4399	6.1989E+14
16.4598	6.198E+14
16.4797	6.20046E+14
16.4996	6.20575E+14
16.5195	6.21406E+14
16.5394	6.22556E+14
16.5593	6.24044E+14
16.5792	6.25888E+14
16.5991	6.28099E+14
16.619	6.30684E+14
16.6389	6.33658E+14
16.6588	6.36939E+14
16.6787	6.40685E+14
16.6986	6.44846E+14
16.7185	6.49426E+14
16.7384	6.54428E+14
16.7583	6.5985E+14
16.7782	6.65678E+14
16.7981	6.71868E+14
16.818	6.78463E+14
16.8379	6.85433E+14
16.8578	6.92705E+14
16.8777	7.00283E+14
16.8976	7.08141E+14
16.9175	7.16254E+14
16.9374	7.24552E+14
16.9573	7.32961E+14
16.9772	7.4142E+14
16.9971	7.4984E+14
17.017	7.58115E+14
17.0369	7.66171E+14
17.0568	7.73921E+14
17.0767	7.81126E+14
17.0966	7.87726E+14
17.1165	7.93585E+14
17.1364	7.98521E+14
17.1563	8.0224E+14
17.1762	8.04577E+14
17.1961	8.05443E+14
17.216	8.04433E+14
17.2359	8.01059E+14
17.2558	7.954E+14
17.2757	7.87476E+14
17.2956	7.75757E+14
17.3155	7.58575E+14
17.3354	7.3705E+14
17.3553	7.15055E+14
17.3752	6.93537E+14
17.3951	6.67894E+14
17.415	6.34781E+14
17.4349	6.00106E+14
17.4548	5.75516E+14
17.4747	5.66382E+14
17.4946	5.66961E+14
17.5145	5.68547E+14
17.5344	5.67935E+14
17.5543	5.66966E+14
17.5742	5.66962E+14
17.5941	5.67159E+14
17.614	5.66957E+14
17.6339	5.66769E+14
17.6538	5.66829E+14
17.6737	5.66824E+14
17.6936	5.66649E+14
17.7135	5.6643E+14
17.7334	5.66319E+14
17.7533	5.66107E+14
17.7732	5.65817E+14
17.7931	5.6555E+14
17.813	5.65264E+14
17.8329	5.6489E+14
17.8528	5.64484E+14
17.8727	5.64086E+14
17.8926	5.63644E+14
17.9125	5.63076E+14
17.9324	5.62537E+14
17.9523	5.62005E+14
17.9722	5.61428E+14
17.9921	5.60795E+14
18.012	5.60178E+14
18.0319	5.59543E+14
18.0518	5.58885E+14
18.0717	5.58219E+14
18.0916	5.57553E+14
18.1115	5.56884E+14
18.1314	5.56119E+14
18.1513	5.55388E+14
18.1712	5.54649E+14
18.1911	5.53916E+14
18.211	5.53195E+14
18.2309	5.52485E+14
18.2508	5.51791E+14
18.2707	5.51122E+14
18.2906	5.50486E+14
18.3105	5.49885E+14
18.3304	5.49252E+14
18.3503	5.48702E+14
18.3702	5.48197E+14
18.3901	5.47743E+14
18.41	5.47343E+14
18.4299	5.47004E+14
18.4498	5.46738E+14
18.4697	5.4655E+14
18.4896	5.46445E+14
18.5095	5.46424E+14
18.5294	5.46493E+14
18.5493	5.46569E+14
18.5692	5.46807E+14
18.5891	5.47154E+14
18.609	5.47613E+14
18.6289	5.48193E+14
18.6488	5.48895E+14
18.6687	5.49723E+14
18.6886	5.50676E+14
18.7085	5.51762E+14
18.7284	5.52986E+14
18.7483	5.54273E+14
18.7682	5.55754E+14
18.7881	5.5738E+14
18.808	5.5915E+14
18.8279	5.61068E+14
18.8478	5.63138E+14
18.8677	5.65364E+14
18.8876	5.67745E+14
18.9075	5.70275E+14
18.9274	5.72952E+14
18.9473	5.75774E+14
18.9672	5.78637E+14
18.9871	5.81707E+14
19.007	5.84909E+14
19.0269	5.88236E+14
19.0468	5.91684E+14
19.0667	5.95249E+14
19.0866	5.98923E+14
19.1065	6.02699E+14
19.1264	6.06573E+14
19.1463	6.1054E+14
19.1662	6.14502E+14
19.1861	6.18571E+14
19.206	6.22665E+14
19.2259	6.26768E+14
19.2458	6.30871E+14
19.2657	6.34965E+14
19.2856	6.3903E+14
19.3055	6.43048E+14
19.3254	6.47001E+14
19.3453	6.50868E+14
19.3652	6.54623E+14
19.3851	6.58144E+14
19.405	6.61565E+14
19.4249	6.64796E+14
19.4448	6.67816E+14
19.4647	6.70599E+14
19.4846	6.73123E+14
19.5045	6.7536E+14
19.5244	6.77283E+14
19.5443	6.78867E+14
19.5642	6.80091E+14
19.5841	6.8086E+14
19.604	6.81268E+14
19.6239	6.81245E+14
19.6438	6.80776E+14
19.6637	6.79845E+14
19.6836	6.78438E+14
19.7035	6.76524E+14
19.7234	6.74132E+14
19.7433	6.71259E+14
19.7632	6.67864E+14
19.7831	6.63962E+14
19.803	6.5946E+14
19.8229	6.5448E+14
19.8428	6.49164E+14
19.8627	6.43408E+14
19.8826	6.37179E+14
19.9025	6.30733E+14
19.9224	6.24172E+14
19.9423	6.17337E+14
19.9622	6.10361E+14
19.9821	6.03628E+14
20.002	5.97067E+14
20.0219	5.90649E+14
20.0418	5.84772E+14
20.0617	5.7989E+14
20.0816	5.758E+14
20.1015	5.72552E+14
20.1214	5.70992E+14
20.1413	5.71401E+14
20.1612	5.73347E+14
20.1811	5.77568E+14
20.201	5.85034E+14
20.2209	5.94195E+14
20.2408	6.04017E+14
20.2607	6.20378E+14
20.2806	6.48729E+14
20.3005	6.759E+14
20.3204	6.71807E+14
20.3403	6.21736E+14
20.3602	5.49692E+14
20.3801	4.96379E+14
20.4	4.77916E+14
20.4199	4.78272E+14
20.4398	4.78103E+14
20.4597	4.74595E+14
20.4796	4.73035E+14
20.4995	4.73586E+14
20.5194	4.73273E+14
20.5393	4.72302E+14
20.5592	4.72313E+14
20.5791	4.72788E+14
20.599	4.72709E+14
20.6189	4.72573E+14
20.6388	4.73048E+14
20.6587	4.73551E+14
20.6786	4.73769E+14
20.6985	4.74194E+14
20.7184	4.74942E+14
20.7383	4.75595E+14
20.7582	4.76171E+14
20.7781	4.77E+14
20.798	4.77982E+14
20.8179	4.78867E+14
20.8378	4.7973E+14
20.8577	4.80863E+14
20.8776	4.82044E+14
20.8975	4.83151E+14
20.9174	4.8439E+14
20.9373	4.85783E+14
20.9572	4.87247E+14
20.9771	4.88779E+14
20.997	4.90373E+14
21.0169	4.9203E+14
21.0368	4.93687E+14
21.0567	4.95447E+14
21.0766	4.9727E+14
21.0965	4.99154E+14
21.1164	5.01094E+14
21.1363	5.03089E+14
21.1562	5.05134E+14
21.1761	5.07227E+14
21.196	5.09366E+14
21.2159	5.11547E+14
21.2358	5.13767E+14
21.2557	5.15942E+14
21.2756	5.18193E+14
21.2955	5.20465E+14
21.3154	5.22751E+14
21.3353	5.25047E+14
21.3552	5.27348E+14
21.3751	5.29651E+14
21.395	5.31951E+14
21.4149	5.34242E+14
21.4348	5.36516E+14
21.4547	5.38699E+14
21.4746	5.40888E+14
21.4945	5.43036E+14
21.5144	5.45139E+14
21.5343	5.47184E+14
21.5542	5.49166E+14
21.5741	5.51085E+14
21.594	5.52939E+14
21.6139	5.54719E+14
21.6338	5.564E+14
21.6537	5.57962E+14
21.6736	5.59325E+14
21.6935	5.60615E+14
21.7134	5.61784E+14
21.7333	5.62826E+14
21.7532	5.6373E+14
21.7731	5.64491E+14
21.793	5.65101E+14
21.8129	5.65553E+14
21.8328	5.65841E+14
21.8527	5.6596E+14
21.8726	5.65848E+14
21.8925	5.65594E+14
21.9124	5.65159E+14
21.9323	5.64541E+14
21.9522	5.6374E+14
21.9721	5.62759E+14
21.992	5.61596E+14
22.0119	5.60249E+14
22.0318	5.5872E+14
22.0517	5.57011E+14
22.0716	5.5513E+14
22.0915	5.53012E+14
22.1114	5.5078E+14
22.1313	5.48396E+14
22.1512	5.45872E+14
22.1711	5.4322E+14
22.191	5.40452E+14
22.2109	5.37583E+14
22.2308	5.34627E+14
22.2507	5.31602E+14
22.2706	5.28531E+14
22.2905	5.25369E+14
22.3104	5.22243E+14
22.3303	5.19137E+14
22.3502	5.16077E+14
22.3701	5.13094E+14
22.39	5.10216E+14
22.4099	5.0747E+14
22.4298	5.04887E+14
22.4497	5.02499E+14
22.4696	5.0034E+14
22.4895	4.98442E+14
22.5094	4.96749E+14
22.5293	4.95439E+14
22.5492	4.94487E+14
22.5691	4.93926E+14
22.589	4.93787E+14
22.6089	4.94084E+14
22.6288	4.9486E+14
22.6487	4.96153E+14
22.6686	4.97937E+14
22.6885	5.00295E+14
22.7084	5.03131E+14
22.7283	5.06576E+14
22.7482	5.10595E+14
22.7681	5.15175E+14
22.788	5.20302E+14
22.8079	5.25926E+14
22.8278	5.31978E+14
22.8477	5.38424E+14
22.8676	5.45227E+14
22.8875	5.52266E+14
22.9074	5.59402E+14
22.9273	5.66489E+14
22.9472	5.73498E+14
22.9671	5.80119E+14
22.987	5.86153E+14
23.0069	5.91488E+14
23.0268	5.95758E+14
23.0467	5.98435E+14
23.0666	5.99406E+14
23.0865	5.98633E+14
23.1064	5.94942E+14
23.1263	5.86522E+14
23.1462	5.73817E+14
23.1661	5.59539E+14
23.186	5.44558E+14
23.2059	5.25261E+14
23.2258	4.98638E+14
23.2457	4.69311E+14
23.2656	4.47478E+14
23.2855	4.38841E+14
23.3054	4.39492E+14
23.3253	4.41833E+14
23.3452	4.42427E+14
23.3651	4.42627E+14
23.385	4.43648E+14
23.4049	4.4497E+14
23.4248	4.46012E+14
23.4447	4.47057E+14
23.4646	4.4834E+14
23.4845	4.49625E+14
23.5044	4.50794E+14
23.5243	4.52007E+14
23.5442	4.53235E+14
23.5641	4.54441E+14
23.584	4.55585E+14
23.6039	4.56754E+14
23.6238	4.57918E+14
23.6437	4.59011E+14
23.6636	4.60065E+14
23.6835	4.61118E+14
23.7034	4.62128E+14
23.7233	4.63072E+14
23.7432	4.63984E+14
23.7631	4.64798E+14
23.783	4.65601E+14
23.8029	4.66317E+14
23.8228	4.67004E+14
23.8427	4.6764E+14
23.8626	4.68204E+14
23.8825	4.68697E+14
23.9024	4.69118E+14
23.9223	4.69465E+14
23.9422	4.69737E+14
23.9621	4.69872E+14
23.982	4.69961E+14
24.0019	4.69968E+14
24.0218	4.69893E+14
24.0417	4.69735E+14
24.0616	4.69494E+14
24.0815	4.69181E+14
24.1014	4.68806E+14
24.1213	4.68367E+14
24.1412	4.67843E+14
24.1611	4.67219E+14
24.181	4.66432E+14
24.2009	4.65605E+14
24.2208	4.64704E+14
24.2407	4.63729E+14
24.2606	4.62683E+14
24.2805	4.61572E+14
24.3004	4.60401E+14
24.3203	4.5917E+14
24.3402	4.57885E+14
24.3601	4.56551E+14
24.38	4.55119E+14
24.3999	4.53684E+14
24.4198	4.52217E+14
24.4397	4.50722E+14
24.4596	4.49209E+14
24.4795	4.47684E+14
24.4994	4.46156E+14
24.5193	4.44634E+14
24.5392	4.43127E+14
24.5591	4.41645E+14
24.579	4.4015E+14
24.5989	4.38726E+14
24.6188	4.37356E+14
24.6387	4.36048E+14
24.6586	4.34811E+14
24.6785	4.33655E+14
24.6984	4.32591E+14
24.7183	4.31631E+14
24.7382	4.30787E+14
24.7581	4.30068E+14
24.778	4.29484E+14
24.7979	4.28976E+14
24.8178	4.28661E+14
24.8377	4.28512E+14
24.8576	4.28541E+14
24.8775	4.28757E+14
24.8974	4.29163E+14
24.9173	4.29763E+14
24.9372	4.30563E+14
24.9571	4.3157E+14
24.977	4.32789E+14
24.9969	4.34168E+14
25.0168	4.35797E+14
25.0367	4.37643E+14
25.0566	4.39706E+14
25.0765	4.41986E+14
25.0964	4.44477E+14
25.1163	4.47174E+14
25.1362	4.50072E+14
25.1561	4.53166E+14
25.176	4.56443E+14
25.1959	4.59885E+14
25.2158	4.63415E+14
25.2357	4.6714E+14
25.2556	4.71001E+14
25.2755	4.74963E+14
25.2954	4.78982E+14
25.3153	4.83023E+14
25.3352	4.87068E+14
25.3551	4.91097E+14
25.375	4.95084E+14
25.3949	4.98995E+14
25.4148	5.0274E+14
25.4347	5.06357E+14
25.4546	5.09775E+14
25.4745	5.12954E+14
25.4944	5.15858E+14
25.5143	5.18448E+14
25.5342	5.20672E+14
25.5541	5.22523E+14
25.574	5.23924E+14
25.5939	5.2488E+14
25.6138	5.25254E+14
25.6337	5.25021E+14
25.6536	5.24337E+14
25.6735	5.23066E+14
25.6934	5.21112E+14
25.7133	5.18602E+14
25.7332	5.15608E+14
25.7531	5.11984E+14
25.773	5.07758E+14
25.7929	5.03193E+14
25.8128	4.98317E+14
25.8327	4.92947E+14
25.8526	4.87405E+14
25.8725	4.82057E+14
25.8924	4.76841E+14
25.9123	4.71768E+14
25.9322	4.67485E+14
25.9521	4.644E+14
25.972	4.62309E+14
25.9919	4.61729E+14
26.0118	4.63675E+14
26.0317	4.67403E+14
26.0516	4.72005E+14
26.0715	4.81581E+14
26.0914	5.01338E+14
26.1113	5.24213E+14
26.1312	5.28629E+14
26.1511	5.0001E+14
26.171	4.51237E+14
26.1909	4.11512E+14
26.2108	3.9598E+14
26.2307	3.95595E+14
26.2506	3.95648E+14
26.2705	3.92832E+14
26.2904	3.90967E+14
26.3103	3.90795E+14
26.3302	3.90105E+14
26.3501	3.88705E+14
26.37	3.87869E+14
26.3899	3.87427E+14
26.4098	3.86546E+14
26.4297	3.85507E+14
26.4496	3.84827E+14
26.4695	3.84124E+14
26.4894	3.83174E+14
26.5093	3.82268E+14
26.5292	3.81563E+14
26.5491	3.80768E+14
26.569	3.79846E+14
26.5889	3.79063E+14
26.6088	3.78392E+14
26.6287	3.77611E+14
26.6486	3.76777E+14
26.6685	3.76002E+14
26.6884	3.75278E+14
26.7083	3.74463E+14
26.7282	3.73698E+14
26.7481	3.7303E+14
26.768	3.72401E+14
26.7879	3.71813E+14
26.8078	3.71272E+14
26.8277	3.7078E+14
26.8476	3.7034E+14
26.8675	3.69956E+14
26.8874	3.69575E+14
26.9073	3.69294E+14
26.9272	3.69081E+14
26.9471	3.68941E+14
26.967	3.68875E+14
26.9869	3.68889E+14
27.0068	3.68985E+14
27.0267	3.69167E+14
27.0466	3.69442E+14
27.0665	3.69812E+14
27.0864	3.70229E+14
27.1063	3.70771E+14
27.1262	3.71411E+14
27.1461	3.72151E+14
27.166	3.72993E+14
27.1859	3.73938E+14
27.2058	3.74985E+14
27.2257	3.76136E+14
27.2456	3.77393E+14
27.2655	3.78754E+14
27.2854	3.80219E+14
27.3053	3.8172E+14
27.3252	3.83361E+14
27.3451	3.85098E+14
27.365	3.86926E+14
27.3849	3.88839E+14
27.4048	3.90833E+14
27.4247	3.92904E+14
27.4446	3.95046E+14
27.4645	3.97254E+14
27.4844	3.99519E+14
27.5043	4.01781E+14
27.5242	4.04119E+14
27.5441	4.06492E+14
27.564	4.08889E+14
27.5839	4.11299E+14
27.6038	4.13712E+14
27.6237	4.16118E+14
27.6436	4.18505E+14
27.6635	4.20861E+14
27.6834	4.23173E+14
27.7033	4.25428E+14
27.7232	4.27552E+14
27.7431	4.29638E+14
27.763	4.31632E+14
27.7829	4.33519E+14
27.8028	4.35287E+14
27.8227	4.36925E+14
27.8426	4.3842E+14
27.8625	4.39754E+14
27.8824	4.40922E+14
27.9023	4.41927E+14
27.9222	4.42718E+14
27.9421	4.43348E+14
27.962	4.43752E+14
27.9819	4.43911E+14
28.0018	4.43831E+14
28.0217	4.43522E+14
28.0416	4.42984E+14
28.0615	4.42212E+14
28.0814	4.41205E+14
28.1013	4.39967E+14
28.1212	4.385E+14
28.1411	4.36749E+14
28.161	4.34822E+14
28.1809	4.32693E+14
28.2008	4.30375E+14
28.2207	4.27883E+14
28.2406	4.25237E+14
28.2605	4.2246E+14
28.2804	4.19578E+14
28.3003	4.1662E+14
28.3202	4.13616E+14
28.3401	4.10545E+14
28.36	4.07532E+14
28.3799	4.04586E+14
28.3998	4.01747E+14
28.4197	3.99058E+14
28.4396	3.96553E+14
28.4595	3.94302E+14
28.4794	3.92317E+14
28.4993	3.90672E+14
28.5192	3.89404E+14
28.5391	3.88575E+14
28.559	3.88166E+14
28.5789	3.88286E+14
28.5988	3.88953E+14
28.6187	3.90195E+14
28.6386	3.92005E+14
28.6585	3.94393E+14
28.6784	3.97375E+14
28.6983	4.00909E+14
28.7182	4.04924E+14
28.7381	4.09393E+14
28.758	4.14207E+14
28.7779	4.1924E+14
28.7978	4.24304E+14
28.8177	4.29313E+14
28.8376	4.33991E+14
28.8575	4.37866E+14
28.8774	4.40729E+14
28.8973	4.42509E+14
28.9172	4.42299E+14
28.9371	4.38533E+14
28.957	4.31021E+14
28.9769	4.21482E+14
28.9968	4.10659E+14
29.0167	3.95691E+14
29.0366	3.73916E+14
29.0565	3.48714E+14
29.0764	3.28581E+14
29.0963	3.19089E+14
29.1162	3.179E+14
29.1361	3.1884E+14
29.156	3.18647E+14
29.1759	3.17972E+14
29.1958	3.18008E+14
29.2157	3.18428E+14
29.2356	3.18705E+14
29.2555	3.18992E+14
29.2754	3.19501E+14
29.2953	3.20084E+14
29.3152	3.20637E+14
29.3351	3.21282E+14
29.355	3.22054E+14
29.3749	3.22819E+14
29.3948	3.23625E+14
29.4147	3.24524E+14
29.4346	3.25498E+14
29.4545	3.26495E+14
29.4744	3.27537E+14
29.4943	3.28657E+14
29.5142	3.29826E+14
29.5341	3.3102E+14
29.554	3.32265E+14
29.5739	3.33566E+14
29.5938	3.34858E+14
29.6137	3.36191E+14
29.6336	3.37575E+14
29.6535	3.39E+14
29.6734	3.40442E+14
29.6933	3.41899E+14
29.7132	3.43368E+14
29.7331	3.44842E+14
29.753	3.46319E+14
29.7729	3.47796E+14
29.7928	3.49228E+14
29.8127	3.50671E+14
29.8326	3.52097E+14
29.8525	3.53501E+14
29.8724	3.5488E+14
29.8923	3.56227E+14
29.9122	3.57538E+14
29.9321	3.58804E+14
29.952	3.60022E+14
29.9719	3.61185E+14
29.9918	3.6229E+14
30.0117	3.63283E+14
30.0316	3.64236E+14
30.0515	3.65113E+14
30.0714	3.6591E+14
30.0913	3.66622E+14
30.1112	3.67246E+14
30.1311	3.67775E+14
30.151	3.68207E+14
30.1709	3.68538E+14
30.1908	3.68768E+14
30.2107	3.68856E+14
30.2306	3.68856E+14
30.2505	3.68741E+14
30.2704	3.68512E+14
30.2903	3.68165E+14
30.3102	3.67702E+14
30.3301	3.67124E+14
30.35	3.66432E+14
30.3699	3.65628E+14
30.3898	3.64716E+14
30.4097	3.637E+14
30.4296	3.62535E+14
30.4495	3.61297E+14
30.4694	3.59971E+14
30.4893	3.58578E+14
30.5092	3.57125E+14
30.5291	3.556E+14
30.549	3.53986E+14
30.5689	3.52289E+14
30.5888	3.50533E+14
30.6087	3.48741E+14
30.6286	3.46886E+14
30.6485	3.45036E+14
30.6684	3.43184E+14
30.6883	3.41342E+14
30.7082	3.39524E+14
30.7281	3.37746E+14
30.748	3.36024E+14
30.7679	3.34375E+14
30.7878	3.32813E+14
30.8077	3.3135E+14
30.8276	3.30001E+14
30.8475	3.2873E+14
30.8674	3.27636E+14
30.8873	3.26701E+14
30.9072	3.25941E+14
30.9271	3.2537E+14
30.947	3.24996E+14
30.9669	3.24831E+14
30.9868	3.24886E+14
31.0067	3.25173E+14
31.0266	3.25698E+14
31.0465	3.26422E+14
31.0664	3.27415E+14
31.0863	3.28651E+14
31.1062	3.30128E+14
31.1261	3.31841E+14
31.146	3.33782E+14
31.1659	3.35941E+14
31.1858	3.38304E+14
31.2057	3.40852E+14
31.2256	3.43565E+14
31.2455	3.46418E+14
31.2654	3.49338E+14
31.2853	3.52371E+14
31.3052	3.55451E+14
31.3251	3.5854E+14
31.345	3.61593E+14
31.3649	3.64576E+14
31.3848	3.67425E+14
31.4047	3.70105E+14
31.4246	3.72507E+14
31.4445	3.74595E+14
31.4644	3.76361E+14
31.4843	3.77764E+14
31.5042	3.78662E+14
31.5241	3.79087E+14
31.544	3.79067E+14
31.5639	3.78458E+14
31.5838	3.77195E+14
31.6037	3.75421E+14
31.6236	3.73154E+14
31.6435	3.70241E+14
31.6634	3.66791E+14
31.6833	3.63046E+14
31.7032	3.59065E+14
31.7231	3.54768E+14
31.743	3.50593E+14
31.7629	3.46959E+14
31.7828	3.43809E+14
31.8027	3.41484E+14
31.8226	3.40874E+14
31.8425	3.41791E+14
31.8624	3.43592E+14
31.8823	3.48862E+14
31.9022	3.62205E+14
31.9221	3.80444E+14
31.942	3.88738E+14
31.9619	3.74169E+14
31.9818	3.42549E+14
32.0017	3.14182E+14
32.0216	3.02309E+14
32.0415	3.02497E+14
32.0614	3.03952E+14
32.0813	3.03132E+14
32.1012	3.02605E+14
32.1211	3.03448E+14
32.141	3.04073E+14
32.1609	3.04068E+14
32.1808	3.04363E+14
32.2007	3.05002E+14
32.2206	3.05337E+14
32.2405	3.05459E+14
32.2604	3.05793E+14
32.2803	3.06161E+14
32.3002	3.06247E+14
32.3201	3.06302E+14
32.34	3.06467E+14
32.3599	3.06543E+14
32.3798	3.06447E+14
32.3997	3.06355E+14
32.4196	3.06287E+14
32.4395	3.06088E+14
32.4594	3.05784E+14
32.4793	3.05494E+14
32.4992	3.05172E+14
32.5191	3.04664E+14
32.539	3.04124E+14
32.5589	3.03581E+14
32.5788	3.02983E+14
32.5987	3.02331E+14
32.6186	3.01629E+14
32.6385	3.00877E+14
32.6584	3.00078E+14
32.6783	2.99234E+14
32.6982	2.9835E+14
32.7181	2.97395E+14
32.738	2.96428E+14
32.7579	2.95429E+14
32.7778	2.94406E+14
32.7977	2.9336E+14
32.8176	2.92299E+14
32.8375	2.91228E+14
32.8574	2.90152E+14
32.8773	2.89076E+14
32.8972	2.88006E+14
32.9171	2.86949E+14
32.937	2.85865E+14
32.9569	2.84833E+14
32.9768	2.83841E+14
32.9967	2.82911E+14
33.0166	2.8205E+14
33.0365	2.81241E+14
33.0564	2.80465E+14
33.0763	2.79727E+14
33.0962	2.79049E+14
33.1161	2.78451E+14
33.136	2.77899E+14
33.1559	2.77458E+14
33.1758	2.77109E+14
33.1957	2.76858E+14
33.2156	2.76711E+14
33.2355	2.76671E+14
33.2554	2.76746E+14
33.2753	2.76941E+14
33.2952	2.77258E+14
33.3151	2.77697E+14
33.335	2.78262E+14
33.3549	2.78904E+14
33.3748	2.79707E+14
33.3947	2.80639E+14
33.4146	2.81698E+14
33.4345	2.82881E+14
33.4544	2.84186E+14
33.4743	2.8561E+14
33.4942	2.87148E+14
33.5141	2.88795E+14
33.534	2.90545E+14
33.5539	2.9235E+14
33.5738	2.94266E+14
33.5937	2.96258E+14
33.6136	2.98316E+14
33.6335	3.00429E+14
33.6534	3.02586E+14
33.6733	3.04774E+14
33.6932	3.06978E+14
33.7131	3.09184E+14
33.733	3.11376E+14
33.7529	3.1354E+14
33.7728	3.15609E+14
33.7927	3.17647E+14
33.8126	3.19604E+14
33.8325	3.21463E+14
33.8524	3.23208E+14
33.8723	3.24821E+14
33.8922	3.26285E+14
33.9121	3.27585E+14
33.932	3.28707E+14
33.9519	3.29637E+14
33.9718	3.30324E+14
33.9917	3.3082E+14
34.0116	3.31094E+14
34.0315	3.3114E+14
34.0514	3.30956E+14
34.0713	3.30539E+14
34.0912	3.29893E+14
34.1111	3.29024E+14
34.131	3.27941E+14
34.1509	3.26657E+14
34.1708	3.25148E+14
34.1907	3.23491E+14
34.2106	3.21692E+14
34.2305	3.19784E+14
34.2504	3.17793E+14
34.2703	3.1577E+14
34.2902	3.13751E+14
34.3101	3.11803E+14
34.33	3.09976E+14
34.3499	3.08303E+14
34.3698	3.06812E+14
34.3897	3.05522E+14
34.4096	3.0457E+14
34.4295	3.04006E+14
34.4494	3.03862E+14
34.4693	3.04183E+14
34.4892	3.05034E+14
34.5091	3.06437E+14
34.529	3.08378E+14
34.5489	3.1088E+14
34.5688	3.13947E+14
34.5887	3.17454E+14
34.6086	3.21337E+14
34.6285	3.25544E+14
34.6484	3.29907E+14
34.6683	3.34054E+14
34.6882	3.37764E+14
34.7081	3.40974E+14
34.728	3.43007E+14
34.7479	3.42504E+14
34.7678	3.3897E+14
34.7877	3.33551E+14
34.8076	3.26763E+14
34.8275	3.16366E+14
34.8474	2.99707E+14
34.8673	2.78911E+14
34.8872	2.60972E+14
34.9071	2.51353E+14
34.927	2.4902E+14
34.9469	2.48989E+14
34.9668	2.48119E+14
34.9867	2.46697E+14
35.0066	2.45697E+14
35.0265	2.45027E+14
35.0464	2.44214E+14
35.0663	2.43355E+14
35.0862	2.42664E+14
35.1061	2.42035E+14
35.126	2.41353E+14
35.1459	2.40707E+14
35.1658	2.40154E+14
35.1857	2.3962E+14
35.2056	2.39086E+14
35.2255	2.38581E+14
35.2454	2.3816E+14
35.2653	2.3776E+14
35.2852	2.37395E+14
35.3051	2.37102E+14
35.325	2.36866E+14
35.3449	2.36668E+14
35.3648	2.3653E+14
35.3847	2.36466E+14
35.4046	2.36467E+14
35.4245	2.3648E+14
35.4444	2.36593E+14
35.4643	2.3679E+14
35.4842	2.37049E+14
35.5041	2.37377E+14
35.524	2.37777E+14
35.5439	2.38249E+14
35.5638	2.3879E+14
35.5837	2.39402E+14
35.6036	2.40087E+14
35.6235	2.40841E+14
35.6434	2.41623E+14
35.6633	2.42505E+14
35.6832	2.43478E+14
35.7031	2.44543E+14
35.723	2.45675E+14
35.7429	2.46845E+14
35.7628	2.48042E+14
35.7827	2.49281E+14
35.8026	2.5057E+14
35.8225	2.51906E+14
35.8424	2.53249E+14
35.8623	2.54646E+14
35.8822	2.56072E+14
35.9021	2.57523E+14
35.922	2.58992E+14
35.9419	2.60474E+14
35.9618	2.61962E+14
35.9817	2.6345E+14
36.0016	2.64928E+14
36.0215	2.66392E+14
36.0414	2.67834E+14
36.0613	2.69208E+14
36.0812	2.7057E+14
36.1011	2.71887E+14
36.121	2.73152E+14
36.1409	2.74358E+14
36.1608	2.75498E+14
36.1807	2.76563E+14
36.2006	2.77547E+14
36.2205	2.78443E+14
36.2404	2.79242E+14
36.2603	2.79909E+14
36.2802	2.80485E+14
36.3001	2.80949E+14
36.32	2.81296E+14
36.3399	2.81524E+14
36.3598	2.81631E+14
36.3797	2.81614E+14
36.3996	2.81471E+14
36.4195	2.81201E+14
36.4394	2.80802E+14
36.4593	2.80278E+14
36.4792	2.79594E+14
36.4991	2.78813E+14
36.519	2.77918E+14
36.5389	2.76912E+14
36.5588	2.75804E+14
36.5787	2.74601E+14
36.5986	2.73313E+14
36.6185	2.7195E+14
36.6384	2.70525E+14
36.6583	2.69051E+14
36.6782	2.67511E+14
36.6981	2.65968E+14
36.718	2.64417E+14
36.7379	2.62877E+14
36.7578	2.61367E+14
36.7777	2.59899E+14
36.7976	2.58496E+14
36.8175	2.5719E+14
36.8374	2.56011E+14
36.8573	2.54967E+14
36.8772	2.54048E+14
36.8971	2.53214E+14
36.917	2.52552E+14
36.9369	2.52066E+14
36.9568	2.51776E+14
36.9767	2.5169E+14
36.9966	2.51813E+14
37.0165	2.52154E+14
37.0364	2.52715E+14
37.0563	2.53492E+14
37.0762	2.5448E+14
37.0961	2.55641E+14
37.116	2.5701E+14
37.1359	2.58549E+14
37.1558	2.60236E+14
37.1757	2.62053E+14
37.1956	2.63954E+14
37.2155	2.65904E+14
37.2354	2.67837E+14
37.2553	2.69702E+14
37.2752	2.71506E+14
37.2951	2.73174E+14
37.315	2.74549E+14
37.3349	2.75661E+14
37.3548	2.76495E+14
37.3747	2.76922E+14
37.3946	2.76835E+14
37.4145	2.76286E+14
37.4344	2.75266E+14
37.4543	2.73625E+14
37.4742	2.71362E+14
37.4941	2.6865E+14
37.514	2.65444E+14
37.5339	2.6169E+14
37.5538	2.57631E+14
37.5737	2.53607E+14
37.5936	2.49608E+14
37.6135	2.45834E+14
37.6334	2.43028E+14
37.6533	2.4136E+14
37.6732	2.40412E+14
37.6931	2.41806E+14
37.713	2.49188E+14
37.7329	2.61701E+14
37.7528	2.69683E+14
37.7727	2.62506E+14
37.7926	2.41732E+14
37.8125	2.20936E+14
37.8324	2.11072E+14
37.8523	2.10673E+14
37.8722	2.12066E+14
37.8921	2.11859E+14
37.912	2.11665E+14
37.9319	2.12506E+14
37.9518	2.13411E+14
37.9717	2.13868E+14
37.9916	2.14513E+14
38.0115	2.15508E+14
38.0314	2.16385E+14
38.0513	2.17117E+14
38.0712	2.18029E+14
38.0911	2.19068E+14
38.111	2.20009E+14
38.1309	2.20942E+14
38.1508	2.21949E+14
38.1707	2.22953E+14
38.1906	2.23843E+14
38.2105	2.24751E+14
38.2304	2.25719E+14
38.2503	2.26631E+14
38.2702	2.27476E+14
38.2901	2.28344E+14
38.31	2.29217E+14
38.3299	2.29998E+14
38.3498	2.30702E+14
38.3697	2.31427E+14
38.3896	2.32111E+14
38.4095	2.32748E+14
38.4294	2.33336E+14
38.4493	2.33871E+14
38.4692	2.34352E+14
38.4891	2.34773E+14
38.509	2.35131E+14
38.5289	2.35424E+14
38.5488	2.35649E+14
38.5687	2.35773E+14
38.5886	2.35849E+14
38.6085	2.35853E+14
38.6284	2.35785E+14
38.6483	2.35644E+14
38.6682	2.35431E+14
38.6881	2.35144E+14
38.708	2.34785E+14
38.7279	2.34354E+14
38.7478	2.33853E+14
38.7677	2.33255E+14
38.7876	2.32607E+14
38.8075	2.31893E+14
38.8274	2.31119E+14
38.8473	2.30288E+14
38.8672	2.29405E+14
38.8871	2.28474E+14
38.907	2.27499E+14
38.9269	2.26486E+14
38.9468	2.25441E+14
38.9667	2.24348E+14
38.9866	2.23248E+14
39.0065	2.22136E+14
39.0264	2.21017E+14
39.0463	2.19901E+14
39.0662	2.18795E+14
39.0861	2.17708E+14
39.106	2.16647E+14
39.1259	2.15622E+14
39.1458	2.14642E+14
39.1657	2.13714E+14
39.1856	2.12813E+14
39.2055	2.12006E+14
39.2254	2.11293E+14
39.2453	2.10687E+14
39.2652	2.10174E+14
39.2851	2.09739E+14
39.305	2.09383E+14
39.3249	2.09127E+14
39.3448	2.08987E+14
39.3647	2.08967E+14
39.3846	2.09039E+14
39.4045	2.09247E+14
39.4244	2.0958E+14
39.4443	2.10038E+14
39.4642	2.10621E+14
39.4841	2.11327E+14
39.504	2.12153E+14
39.5239	2.13093E+14
39.5438	2.14142E+14
39.5637	2.15291E+14
39.5836	2.16533E+14
39.6035	2.17825E+14
39.6234	2.19206E+14
39.6433	2.20645E+14
39.6632	2.22129E+14
39.6831	2.23641E+14
39.703	2.25168E+14
39.7229	2.26693E+14
39.7428	2.28197E+14
39.7627	2.29664E+14
39.7826	2.31075E+14
39.8025	2.32387E+14
39.8224	2.33619E+14
39.8423	2.34739E+14
39.8622	2.35728E+14
39.8821	2.3657E+14
39.902	2.37252E+14
39.9219	2.3776E+14
39.9418	2.38086E+14
39.9617	2.3822E+14
39.9816	2.3816E+14
40.0015	2.37901E+14
40.0214	2.37412E+14
40.0413	2.36756E+14
40.0612	2.35918E+14
40.0811	2.34929E+14
40.101	2.33794E+14
40.1209	2.32539E+14
40.1408	2.3121E+14
40.1607	2.29851E+14
40.1806	2.28506E+14
40.2005	2.27216E+14
40.2204	2.26023E+14
40.2403	2.25029E+14
40.2602	2.24273E+14
40.2801	2.23811E+14
40.3	2.23726E+14
40.3199	2.24077E+14
40.3398	2.24893E+14
40.3597	2.2623E+14
40.3796	2.28146E+14
40.3995	2.30623E+14
40.4194	2.33615E+14
40.4393	2.37106E+14
40.4592	2.41082E+14
40.4791	2.45285E+14
40.499	2.4953E+14
40.5189	2.53756E+14
40.5388	2.57483E+14
40.5587	2.59604E+14
40.5786	2.59501E+14
40.5985	2.5785E+14
40.6184	2.55086E+14
40.6383	2.49368E+14
40.6582	2.38229E+14
40.6781	2.22738E+14
40.698	2.08415E+14
40.7179	2.00351E+14
40.7378	1.98509E+14
40.7577	1.99013E+14
40.7776	1.98944E+14
40.7975	1.98268E+14
40.8174	1.97854E+14
40.8373	1.977E+14
40.8572	1.97377E+14
40.8771	1.96952E+14
40.897	1.96603E+14
40.9169	1.96268E+14
40.9368	1.95834E+14
40.9567	1.95361E+14
40.9766	1.94907E+14
40.9965	1.94417E+14
41.0164	1.93862E+14
41.0363	1.9329E+14
41.0562	1.92692E+14
41.0761	1.92061E+14
41.096	1.91392E+14
41.1159	1.90716E+14
41.1358	1.90027E+14
41.1557	1.89307E+14
41.1756	1.88574E+14
41.1955	1.87845E+14
41.2154	1.87114E+14
41.2353	1.86361E+14
41.2552	1.85617E+14
41.2751	1.84871E+14
41.295	1.84145E+14
41.3149	1.8343E+14
41.3348	1.82731E+14
41.3547	1.82054E+14
41.3746	1.81402E+14
41.3945	1.80777E+14
41.4144	1.80187E+14
41.4343	1.79649E+14
41.4542	1.79175E+14
41.4741	1.78734E+14
41.494	1.78345E+14
41.5139	1.77987E+14
41.5338	1.77672E+14
41.5537	1.77416E+14
41.5736	1.77224E+14
41.5935	1.77098E+14
41.6134	1.77041E+14
41.6333	1.77055E+14
41.6532	1.77144E+14
41.6731	1.77307E+14
41.693	1.77518E+14
41.7129	1.77825E+14
41.7328	1.7821E+14
41.7527	1.78671E+14
41.7726	1.79208E+14
41.7925	1.79822E+14
41.8124	1.8051E+14
41.8323	1.8127E+14
41.8522	1.82099E+14
41.8721	1.82995E+14
41.892	1.83928E+14
41.9119	1.84935E+14
41.9318	1.85995E+14
41.9517	1.87104E+14
41.9716	1.88255E+14
41.9915	1.89442E+14
42.0114	1.9066E+14
42.0313	1.919E+14
42.0512	1.93155E+14
42.0711	1.94419E+14
42.091	1.95682E+14
42.1109	1.96908E+14
42.1308	1.98135E+14
42.1507	1.99337E+14
42.1706	2.00504E+14
42.1905	2.01627E+14
42.2104	2.02697E+14
42.2303	2.03708E+14
42.2502	2.0465E+14
42.2701	2.05517E+14
42.29	2.06301E+14
42.3099	2.06972E+14
42.3298	2.07563E+14
42.3497	2.08052E+14
42.3696	2.08436E+14
42.3895	2.08712E+14
42.4094	2.08876E+14
42.4293	2.0893E+14
42.4492	2.08874E+14
42.4691	2.08707E+14
42.489	2.08435E+14
42.5089	2.0806E+14
42.5288	2.07557E+14
42.5487	2.06984E+14
42.5686	2.0633E+14
42.5885	2.05604E+14
42.6084	2.04817E+14
42.6283	2.03985E+14
42.6482	2.03121E+14
42.6681	2.02241E+14
42.688	2.01362E+14
42.7079	2.00501E+14
42.7278	1.99649E+14
42.7477	1.98867E+14
42.7676	1.98157E+14
42.7875	1.97539E+14
42.8074	1.97031E+14
42.8273	1.96649E+14
42.8472	1.9641E+14
42.8671	1.96328E+14
42.887	1.96416E+14
42.9069	1.96683E+14
42.9268	1.97135E+14
42.9467	1.97747E+14
42.9666	1.98563E+14
42.9865	1.99569E+14
43.0064	2.00745E+14
43.0263	2.02069E+14
43.0462	2.03507E+14
43.0661	2.05016E+14
43.086	2.06605E+14
43.1059	2.08227E+14
43.1258	2.0978E+14
43.1457	2.11214E+14
43.1656	2.12564E+14
43.1855	2.13719E+14
43.2054	2.14546E+14
43.2253	2.1502E+14
43.2452	2.15112E+14
43.2651	2.14683E+14
43.285	2.13673E+14
43.3049	2.12161E+14
43.3248	2.10116E+14
43.3447	2.07411E+14
43.3646	2.04135E+14
43.3845	2.0057E+14
43.4044	1.96703E+14
43.4243	1.92623E+14
43.4442	1.88872E+14
43.4641	1.85726E+14
43.484	1.82948E+14
43.5039	1.8158E+14
43.5238	1.84502E+14
43.5437	1.92121E+14
43.5636	1.98211E+14
43.5835	1.94443E+14
43.6034	1.80135E+14
43.6233	1.64176E+14
43.6432	1.55319E+14
43.6631	1.53749E+14
43.683	1.541E+14
43.7029	1.53339E+14
43.7228	1.52389E+14
43.7427	1.52245E+14
43.7626	1.52268E+14
43.7825	1.51986E+14
43.8024	1.5179E+14
43.8223	1.51882E+14
43.8422	1.51945E+14
43.8621	1.5191E+14
43.882	1.52021E+14
43.9019	1.52275E+14
43.9218	1.52492E+14
43.9417	1.52715E+14
43.9616	1.53072E+14
43.9815	1.53472E+14
44.0014	1.53867E+14
44.0213	1.54316E+14
44.0412	1.54868E+14
44.0611	1.55446E+14
44.081	1.56028E+14
44.1009	1.5668E+14
44.1208	1.57403E+14
44.1407	1.58124E+14
44.1606	1.58863E+14
44.1805	1.59646E+14
44.2004	1.60474E+14
44.2203	1.61327E+14
44.2402	1.62204E+14
44.2601	1.63099E+14
44.28	1.6401E+14
44.2999	1.64933E+14
44.3198	1.65863E+14
44.3397	1.66796E+14
44.3596	1.67729E+14
44.3795	1.68656E+14
44.3994	1.69551E+14
44.4193	1.70446E+14
44.4392	1.71322E+14
44.4591	1.72174E+14
44.479	1.72997E+14
44.4989	1.73788E+14
44.5188	1.74541E+14
44.5387	1.75252E+14
44.5586	1.75918E+14
44.5785	1.76533E+14
44.5984	1.77075E+14
44.6183	1.77571E+14
44.6382	1.78007E+14
44.6581	1.78378E+14
44.678	1.78683E+14
44.6979	1.78918E+14
44.7178	1.79083E+14
44.7377	1.79178E+14
44.7576	1.79201E+14
44.7775	1.79152E+14
44.7974	1.7903E+14
44.8173	1.78814E+14
44.8372	1.7854E+14
44.8571	1.78196E+14
44.877	1.77786E+14
44.8969	1.77311E+14
44.9168	1.76777E+14
44.9367	1.76188E+14
44.9566	1.75547E+14
44.9765	1.74861E+14
44.9964	1.74135E+14
45.0163	1.73357E+14
45.0362	1.72561E+14
45.0561	1.71745E+14
45.076	1.70916E+14
45.0959	1.70083E+14
45.1158	1.69256E+14
45.1357	1.68442E+14
45.1556	1.6765E+14
45.1755	1.66889E+14
45.1954	1.66165E+14
45.2153	1.65488E+14
45.2352	1.64841E+14
45.2551	1.64271E+14
45.275	1.63771E+14
45.2949	1.6335E+14
45.3148	1.63012E+14
45.3347	1.62761E+14
45.3546	1.62604E+14
45.3745	1.62552E+14
45.3944	1.62615E+14
45.4143	1.62789E+14
45.4342	1.63035E+14
45.4541	1.63372E+14
45.474	1.63791E+14
45.4939	1.64296E+14
45.5138	1.64884E+14
45.5337	1.65546E+14
45.5536	1.66271E+14
45.5735	1.6705E+14
45.5934	1.67868E+14
45.6133	1.6871E+14
45.6332	1.69561E+14
45.6531	1.70385E+14
45.673	1.71197E+14
45.6929	1.71967E+14
45.7128	1.72677E+14
45.7327	1.73304E+14
45.7526	1.73823E+14
45.7725	1.74215E+14
45.7924	1.74478E+14
45.8123	1.74609E+14
45.8322	1.74591E+14
45.8521	1.74375E+14
45.872	1.73979E+14
45.8919	1.73402E+14
45.9118	1.72639E+14
45.9317	1.71691E+14
45.9516	1.70581E+14
45.9715	1.69335E+14
45.9914	1.67979E+14
46.0113	1.66538E+14
46.0312	1.65056E+14
46.0511	1.63591E+14
46.071	1.62168E+14
46.0909	1.60875E+14
46.1108	1.59776E+14
46.1307	1.58946E+14
46.1506	1.58434E+14
46.1705	1.58313E+14
46.1904	1.58671E+14
46.2103	1.59545E+14
46.2302	1.60943E+14
46.2501	1.62916E+14
46.27	1.6546E+14
46.2899	1.68468E+14
46.3098	1.71796E+14
46.3297	1.75433E+14
46.3496	1.79105E+14
46.3695	1.82002E+14
46.3894	1.83494E+14
46.4093	1.83875E+14
46.4292	1.83401E+14
46.4491	1.80674E+14
46.469	1.7354E+14
46.4889	1.62391E+14
46.5088	1.51399E+14
46.5287	1.44927E+14
46.5486	1.43548E+14
46.5685	1.44441E+14
46.5884	1.45099E+14
46.6083	1.45255E+14
46.6282	1.45586E+14
46.6481	1.46168E+14
46.668	1.4668E+14
46.6879	1.47081E+14
46.7078	1.47555E+14
46.7277	1.4806E+14
46.7476	1.48497E+14
46.7675	1.48896E+14
46.7874	1.4931E+14
46.8073	1.49697E+14
46.8272	1.50023E+14
46.8471	1.50322E+14
46.867	1.50604E+14
46.8869	1.50837E+14
46.9068	1.50995E+14
46.9267	1.51135E+14
46.9466	1.51239E+14
46.9665	1.51287E+14
46.9864	1.51286E+14
47.0063	1.5125E+14
47.0262	1.51175E+14
47.0461	1.5104E+14
47.066	1.5086E+14
47.0859	1.50653E+14
47.1058	1.50394E+14
47.1257	1.50117E+14
47.1456	1.49802E+14
47.1655	1.49434E+14
47.1854	1.49009E+14
47.2053	1.48537E+14
47.2252	1.4803E+14
47.2451	1.47492E+14
47.265	1.46925E+14
47.2849	1.4633E+14
47.3048	1.45713E+14
47.3247	1.45056E+14
47.3446	1.44397E+14
47.3645	1.43727E+14
47.3844	1.4305E+14
47.4043	1.4237E+14
47.4242	1.41693E+14
47.4441	1.41022E+14
47.464	1.40363E+14
47.4839	1.3972E+14
47.5038	1.39099E+14
47.5237	1.38485E+14
47.5436	1.37913E+14
47.5635	1.37375E+14
47.5834	1.36876E+14
47.6033	1.36421E+14
47.6232	1.36014E+14
47.6431	1.35658E+14
47.663	1.35359E+14
47.6829	1.35118E+14
47.7028	1.34939E+14
47.7227	1.34823E+14
47.7426	1.34753E+14
47.7625	1.34776E+14
47.7824	1.34881E+14
47.8023	1.35056E+14
47.8222	1.3529E+14
47.8421	1.35576E+14
47.862	1.35921E+14
47.8819	1.36331E+14
47.9018	1.36802E+14
47.9217	1.37331E+14
47.9416	1.37894E+14
47.9615	1.38519E+14
47.9814	1.39187E+14
48.0013	1.39893E+14
48.0212	1.40631E+14
48.0411	1.41396E+14
48.061	1.42173E+14
48.0809	1.42945E+14
48.1008	1.43709E+14
48.1207	1.44472E+14
48.1406	1.45236E+14
48.1605	1.45969E+14
48.1804	1.46689E+14
48.2003	1.47369E+14
48.2202	1.48004E+14
48.2401	1.48587E+14
48.26	1.4911E+14
48.2799	1.49565E+14
48.2998	1.49947E+14
48.3197	1.50253E+14
48.3396	1.50478E+14
48.3595	1.50602E+14
48.3794	1.50653E+14
48.3993	1.50621E+14
48.4192	1.50507E+14
48.4391	1.50316E+14
48.459	1.50051E+14
48.4789	1.49718E+14
48.4988	1.49338E+14
48.5187	1.48926E+14
48.5386	1.48488E+14
48.5585	1.48003E+14
48.5784	1.47506E+14
48.5983	1.47005E+14
48.6182	1.46528E+14
48.6381	1.46098E+14
48.658	1.45732E+14
48.6779	1.45449E+14
48.6978	1.4527E+14
48.7177	1.45215E+14
48.7376	1.453E+14
48.7575	1.4554E+14
48.7774	1.45926E+14
48.7973	1.46513E+14
48.8172	1.47284E+14
48.8371	1.48239E+14
48.857	1.49377E+14
48.8769	1.5067E+14
48.8968	1.52124E+14
48.9167	1.53714E+14
48.9366	1.55377E+14
48.9565	1.57093E+14
48.9764	1.58859E+14
48.9963	1.60621E+14
49.0162	1.62256E+14
49.0361	1.63727E+14
49.056	1.65006E+14
49.0759	1.65963E+14
49.0958	1.66495E+14
49.1157	1.66616E+14
49.1356	1.66278E+14
49.1555	1.6534E+14
49.1754	1.63814E+14
49.1953	1.61835E+14
49.2152	1.59421E+14
49.2351	1.56559E+14
49.255	1.53583E+14
49.2749	1.50757E+14
49.2948	1.47948E+14
49.3147	1.45843E+14
49.3346	1.46693E+14
49.3545	1.51495E+14
49.3744	1.56396E+14
49.3943	1.54952E+14
49.4142	1.45478E+14
49.4341	1.33686E+14
49.454	1.26419E+14
49.4739	1.24675E+14
49.4938	1.24731E+14
49.5137	1.23986E+14
49.5336	1.22908E+14
49.5535	1.22361E+14
49.5734	1.21988E+14
49.5933	1.21348E+14
49.6132	1.20693E+14
49.6331	1.20257E+14
49.653	1.198E+14
49.6729	1.19213E+14
49.6928	1.18679E+14
49.7127	1.18241E+14
49.7326	1.17766E+14
49.7525	1.17261E+14
49.7724	1.16831E+14
49.7923	1.16449E+14
49.8122	1.16029E+14
49.8321	1.15638E+14
49.852	1.1532E+14
49.8719	1.15029E+14
49.8918	1.14739E+14
49.9117	1.145E+14
49.9316	1.14328E+14
49.9515	1.14172E+14
49.9714	1.14039E+14
49.9913	1.13973E+14
50.0112	1.13955E+14
50.0311	1.13966E+14
50.051	1.14035E+14
50.0709	1.14151E+14
50.0908	1.14313E+14
50.1107	1.14524E+14
50.1306	1.14782E+14
50.1505	1.15086E+14
50.1704	1.15436E+14
50.1903	1.15831E+14
50.2102	1.16269E+14
50.2301	1.16734E+14
50.25	1.17246E+14
50.2699	1.17796E+14
50.2898	1.18381E+14
50.3097	1.18997E+14
50.3296	1.19641E+14
50.3495	1.20311E+14
50.3694	1.21002E+14
50.3893	1.21711E+14
50.4092	1.22433E+14
50.4291	1.23164E+14
50.449	1.23881E+14
50.4689	1.24611E+14
50.4888	1.25335E+14
50.5087	1.2605E+14
50.5286	1.26751E+14
50.5485	1.27433E+14
50.5684	1.28092E+14
50.5883	1.28723E+14
50.6082	1.29323E+14
50.6281	1.29886E+14
50.648	1.30394E+14
50.6679	1.30866E+14
50.6878	1.3129E+14
50.7077	1.31664E+14
50.7276	1.31985E+14
50.7475	1.32253E+14
50.7674	1.32465E+14
50.7873	1.32622E+14
50.8072	1.32721E+14
50.8271	1.32763E+14
50.847	1.32749E+14
50.8669	1.3266E+14
50.8868	1.3253E+14
50.9067	1.3235E+14
50.9266	1.32125E+14
50.9465	1.31857E+14
50.9664	1.31553E+14
50.9863	1.31216E+14
51.0062	1.30854E+14
51.0261	1.30472E+14
51.046	1.30077E+14
51.0659	1.29661E+14
51.0858	1.29256E+14
51.1057	1.28861E+14
51.1256	1.28484E+14
51.1455	1.28133E+14
51.1654	1.27816E+14
51.1853	1.2754E+14
51.2052	1.27315E+14
51.2251	1.27145E+14
51.245	1.27038E+14
51.2649	1.26997E+14
51.2848	1.27009E+14
51.3047	1.27107E+14
51.3246	1.27282E+14
51.3445	1.27533E+14
51.3644	1.27861E+14
51.3843	1.28262E+14
51.4042	1.28733E+14
51.4241	1.29269E+14
51.444	1.2986E+14
51.4639	1.30497E+14
51.4838	1.31154E+14
51.5037	1.3184E+14
51.5236	1.32532E+14
51.5435	1.33213E+14
51.5634	1.33865E+14
51.5833	1.3447E+14
51.6032	1.35007E+14
51.6231	1.35456E+14
51.643	1.35798E+14
51.6629	1.36012E+14
51.6828	1.36065E+14
51.7027	1.35964E+14
51.7226	1.35686E+14
51.7425	1.35213E+14
51.7624	1.34548E+14
51.7823	1.33694E+14
51.8022	1.32657E+14
51.8221	1.31442E+14
51.842	1.30069E+14
51.8619	1.28574E+14
51.8818	1.26988E+14
51.9017	1.25336E+14
51.9216	1.23697E+14
51.9415	1.22131E+14
51.9614	1.20694E+14
51.9813	1.19465E+14
52.0012	1.18536E+14
52.0211	1.17963E+14
52.041	1.17772E+14
52.0609	1.18031E+14
52.0808	1.18809E+14
52.1007	1.20071E+14
52.1206	1.21744E+14
52.1405	1.23884E+14
52.1604	1.26345E+14
52.1803	1.28562E+14
52.2002	1.29984E+14
52.2201	1.30693E+14
52.24	1.3083E+14
52.2599	1.2933E+14
52.2798	1.24381E+14
52.2997	1.15943E+14
52.3196	1.06987E+14
52.3395	1.01161E+14
52.3594	9.93808E+13
52.3793	9.97045E+13
52.3992	1.00059E+14
52.4191	1.00041E+14
52.439	1.00147E+14
52.4589	1.005E+14
52.4788	1.00859E+14
52.4987	1.01178E+14
52.5186	1.01576E+14
52.5385	1.02029E+14
52.5584	1.02486E+14
52.5783	1.02949E+14
52.5982	1.03462E+14
52.6181	1.03999E+14
52.638	1.04529E+14
52.6579	1.05074E+14
52.6778	1.05644E+14
52.6977	1.06215E+14
52.7176	1.06779E+14
52.7375	1.07336E+14
52.7574	1.07906E+14
52.7773	1.08461E+14
52.7972	1.09005E+14
52.8171	1.09545E+14
52.837	1.10076E+14
52.8569	1.1058E+14
52.8768	1.11065E+14
52.8967	1.1154E+14
52.9166	1.11989E+14
52.9365	1.1241E+14
52.9564	1.12785E+14
52.9763	1.13138E+14
52.9962	1.13457E+14
53.0161	1.13738E+14
53.036	1.13982E+14
53.0559	1.14185E+14
53.0758	1.14349E+14
53.0957	1.14471E+14
53.1156	1.14551E+14
53.1355	1.1459E+14
53.1554	1.14572E+14
53.1753	1.1452E+14
53.1952	1.14426E+14
53.2151	1.14291E+14
53.235	1.14116E+14
53.2549	1.13903E+14
53.2748	1.13653E+14
53.2947	1.13369E+14
53.3146	1.13054E+14
53.3345	1.1271E+14
53.3544	1.12329E+14
53.3743	1.11931E+14
53.3942	1.11513E+14
53.4141	1.11079E+14
53.434	1.10634E+14
53.4539	1.10181E+14
53.4738	1.09726E+14
53.4937	1.09271E+14
53.5136	1.08822E+14
53.5335	1.08383E+14
53.5534	1.07959E+14
53.5733	1.0754E+14
53.5932	1.07154E+14
53.6131	1.06795E+14
53.633	1.06467E+14
53.6529	1.06173E+14
53.6728	1.05918E+14
53.6927	1.05703E+14
53.7126	1.05533E+14
53.7325	1.05416E+14
53.7524	1.05359E+14
53.7723	1.05344E+14
53.7922	1.05379E+14
53.8121	1.0545E+14
53.832	1.05558E+14
53.8519	1.0571E+14
53.8718	1.05908E+14
53.8917	1.06147E+14
53.9116	1.06415E+14
53.9315	1.06704E+14
53.9514	1.07013E+14
53.9713	1.0735E+14
53.9912	1.07701E+14
54.0111	1.08081E+14
54.031	1.08465E+14
54.0509	1.08845E+14
54.0708	1.09214E+14
54.0907	1.09564E+14
54.1106	1.09888E+14
54.1305	1.10176E+14
54.1504	1.10423E+14
54.1703	1.10621E+14
54.1902	1.10751E+14
54.2101	1.10826E+14
54.23	1.10835E+14
54.2499	1.10775E+14
54.2698	1.10642E+14
54.2897	1.10436E+14
54.3096	1.10157E+14
54.3295	1.09806E+14
54.3494	1.09388E+14
54.3693	1.08909E+14
54.3892	1.08375E+14
54.4091	1.07779E+14
54.429	1.07165E+14
54.4489	1.06543E+14
54.4688	1.05929E+14
54.4887	1.05331E+14
54.5086	1.04755E+14
54.5285	1.04218E+14
54.5484	1.03749E+14
54.5683	1.03373E+14
54.5882	1.03104E+14
54.6081	1.02977E+14
54.628	1.03003E+14
54.6479	1.03198E+14
54.6678	1.03575E+14
54.6877	1.04122E+14
54.7076	1.04858E+14
54.7275	1.0579E+14
54.7474	1.06897E+14
54.7673	1.08164E+14
54.7872	1.09585E+14
54.8071	1.11097E+14
54.827	1.12609E+14
54.8469	1.14142E+14
54.8668	1.15698E+14
54.8867	1.17183E+14
54.9066	1.18471E+14
54.9265	1.19521E+14
54.9464	1.20282E+14
54.9663	1.20619E+14
54.9862	1.20475E+14
55.0061	1.19908E+14
55.026	1.18878E+14
55.0459	1.17352E+14
55.0658	1.15527E+14
55.0857	1.13626E+14
55.1056	1.11572E+14
55.1255	1.09764E+14
55.1454	1.09859E+14
55.1653	1.13057E+14
55.1852	1.17186E+14
55.2051	1.17539E+14
55.225	1.12041E+14
55.2449	1.04102E+14
55.2648	9.88752E+13
55.2847	9.7722E+13
55.3046	9.81809E+13
55.3245	9.80967E+13
55.3444	9.76029E+13
55.3643	9.74303E+13
55.3842	9.74392E+13
55.4041	9.7269E+13
55.424	9.7052E+13
55.4439	9.69543E+13
55.4638	9.68458E+13
55.4837	9.66138E+13
55.5036	9.63769E+13
55.5235	9.61849E+13
55.5434	9.59391E+13
55.5633	9.56265E+13
55.5832	9.53273E+13
55.6031	9.50341E+13
55.623	9.46883E+13
55.6429	9.4314E+13
55.6628	9.39433E+13
55.6827	9.35695E+13
55.7026	9.31584E+13
55.7225	9.27442E+13
55.7424	9.2347E+13
55.7623	9.19316E+13
55.7822	9.14972E+13
55.8021	9.10786E+13
55.822	9.06694E+13
55.8419	9.02666E+13
55.8618	8.98629E+13
55.8817	8.94781E+13
55.9016	8.91076E+13
55.9215	8.87545E+13
55.9414	8.84226E+13
55.9613	8.81136E+13
55.9812	8.78293E+13
56.0011	8.75732E+13
56.021	8.73482E+13
56.0409	8.71539E+13
56.0608	8.69916E+13
56.0807	8.68532E+13
56.1006	8.67628E+13
56.1205	8.67054E+13
56.1404	8.66846E+13
56.1603	8.67272E+13
56.1802	8.68615E+13
56.2001	8.70794E+13
56.22	8.73298E+13
56.2399	8.7557E+13
56.2598	8.77396E+13
56.2797	8.78863E+13
56.2996	8.80581E+13
56.3195	8.82846E+13
56.3394	8.85769E+13
56.3593	8.89186E+13
56.3792	8.92859E+13
56.3991	8.96682E+13
56.419	9.0066E+13
56.4389	9.04781E+13
56.4588	9.08978E+13
56.4787	9.13196E+13
56.4986	9.17274E+13
56.5185	9.21403E+13
56.5384	9.25439E+13
56.5583	9.29341E+13
56.5782	9.33079E+13
56.5981	9.36615E+13
56.618	9.39904E+13
56.6379	9.42917E+13
56.6578	9.45629E+13
56.6777	9.4801E+13
56.6976	9.49915E+13
56.7175	9.5152E+13
56.7374	9.52746E+13
56.7573	9.53583E+13
56.7772	9.54028E+13
56.7971	9.54092E+13
56.817	9.53788E+13
56.8369	9.53142E+13
56.8568	9.52182E+13
56.8767	9.50941E+13
56.8966	9.49454E+13
56.9165	9.47613E+13
56.9364	9.45731E+13
56.9563	9.43767E+13
56.9762	9.41783E+13
56.9961	9.39849E+13
57.016	9.38039E+13
57.0359	9.36432E+13
57.0558	9.35105E+13
57.0757	9.34134E+13
57.0956	9.33593E+13
57.1155	9.33421E+13
57.1354	9.33902E+13
57.1553	9.35014E+13
57.1752	9.36809E+13
57.1951	9.39334E+13
57.215	9.42619E+13
57.2349	9.4668E+13
57.2548	9.51517E+13
57.2747	9.57115E+13
57.2946	9.6344E+13
57.3145	9.70434E+13
57.3344	9.77878E+13
57.3543	9.85906E+13
57.3742	9.94304E+13
57.3941	1.00293E+14
57.414	1.01163E+14
57.4339	1.02022E+14
57.4538	1.02852E+14
57.4737	1.03631E+14
57.4936	1.0433E+14
57.5135	1.04942E+14
57.5334	1.05435E+14
57.5533	1.05784E+14
57.5732	1.05976E+14
57.5931	1.06001E+14
57.613	1.05846E+14
57.6329	1.055E+14
57.6528	1.04967E+14
57.6727	1.04265E+14
57.6926	1.03399E+14
57.7125	1.02373E+14
57.7324	1.01213E+14
57.7523	9.99568E+13
57.7722	9.86704E+13
57.7921	9.74027E+13
57.812	9.62331E+13
57.8319	9.5232E+13
57.8518	9.44512E+13
57.8717	9.3971E+13
57.8916	9.38801E+13
57.9115	9.41911E+13
57.9314	9.48831E+13
57.9513	9.59957E+13
57.9712	9.75056E+13
57.9911	9.90331E+13
58.011	1.00136E+14
58.0309	1.00823E+14
58.0508	1.01217E+14
58.0707	1.00521E+14
58.0906	9.71522E+13
58.1105	9.07058E+13
58.1304	8.32832E+13
58.1503	7.79096E+13
58.1702	7.57412E+13
58.1901	7.54595E+13
58.21	7.53271E+13
58.2299	7.4864E+13
58.2498	7.44481E+13
58.2697	7.42381E+13
58.2896	7.40539E+13
58.3095	7.38316E+13
58.3294	7.36683E+13
58.3493	7.35777E+13
58.3692	7.34845E+13
58.3891	7.34099E+13
58.409	7.33883E+13
58.4289	7.34068E+13
58.4488	7.34389E+13
58.4687	7.35003E+13
58.4886	7.36058E+13
58.5085	7.37393E+13
58.5284	7.38923E+13
58.5483	7.40783E+13
58.5682	7.42891E+13
58.5881	7.45258E+13
58.608	7.47836E+13
58.6279	7.5071E+13
58.6478	7.53855E+13
58.6677	7.57141E+13
58.6876	7.60605E+13
58.7075	7.64339E+13
58.7274	7.6823E+13
58.7473	7.72251E+13
58.7672	7.76378E+13
58.7871	7.80473E+13
58.807	7.84696E+13
58.8269	7.88949E+13
58.8468	7.9321E+13
58.8667	7.97449E+13
58.8866	8.01639E+13
58.9065	8.05754E+13
58.9264	8.09773E+13
58.9463	8.13671E+13
58.9662	8.17422E+13
58.9861	8.20907E+13
59.006	8.2425E+13
59.0259	8.27376E+13
59.0458	8.30268E+13
59.0657	8.32908E+13
59.0856	8.35278E+13
59.1055	8.37364E+13
59.1254	8.39159E+13
59.1453	8.40658E+13
59.1652	8.41858E+13
59.1851	8.42757E+13
59.205	8.43241E+13
59.2249	8.43501E+13
59.2448	8.43473E+13
59.2647	8.43167E+13
59.2846	8.42598E+13
59.3045	8.41787E+13
59.3244	8.40753E+13
59.3443	8.3952E+13
59.3642	8.38114E+13
59.3841	8.36562E+13
59.404	8.34801E+13
59.4239	8.33015E+13
59.4438	8.31184E+13
59.4637	8.29346E+13
59.4836	8.27538E+13
59.5035	8.25799E+13
59.5234	8.24171E+13
59.5433	8.22687E+13
59.5632	8.21381E+13
59.5831	8.20291E+13
59.603	8.19453E+13
59.6229	8.18766E+13
59.6428	8.18448E+13
59.6627	8.18473E+13
59.6826	8.18905E+13
59.7025	8.19752E+13
59.7224	8.20951E+13
59.7423	8.2243E+13
59.7622	8.24176E+13
59.7821	8.26218E+13
59.802	8.28569E+13
59.8219	8.31105E+13
59.8418	8.33922E+13
59.8617	8.36925E+13
59.8816	8.4007E+13
59.9015	8.433E+13
59.9214	8.46553E+13
59.9413	8.49763E+13
59.9612	8.52855E+13
59.9811	8.5575E+13
60.001	8.58371E+13
60.0209	8.60644E+13
60.0408	8.6238E+13
60.0607	8.63675E+13
60.0806	8.64384E+13
60.1005	8.64445E+13
60.1204	8.63802E+13
60.1403	8.62408E+13
60.1602	8.6023E+13
60.1801	8.57248E+13
60.2	8.53459E+13
60.2199	8.48873E+13
60.2398	8.43418E+13
60.2597	8.37307E+13
60.2796	8.30554E+13
60.2995	8.23263E+13
60.3194	8.15557E+13
60.3393	8.07585E+13
60.3592	7.99513E+13
60.3791	7.91525E+13
60.399	7.83773E+13
60.4189	7.76565E+13
60.4388	7.70079E+13
60.4587	7.64505E+13
60.4786	7.60087E+13
60.4985	7.56902E+13
60.5184	7.5525E+13
60.5383	7.55384E+13
60.5582	7.57223E+13
60.5781	7.60727E+13
60.598	7.66095E+13
60.6179	7.73237E+13
60.6378	7.81685E+13
60.6577	7.91134E+13
60.6776	8.01638E+13
60.6975	8.12482E+13
60.7174	8.22787E+13
60.7373	8.32227E+13
60.7572	8.40385E+13
60.7771	8.46066E+13
60.797	8.48416E+13
60.8169	8.47534E+13
60.8368	8.43023E+13
60.8567	8.34025E+13
60.8766	8.21347E+13
60.8965	8.06867E+13
60.9164	7.90137E+13
60.9363	7.73173E+13
60.9562	7.67497E+13
60.9761	7.84711E+13
60.996	8.14137E+13
61.0159	8.22829E+13
61.0358	7.9041E+13
61.0557	7.3586E+13
61.0756	6.96615E+13
61.0955	6.87551E+13
61.1154	6.93318E+13
61.1353	6.9671E+13
61.1552	6.96827E+13
61.1751	6.99154E+13
61.195	7.03258E+13
61.2149	7.06126E+13
61.2348	7.08337E+13
61.2547	7.11512E+13
61.2746	7.14837E+13
61.2945	7.17154E+13
61.3144	7.19346E+13
61.3343	7.21901E+13
61.3542	7.24165E+13
61.3741	7.25864E+13
61.394	7.27543E+13
61.4139	7.29256E+13
61.4338	7.30539E+13
61.4537	7.31451E+13
61.4736	7.32339E+13
61.4935	7.32967E+13
61.5134	7.33214E+13
61.5333	7.33218E+13
61.5532	7.33156E+13
61.5731	7.32798E+13
61.593	7.32049E+13
61.6129	7.31147E+13
61.6328	7.30082E+13
61.6527	7.28805E+13
61.6726	7.27329E+13
61.6925	7.2567E+13
61.7124	7.23742E+13
61.7323	7.2173E+13
61.7522	7.19584E+13
61.7721	7.17322E+13
61.792	7.14968E+13
61.8119	7.12543E+13
61.8318	7.10072E+13
61.8517	7.07578E+13
61.8716	7.05084E+13
61.8915	7.02613E+13
61.9114	7.00101E+13
61.9313	6.97711E+13
61.9512	6.95413E+13
61.9711	6.93228E+13
61.991	6.9118E+13
62.0109	6.89293E+13
62.0308	6.87588E+13
62.0507	6.86082E+13
62.0706	6.84785E+13
62.0905	6.83707E+13
62.1104	6.82857E+13
62.1303	6.82138E+13
62.1502	6.81734E+13
62.1701	6.81576E+13
62.19	6.81662E+13
62.2099	6.81988E+13
62.2298	6.82546E+13
62.2497	6.83325E+13
62.2696	6.84311E+13
62.2895	6.85487E+13
62.3094	6.86832E+13
62.3293	6.88235E+13
62.3492	6.89811E+13
62.3691	6.91475E+13
62.389	6.93199E+13
62.4089	6.94955E+13
62.4288	6.96708E+13
62.4487	6.98421E+13
62.4686	7.0006E+13
62.4885	7.01592E+13
62.5084	7.02981E+13
62.5283	7.04195E+13
62.5482	7.05099E+13
62.5681	7.05837E+13
62.588	7.06306E+13
62.6079	7.06483E+13
62.6278	7.06371E+13
62.6477	7.05982E+13
62.6676	7.05303E+13
62.6875	7.04286E+13
62.7074	7.02898E+13
62.7273	7.01153E+13
62.7472	6.99003E+13
62.7671	6.96644E+13
62.787	6.94049E+13
62.8069	6.91253E+13
62.8268	6.88307E+13
62.8467	6.8527E+13
62.8666	6.82204E+13
62.8865	6.79177E+13
62.9064	6.76265E+13
62.9263	6.73545E+13
62.9462	6.71012E+13
62.9661	6.68878E+13
62.986	6.67179E+13
63.0059	6.65996E+13
63.0258	6.6541E+13
63.0457	6.65493E+13
63.0656	6.66304E+13
63.0855	6.67897E+13
63.1054	6.70312E+13
63.1253	6.73574E+13
63.1452	6.77691E+13
63.1651	6.82554E+13
63.185	6.8829E+13
63.2049	6.94787E+13
63.2248	7.01968E+13
63.2447	7.09734E+13
63.2646	7.17959E+13
63.2845	7.26493E+13
63.3044	7.35121E+13
63.3243	7.43731E+13
63.3442	7.52085E+13
63.3641	7.59911E+13
63.384	7.67025E+13
63.4039	7.73232E+13
63.4238	7.78354E+13
63.4437	7.82169E+13
63.4636	7.84509E+13
63.4835	7.85317E+13
63.5034	7.84541E+13
63.5233	7.82133E+13
63.5432	7.78203E+13
63.5631	7.72996E+13
63.583	7.66646E+13
63.6029	7.596E+13
63.6228	7.5239E+13
63.6427	7.45612E+13
63.6626	7.39727E+13
63.6825	7.3543E+13
63.7024	7.33642E+13
63.7223	7.34804E+13
63.7422	7.39003E+13
63.7621	7.46902E+13
63.782	7.5875E+13
63.8019	7.72379E+13
63.8218	7.84239E+13
63.8417	7.93902E+13
63.8616	8.026E+13
63.8815	8.04821E+13
63.9014	7.8723E+13
63.9213	7.43305E+13
63.9412	6.8673E+13
63.9611	6.42281E+13
63.981	6.22567E+13
64.0009	6.19445E+13
64.0208	6.1866E+13
64.0407	6.14838E+13
64.0606	6.10689E+13
64.0805	6.08007E+13
64.1004	6.05488E+13
64.1203	6.0236E+13
64.1402	5.99372E+13
64.1601	5.96802E+13
64.18	5.94135E+13
64.1999	5.91247E+13
64.2198	5.88607E+13
64.2397	5.86146E+13
64.2596	5.83638E+13
64.2795	5.812E+13
64.2994	5.79021E+13
64.3193	5.77004E+13
64.3392	5.75034E+13
64.3591	5.73202E+13
64.379	5.71564E+13
64.3989	5.70051E+13
64.4188	5.68591E+13
64.4387	5.67414E+13
64.4586	5.66473E+13
64.4785	5.65692E+13
64.4984	5.65093E+13
64.5183	5.64781E+13
64.5382	5.64698E+13
64.5581	5.64829E+13
64.578	5.65175E+13
64.5979	5.65731E+13
64.6178	5.66422E+13
64.6377	5.67354E+13
64.6576	5.68477E+13
64.6775	5.69781E+13
64.6974	5.71252E+13
64.7173	5.72876E+13
64.7372	5.74638E+13
64.7571	5.76522E+13
64.777	5.78513E+13
64.7969	5.80593E+13
64.8168	5.8274E+13
64.8367	5.84848E+13
64.8566	5.87037E+13
64.8765	5.89231E+13
64.8964	5.9141E+13
64.9163	5.93555E+13
64.9362	5.95644E+13
64.9561	5.97657E+13
64.976	5.99575E+13
64.9959	6.01379E+13
65.0158	6.03051E+13
65.0357	6.04504E+13
65.0556	6.05841E+13
65.0755	6.07008E+13
65.0954	6.07996E+13
65.1153	6.08802E+13
65.1352	6.09423E+13
65.1551	6.0986E+13
65.175	6.10119E+13
65.1949	6.10203E+13
65.2148	6.10123E+13
65.2347	6.09893E+13
65.2546	6.09433E+13
65.2745	6.08914E+13
65.2944	6.08293E+13
65.3143	6.07599E+13
65.3342	6.06861E+13
65.3541	6.06111E+13
65.374	6.05378E+13
65.3939	6.04696E+13
65.4138	6.04101E+13
65.4337	6.03627E+13
65.4536	6.03226E+13
65.4735	6.0306E+13
65.4934	6.03112E+13
65.5133	6.03415E+13
65.5332	6.03997E+13
65.5531	6.04883E+13
65.573	6.06095E+13
65.5929	6.07651E+13
65.6128	6.09564E+13
65.6327	6.11839E+13
65.6526	6.14475E+13
65.6725	6.1737E+13
65.6924	6.20663E+13
65.7123	6.2427E+13
65.7322	6.28163E+13
65.7521	6.32302E+13
65.772	6.36637E+13
65.7919	6.41115E+13
65.8118	6.45692E+13
65.8317	6.50314E+13
65.8516	6.54894E+13
65.8715	6.59249E+13
65.8914	6.63394E+13
65.9113	6.67208E+13
65.9312	6.70626E+13
65.9511	6.73564E+13
65.971	6.75938E+13
65.9909	6.77671E+13
66.0108	6.787E+13
66.0307	6.78968E+13
66.0506	6.78431E+13
66.0705	6.77058E+13
66.0904	6.74747E+13
66.1103	6.71663E+13
66.1302	6.67773E+13
66.1501	6.63129E+13
66.17	6.57812E+13
66.1899	6.51924E+13
66.2098	6.45572E+13
66.2297	6.38947E+13
66.2496	6.32222E+13
66.2695	6.25563E+13
66.2894	6.192E+13
66.3093	6.1325E+13
66.3292	6.07987E+13
66.3491	6.03714E+13
66.369	6.00509E+13
66.3889	5.98439E+13
66.4088	5.97767E+13
66.4287	5.98605E+13
66.4486	6.00747E+13
66.4685	6.04104E+13
66.4884	6.08728E+13
66.5083	6.14193E+13
66.5282	6.19992E+13
66.5481	6.25775E+13
66.568	6.31239E+13
66.5879	6.3545E+13
66.6078	6.37519E+13
66.6277	6.37252E+13
66.6476	6.34207E+13
66.6675	6.27429E+13
66.6874	6.1707E+13
66.7073	6.04144E+13
66.7272	5.88529E+13
66.7471	5.71068E+13
66.767	5.59565E+13
66.7869	5.64122E+13
66.8068	5.80751E+13
66.8267	5.87274E+13
66.8466	5.65816E+13
66.8665	5.25603E+13
66.8864	4.93188E+13
66.9063	4.82418E+13
66.9262	4.84385E+13
66.9461	4.85924E+13
66.966	4.84845E+13
66.9859	4.85178E+13
67.0058	4.87271E+13
67.0257	4.88833E+13
67.0456	4.89893E+13
67.0655	4.91752E+13
67.0854	4.94081E+13
67.1053	4.96029E+13
67.1252	4.97894E+13
67.1451	5.00274E+13
67.165	5.02709E+13
67.1849	5.04901E+13
67.2048	5.07209E+13
67.2247	5.09744E+13
67.2446	5.12162E+13
67.2645	5.14431E+13
67.2844	5.16802E+13
67.3043	5.19206E+13
67.3242	5.21427E+13
67.3441	5.2349E+13
67.364	5.25677E+13
67.3839	5.27765E+13
67.4038	5.29596E+13
67.4237	5.31307E+13
67.4436	5.32922E+13
67.4635	5.34394E+13
67.4834	5.35719E+13
67.5033	5.36887E+13
67.5232	5.37894E+13
67.5431	5.38668E+13
67.563	5.39322E+13
67.5829	5.39812E+13
67.6028	5.40144E+13
67.6227	5.40322E+13
67.6426	5.40354E+13
67.6625	5.40248E+13
67.6824	5.40016E+13
67.7023	5.39669E+13
67.7222	5.39216E+13
67.7421	5.38612E+13
67.762	5.37962E+13
67.7819	5.37249E+13
67.8018	5.36489E+13
67.8217	5.35702E+13
67.8416	5.34909E+13
67.8615	5.34127E+13
67.8814	5.33374E+13
67.9013	5.32671E+13
67.9212	5.32035E+13
67.9411	5.31485E+13
67.961	5.30962E+13
67.9809	5.30601E+13
68.0008	5.30365E+13
68.0207	5.30269E+13
68.0406	5.30321E+13
68.0605	5.30531E+13
68.0804	5.30904E+13
68.1003	5.31443E+13
68.1202	5.32147E+13
68.1401	5.33012E+13
68.16	5.33972E+13
68.1799	5.35107E+13
68.1998	5.36371E+13
68.2197	5.3775E+13
68.2396	5.39227E+13
68.2595	5.40778E+13
68.2794	5.42376E+13
68.2993	5.43992E+13
68.3192	5.45595E+13
68.3391	5.47156E+13
68.359	5.48639E+13
68.3789	5.49943E+13
68.3988	5.51138E+13
68.4187	5.52147E+13
68.4386	5.52936E+13
68.4585	5.53472E+13
68.4784	5.53725E+13
68.4983	5.53666E+13
68.5182	5.53269E+13
68.5381	5.52512E+13
68.558	5.5138E+13
68.5779	5.49807E+13
68.5978	5.47878E+13
68.6177	5.45561E+13
68.6376	5.4287E+13
68.6575	5.39822E+13
68.6774	5.36447E+13
68.6973	5.3278E+13
68.7172	5.28868E+13
68.7371	5.2476E+13
68.757	5.20519E+13
68.7769	5.16215E+13
68.7968	5.11846E+13
68.8167	5.07612E+13
68.8366	5.03547E+13
68.8565	4.9975E+13
68.8764	4.96327E+13
68.8963	4.93363E+13
68.9162	4.90912E+13
68.9361	4.89023E+13
68.956	4.87765E+13
68.9759	4.87216E+13
68.9958	4.87375E+13
69.0157	4.88364E+13
69.0356	4.90155E+13
69.0555	4.92739E+13
69.0754	4.96085E+13
69.0953	5.00135E+13
69.1152	5.04791E+13
69.1351	5.09971E+13
69.155	5.15538E+13
69.1749	5.21285E+13
69.1948	5.27102E+13
69.2147	5.32674E+13
69.2346	5.37962E+13
69.2545	5.42702E+13
69.2744	5.46675E+13
69.2943	5.49742E+13
69.3142	5.51767E+13
69.3341	5.52594E+13
69.354	5.52169E+13
69.3739	5.50566E+13
69.3938	5.47853E+13
69.4137	5.441E+13
69.4336	5.3974E+13
69.4535	5.35178E+13
69.4734	5.30774E+13
69.4933	5.27066E+13
69.5132	5.24864E+13
69.5331	5.24745E+13
69.553	5.26976E+13
69.5729	5.32228E+13
69.5928	5.4116E+13
69.6127	5.52638E+13
69.6326	5.64107E+13
69.6525	5.7505E+13
69.6724	5.86369E+13
69.6923	5.94332E+13
69.7122	5.88354E+13
69.7321	5.61299E+13
69.752	5.21419E+13
69.7719	4.87896E+13
69.7918	4.72831E+13
69.8117	4.71945E+13
69.8316	4.73904E+13
69.8515	4.73528E+13
69.8714	4.72475E+13
69.8913	4.72466E+13
69.9112	4.72642E+13
69.9311	4.72216E+13
69.951	4.71697E+13
69.9709	4.714E+13
69.9908	4.70936E+13
70.0107	4.70177E+13
70.0306	4.69405E+13
70.0505	4.6858E+13
70.0704	4.67607E+13
70.0903	4.66488E+13
70.1102	4.65375E+13
70.1301	4.64211E+13
70.15	4.62915E+13
70.1699	4.61571E+13
70.1898	4.60245E+13
70.2097	4.58871E+13
70.2296	4.57438E+13
70.2495	4.55971E+13
70.2694	4.54577E+13
70.2893	4.5318E+13
70.3092	4.51783E+13
70.3291	4.50498E+13
70.349	4.49323E+13
70.3689	4.48245E+13
70.3888	4.47244E+13
70.4087	4.46303E+13
70.4286	4.4543E+13
70.4485	4.44653E+13
70.4684	4.43926E+13
70.4883	4.43361E+13
70.5082	4.42915E+13
70.5281	4.42592E+13
70.548	4.42395E+13
70.5679	4.42321E+13
70.5878	4.42369E+13
70.6077	4.42534E+13
70.6276	4.42813E+13
70.6475	4.43198E+13
70.6674	4.43624E+13
70.6873	4.44168E+13
70.7072	4.44784E+13
70.7271	4.45459E+13
70.747	4.46179E+13
70.7669	4.46928E+13
70.7868	4.47692E+13
70.8067	4.48453E+13
70.8266	4.49197E+13
70.8465	4.49907E+13
70.8664	4.50563E+13
70.8863	4.51087E+13
70.9062	4.51568E+13
70.9261	4.5195E+13
70.946	4.52217E+13
70.9659	4.52356E+13
70.9858	4.52356E+13
71.0057	4.5221E+13
71.0256	4.51911E+13
71.0455	4.51457E+13
71.0654	4.50846E+13
71.0853	4.50023E+13
71.1052	4.49083E+13
71.1251	4.47998E+13
71.145	4.46778E+13
71.1649	4.45438E+13
71.1848	4.43995E+13
71.2047	4.42471E+13
71.2246	4.40894E+13
71.2445	4.39291E+13
71.2644	4.37689E+13
71.2843	4.36121E+13
71.3042	4.34547E+13
71.3241	4.33127E+13
71.344	4.31849E+13
71.3639	4.3075E+13
71.3838	4.2987E+13
71.4037	4.29243E+13
71.4236	4.28905E+13
71.4435	4.28889E+13
71.4634	4.29223E+13
71.4833	4.29932E+13
71.5032	4.30972E+13
71.5231	4.32461E+13
71.543	4.34367E+13
71.5629	4.36691E+13
71.5828	4.3943E+13
71.6027	4.42568E+13
71.6226	4.46084E+13
71.6425	4.49946E+13
71.6624	4.54114E+13
71.6823	4.58536E+13
71.7022	4.63154E+13
71.7221	4.67831E+13
71.742	4.72616E+13
71.7619	4.7738E+13
71.7818	4.82042E+13
71.8017	4.86521E+13
71.8216	4.90728E+13
71.8415	4.94575E+13
71.8614	4.97986E+13
71.8813	5.00905E+13
71.9012	5.0328E+13
71.9211	5.04969E+13
71.941	5.05995E+13
71.9609	5.06269E+13
71.9808	5.05799E+13
72.0007	5.04625E+13
72.0206	5.0279E+13
72.0405	5.00367E+13
72.0604	4.9746E+13
72.0803	4.94162E+13
72.1002	4.90661E+13
72.1201	4.87007E+13
72.14	4.8336E+13
72.1599	4.80091E+13
72.1798	4.77293E+13
72.1997	4.75064E+13
72.2196	4.73666E+13
72.2395	4.73306E+13
72.2594	4.73948E+13
72.2793	4.75597E+13
72.2992	4.78392E+13
72.3191	4.82217E+13
72.339	4.86621E+13
72.3589	4.91456E+13
72.3788	4.96503E+13
72.3987	5.01094E+13
72.4186	5.04442E+13
72.4385	5.06207E+13
72.4584	5.05946E+13
72.4783	5.02739E+13
72.4982	4.96292E+13
72.5181	4.87116E+13
72.538	4.74887E+13
72.5579	4.59878E+13
72.5778	4.47332E+13
72.5977	4.45603E+13
72.6176	4.54295E+13
72.6375	4.58678E+13
72.6574	4.43988E+13
72.6773	4.1392E+13
72.6972	3.87149E+13
72.7171	3.75753E+13
72.737	3.74919E+13
72.7569	3.74431E+13
72.7768	3.71772E+13
72.7967	3.69832E+13
72.8166	3.69353E+13
72.8365	3.68653E+13
72.8564	3.67487E+13
72.8763	3.66865E+13
72.8962	3.66727E+13
72.9161	3.66396E+13
72.936	3.66047E+13
72.9559	3.66067E+13
72.9758	3.66288E+13
72.9957	3.66409E+13
73.0156	3.66667E+13
73.0355	3.67208E+13
73.0554	3.67797E+13
73.0753	3.68367E+13
73.0952	3.6911E+13
73.1151	3.70017E+13
73.135	3.70915E+13
73.1549	3.71835E+13
73.1748	3.72842E+13
73.1947	3.73945E+13
73.2146	3.74984E+13
73.2345	3.76053E+13
73.2544	3.77175E+13
73.2743	3.78293E+13
73.2942	3.79401E+13
73.3141	3.80485E+13
73.334	3.81531E+13
73.3539	3.82538E+13
73.3738	3.83481E+13
73.3937	3.84429E+13
73.4136	3.85323E+13
73.4335	3.86111E+13
73.4534	3.86772E+13
73.4733	3.87321E+13
73.4932	3.87781E+13
73.5131	3.88155E+13
73.533	3.88441E+13
73.5529	3.88638E+13
73.5728	3.88755E+13
73.5927	3.88738E+13
73.6126	3.88685E+13
73.6325	3.88567E+13
73.6524	3.88396E+13
73.6723	3.88181E+13
73.6922	3.87935E+13
73.7121	3.87673E+13
73.732	3.87408E+13
73.7519	3.87157E+13
73.7718	3.86934E+13
73.7917	3.86708E+13
73.8116	3.86572E+13
73.8315	3.86515E+13
73.8514	3.86552E+13
73.8713	3.86699E+13
73.8912	3.86973E+13
73.9111	3.87388E+13
73.931	3.87956E+13
73.9509	3.88687E+13
73.9708	3.8959E+13
73.9907	3.9067E+13
74.0106	3.91871E+13
74.0305	3.93291E+13
74.0504	3.94889E+13
74.0703	3.96661E+13
74.0902	3.98597E+13
74.1101	4.00685E+13
74.13	4.02908E+13
74.1499	4.05249E+13
74.1698	4.07685E+13
74.1897	4.10189E+13
74.2096	4.12687E+13
74.2295	4.15218E+13
74.2494	4.17717E+13
74.2693	4.2015E+13
74.2892	4.22479E+13
74.3091	4.24666E+13
74.329	4.26671E+13
74.3489	4.28455E+13
74.3688	4.29983E+13
74.3887	4.31217E+13
74.4086	4.32121E+13
74.4285	4.32624E+13
74.4484	4.32812E+13
74.4683	4.3264E+13
74.4882	4.32065E+13
74.5081	4.31045E+13
74.528	4.2957E+13
74.5479	4.27669E+13
74.5678	4.25379E+13
74.5877	4.22728E+13
74.6076	4.19748E+13
74.6275	4.16437E+13
74.6474	4.12927E+13
74.6673	4.0925E+13
74.6872	4.05474E+13
74.7071	4.01676E+13
74.727	3.97935E+13
74.7469	3.94334E+13
74.7668	3.90957E+13
74.7867	3.87885E+13
74.8066	3.85197E+13
74.8265	3.82965E+13
74.8464	3.81198E+13
74.8663	3.80036E+13
74.8862	3.79478E+13
74.9061	3.7954E+13
74.926	3.80216E+13
74.9459	3.81467E+13
74.9658	3.83265E+13
74.9857	3.85488E+13
75.0056	3.8806E+13
75.0255	3.90837E+13
75.0454	3.93667E+13
75.0653	3.96434E+13
75.0852	3.98918E+13
75.1051	4.00963E+13
75.125	4.02418E+13
75.1449	4.03091E+13
75.1648	4.02846E+13
75.1847	4.01648E+13
75.2046	3.99463E+13
75.2245	3.96278E+13
75.2444	3.92255E+13
75.2643	3.87625E+13
75.2842	3.82717E+13
75.3041	3.77872E+13
75.324	3.73735E+13
75.3439	3.70887E+13
75.3638	3.69679E+13
75.3837	3.70738E+13
75.4036	3.74854E+13
75.4235	3.81671E+13
75.4434	3.89601E+13
75.4633	3.9801E+13
75.4832	4.07637E+13
75.5031	4.15983E+13
75.523	4.14981E+13
75.5429	3.97898E+13
75.5628	3.69223E+13
75.5827	3.43189E+13
75.6026	3.305E+13
75.6225	3.29517E+13
75.6424	3.31838E+13
75.6623	3.32666E+13
75.6822	3.32785E+13
75.7021	3.33757E+13
75.722	3.3505E+13
75.7419	3.35964E+13
75.7618	3.368E+13
75.7817	3.37855E+13
75.8016	3.38854E+13
75.8215	3.39644E+13
75.8414	3.40421E+13
75.8613	3.41228E+13
75.8812	3.41862E+13
75.9011	3.42388E+13
75.921	3.42895E+13
75.9409	3.4335E+13
75.9608	3.4367E+13
75.9807	3.43902E+13
76.0006	3.44098E+13
76.0205	3.44214E+13
76.0404	3.44223E+13
76.0603	3.44177E+13
76.0802	3.44095E+13
76.1001	3.43898E+13
76.12	3.43655E+13
76.1399	3.43405E+13
76.1598	3.43163E+13
76.1797	3.42936E+13
76.1996	3.42736E+13
76.2195	3.42528E+13
76.2394	3.42285E+13
76.2593	3.42016E+13
76.2792	3.41758E+13
76.2991	3.41492E+13
76.319	3.41297E+13
76.3389	3.41148E+13
76.3588	3.41053E+13
76.3787	3.41023E+13
76.3986	3.41063E+13
76.4185	3.41177E+13
76.4384	3.41368E+13
76.4583	3.4164E+13
76.4782	3.41991E+13
76.4981	3.42421E+13
76.518	3.42875E+13
76.5379	3.43437E+13
76.5578	3.44067E+13
76.5777	3.44758E+13
76.5976	3.45505E+13
76.6175	3.46295E+13
76.6374	3.47117E+13
76.6573	3.47957E+13
76.6772	3.48803E+13
76.6971	3.49639E+13
76.717	3.50407E+13
76.7369	3.51159E+13
76.7568	3.51852E+13
76.7767	3.5247E+13
76.7966	3.52995E+13
76.8165	3.5341E+13
76.8364	3.53698E+13
76.8563	3.53843E+13
76.8762	3.53832E+13
76.8961	3.53651E+13
76.916	3.5329E+13
76.9359	3.5269E+13
76.9558	3.51926E+13
76.9757	3.5096E+13
76.9956	3.49792E+13
77.0155	3.48427E+13
77.0354	3.46872E+13
77.0553	3.45136E+13
77.0752	3.43232E+13
77.0951	3.41176E+13
77.115	3.38991E+13
77.1349	3.36655E+13
77.1548	3.34267E+13
77.1747	3.31831E+13
77.1946	3.29379E+13
77.2145	3.26947E+13
77.2344	3.24575E+13
77.2543	3.22302E+13
77.2742	3.20169E+13
77.2941	3.18216E+13
77.314	3.16482E+13
77.3339	3.14967E+13
77.3538	3.13765E+13
77.3737	3.12886E+13
77.3936	3.1236E+13
77.4135	3.12209E+13
77.4334	3.12447E+13
77.4533	3.13085E+13
77.4732	3.14128E+13
77.4931	3.15569E+13
77.513	3.17389E+13
77.5329	3.19576E+13
77.5528	3.22081E+13
77.5727	3.24947E+13
77.5926	3.28064E+13
77.6125	3.31329E+13
77.6324	3.3466E+13
77.6523	3.3801E+13
77.6722	3.41325E+13
77.6921	3.44531E+13
77.712	3.47544E+13
77.7319	3.50288E+13
77.7518	3.52654E+13
77.7717	3.54644E+13
77.7916	3.5618E+13
77.8115	3.57224E+13
77.8314	3.57756E+13
77.8513	3.57774E+13
77.8712	3.57306E+13
77.8911	3.56388E+13
77.911	3.5511E+13
77.9309	3.53513E+13
77.9508	3.5172E+13
77.9707	3.49897E+13
77.9906	3.48236E+13
78.0105	3.46805E+13
78.0304	3.45823E+13
78.0503	3.45519E+13
78.0702	3.45951E+13
78.0901	3.4718E+13
78.11	3.49393E+13
78.1299	3.52623E+13
78.1498	3.56656E+13
78.1697	3.6132E+13
78.1896	3.66588E+13
78.2095	3.72008E+13
78.2294	3.76948E+13
78.2493	3.81042E+13
78.2692	3.83888E+13
78.2891	3.84665E+13
78.309	3.82849E+13
78.3289	3.78552E+13
78.3488	3.71426E+13
78.3687	3.61246E+13
78.3886	3.51325E+13
78.4085	3.48285E+13
78.4284	3.53574E+13
78.4483	3.57802E+13
78.4682	3.4932E+13
78.4881	3.28648E+13
78.508	3.08611E+13
78.5279	2.99279E+13
78.5478	2.98415E+13
78.5677	2.98402E+13
78.5876	2.9651E+13
78.6075	2.9482E+13
78.6274	2.94217E+13
78.6473	2.9351E+13
78.6672	2.92311E+13
78.6871	2.91371E+13
78.707	2.90805E+13
78.7269	2.90117E+13
78.7468	2.89343E+13
78.7667	2.88798E+13
78.7866	2.88341E+13
78.8065	2.87703E+13
78.8264	2.87121E+13
78.8463	2.86735E+13
78.8662	2.86394E+13
78.8861	2.86014E+13
78.906	2.85741E+13
78.9259	2.8561E+13
78.9458	2.85493E+13
78.9657	2.85396E+13
78.9856	2.85419E+13
79.0055	2.85498E+13
79.0254	2.85581E+13
79.0453	2.85706E+13
79.0652	2.85913E+13
79.0851	2.86155E+13
79.105	2.86423E+13
79.1249	2.86713E+13
79.1448	2.87015E+13
79.1647	2.87321E+13
79.1846	2.87624E+13
79.2045	2.87915E+13
79.2244	2.88147E+13
79.2443	2.88373E+13
79.2642	2.88561E+13
79.2841	2.88703E+13
79.304	2.88793E+13
79.3239	2.88824E+13
79.3438	2.8879E+13
79.3637	2.88686E+13
79.3836	2.88508E+13
79.4035	2.88252E+13
79.4234	2.87883E+13
79.4433	2.87455E+13
79.4632	2.86947E+13
79.4831	2.86362E+13
79.503	2.85705E+13
79.5229	2.84982E+13
79.5428	2.84202E+13
79.5627	2.83374E+13
79.5826	2.82508E+13
79.6025	2.81615E+13
79.6224	2.80709E+13
79.6423	2.79763E+13
79.6622	2.78863E+13
79.6821	2.77997E+13
79.702	2.77181E+13
79.7219	2.76436E+13
79.7418	2.75781E+13
79.7617	2.75229E+13
79.7816	2.74805E+13
79.8015	2.7455E+13
79.8214	2.74494E+13
79.8413	2.74595E+13
79.8612	2.74889E+13
79.8811	2.75343E+13
79.901	2.7598E+13
79.9209	2.76829E+13
79.9408	2.779E+13
79.9607	2.79194E+13
79.9806	2.80704E+13
80.0005	2.82425E+13
80.0204	2.84353E+13
80.0403	2.86472E+13
80.0602	2.88708E+13
80.0801	2.91091E+13
80.1	2.93557E+13
80.1199	2.96109E+13
80.1398	2.98759E+13
80.1597	3.01483E+13
80.1796	3.04223E+13
80.1995	3.06921E+13
80.2194	3.09537E+13
80.2393	3.12035E+13
80.2592	3.14335E+13
80.2791	3.16458E+13
80.299	3.18345E+13
80.3189	3.19961E+13
80.3388	3.21278E+13
80.3587	3.22291E+13
80.3786	3.23008E+13
80.3985	3.23406E+13
80.4184	3.23439E+13
80.4383	3.23077E+13
80.4582	3.22336E+13
80.4781	3.21218E+13
80.498	3.19843E+13
80.5179	3.18216E+13
80.5378	3.16381E+13
80.5577	3.14395E+13
80.5776	3.12323E+13
80.5975	3.1023E+13
80.6174	3.08187E+13
80.6373	3.06268E+13
80.6572	3.04545E+13
80.6771	3.03049E+13
80.697	3.01899E+13
80.7169	3.01124E+13
80.7368	3.00763E+13
80.7567	3.00837E+13
80.7766	3.01356E+13
80.7965	3.02283E+13
80.8164	3.03582E+13
80.8363	3.0519E+13
80.8562	3.07039E+13
80.8761	3.09013E+13
80.896	3.10924E+13
80.9159	3.127E+13
80.9358	3.14178E+13
80.9557	3.15173E+13
80.9756	3.15521E+13
80.9955	3.15126E+13
81.0154	3.13892E+13
81.0353	3.11721E+13
81.0552	3.08636E+13
81.0751	3.04781E+13
81.095	3.00258E+13
81.1149	2.95339E+13
81.1348	2.90472E+13
81.1547	2.86157E+13
81.1746	2.82743E+13
81.1945	2.80781E+13
81.2144	2.81069E+13
81.2343	2.83697E+13
81.2542	2.87732E+13
81.2741	2.92759E+13
81.294	2.99406E+13
81.3139	3.06156E+13
81.3338	3.06979E+13
81.3537	2.95679E+13
81.3736	2.74141E+13
81.3935	2.52757E+13
81.4134	2.40806E+13
81.4333	2.38395E+13
81.4532	2.3937E+13
81.4731	2.39474E+13
81.493	2.38955E+13
81.5129	2.39035E+13
81.5328	2.39537E+13
81.5527	2.39833E+13
81.5726	2.40084E+13
81.5925	2.40564E+13
81.6124	2.41094E+13
81.6323	2.4152E+13
81.6522	2.41974E+13
81.6721	2.42515E+13
81.692	2.43019E+13
81.7119	2.4346E+13
81.7318	2.43886E+13
81.7517	2.44346E+13
81.7716	2.44743E+13
81.7915	2.45096E+13
81.8114	2.45449E+13
81.8313	2.45764E+13
81.8512	2.46009E+13
81.8711	2.4622E+13
81.891	2.46411E+13
81.9109	2.46553E+13
81.9308	2.46594E+13
81.9507	2.4664E+13
81.9706	2.46671E+13
81.9905	2.46667E+13
82.0104	2.46636E+13
82.0303	2.46583E+13
82.0502	2.46514E+13
82.0701	2.46436E+13
82.09	2.46355E+13
82.1099	2.46279E+13
82.1298	2.46186E+13
82.1497	2.4613E+13
82.1696	2.46102E+13
82.1895	2.46112E+13
82.2094	2.46167E+13
82.2293	2.46277E+13
82.2492	2.46449E+13
82.2691	2.46692E+13
82.289	2.47011E+13
82.3089	2.47413E+13
82.3288	2.47902E+13
82.3487	2.48447E+13
82.3686	2.49109E+13
82.3885	2.49868E+13
82.4084	2.50724E+13
82.4283	2.51674E+13
82.4482	2.52715E+13
82.4681	2.53844E+13
82.488	2.55056E+13
82.5079	2.56343E+13
82.5278	2.57695E+13
82.5477	2.59072E+13
82.5676	2.60506E+13
82.5875	2.61965E+13
82.6074	2.63435E+13
82.6273	2.649E+13
82.6472	2.66342E+13
82.6671	2.67742E+13
82.687	2.6908E+13
82.7069	2.70338E+13
82.7268	2.71495E+13
82.7467	2.72532E+13
82.7666	2.73399E+13
82.7865	2.74131E+13
82.8064	2.74691E+13
82.8263	2.75064E+13
82.8462	2.75238E+13
82.8661	2.75204E+13
82.886	2.74952E+13
82.9059	2.74479E+13
82.9258	2.73786E+13
82.9457	2.72873E+13
82.9656	2.71713E+13
82.9855	2.70372E+13
83.0054	2.68872E+13
83.0253	2.67236E+13
83.0452	2.65457E+13
83.0651	2.6352E+13
83.085	2.61446E+13
83.1049	2.59286E+13
83.1248	2.57094E+13
83.1447	2.54906E+13
83.1646	2.52756E+13
83.1845	2.50646E+13
83.2044	2.48674E+13
83.2243	2.46856E+13
83.2442	2.45223E+13
83.2641	2.43809E+13
83.284	2.42645E+13
83.3039	2.41755E+13
83.3238	2.41156E+13
83.3437	2.40861E+13
83.3636	2.40873E+13
83.3835	2.4116E+13
83.4034	2.41755E+13
83.4233	2.4262E+13
83.4432	2.43725E+13
83.4631	2.45033E+13
83.483	2.46495E+13
83.5029	2.48061E+13
83.5228	2.49672E+13
83.5427	2.51264E+13
83.5626	2.52771E+13
83.5825	2.54126E+13
83.6024	2.55228E+13
83.6223	2.56082E+13
83.6422	2.56612E+13
83.6621	2.56779E+13
83.682	2.56574E+13
83.7019	2.55981E+13
83.7218	2.55028E+13
83.7417	2.53726E+13
83.7616	2.52128E+13
83.7815	2.5037E+13
83.8014	2.48525E+13
83.8213	2.46705E+13
83.8412	2.45062E+13
83.8611	2.43805E+13
83.881	2.43037E+13
83.9009	2.42848E+13
83.9208	2.43435E+13
83.9407	2.4492E+13
83.9606	2.47229E+13
83.9805	2.50314E+13
84.0004	2.54186E+13
84.0203	2.58579E+13
84.0402	2.63086E+13
84.0601	2.67368E+13
84.08	2.71101E+13
84.0999	2.73607E+13
84.1198	2.74281E+13
84.1397	2.73005E+13
84.1596	2.6942E+13
84.1795	2.63063E+13
84.1994	2.55841E+13
84.2193	2.52567E+13
84.2392	2.556E+13
84.2591	2.59413E+13
84.279	2.55247E+13
84.2989	2.41832E+13
84.3188	2.27556E+13
84.3387	2.20486E+13
84.3586	2.20102E+13
84.3785	2.20916E+13
84.3984	2.20346E+13
84.4183	2.19665E+13
84.4382	2.19744E+13
84.4581	2.19854E+13
84.478	2.1954E+13
84.4979	2.19314E+13
84.5178	2.19343E+13
84.5377	2.19254E+13
84.5576	2.19011E+13
84.5775	2.18888E+13
84.5974	2.18856E+13
84.6173	2.18723E+13
84.6372	2.18537E+13
84.6571	2.18478E+13
84.677	2.18444E+13
84.6969	2.18358E+13
84.7168	2.18315E+13
84.7367	2.18365E+13
84.7566	2.18423E+13
84.7765	2.18478E+13
84.7964	2.1861E+13
84.8163	2.18815E+13
84.8362	2.19012E+13
84.8561	2.19207E+13
84.876	2.19495E+13
84.8959	2.1982E+13
84.9158	2.20178E+13
84.9357	2.20568E+13
84.9556	2.20986E+13
84.9755	2.21426E+13
84.9954	2.21884E+13
85.0153	2.22355E+13
85.0352	2.22831E+13
85.0551	2.23279E+13
85.075	2.23732E+13
85.0949	2.24166E+13
85.1148	2.24574E+13
85.1347	2.24945E+13
85.1546	2.25272E+13
85.1745	2.25545E+13
85.1944	2.25756E+13
85.2143	2.25895E+13
85.2342	2.25955E+13
85.2541	2.2593E+13
85.274	2.25783E+13
85.2939	2.25558E+13
85.3138	2.25232E+13
85.3337	2.24801E+13
85.3536	2.24259E+13
85.3735	2.2361E+13
85.3934	2.2287E+13
85.4133	2.22058E+13
85.4332	2.21166E+13
85.4531	2.20168E+13
85.473	2.19022E+13
85.4929	2.17788E+13
85.5128	2.1648E+13
85.5327	2.15121E+13
85.5526	2.13721E+13
85.5725	2.12295E+13
85.5924	2.10863E+13
85.6123	2.09443E+13
85.6322	2.08053E+13
85.6521	2.06713E+13
85.672	2.05443E+13
85.6919	2.04229E+13
85.7118	2.03148E+13
85.7317	2.02197E+13
85.7516	2.01394E+13
85.7715	2.00755E+13
85.7914	2.00296E+13
85.8113	2.00028E+13
85.8312	1.99964E+13
85.8511	2.00109E+13
85.871	2.0047E+13
85.8909	2.01018E+13
85.9108	2.01798E+13
85.9307	2.02785E+13
85.9506	2.03968E+13
85.9705	2.05335E+13
85.9904	2.06868E+13
86.0103	2.08545E+13
86.0302	2.10343E+13
86.0501	2.12231E+13
86.07	2.1418E+13
86.0899	2.16155E+13
86.1098	2.18089E+13
86.1297	2.20004E+13
86.1496	2.2184E+13
86.1695	2.23563E+13
86.1894	2.25142E+13
86.2093	2.26546E+13
86.2292	2.2775E+13
86.2491	2.28732E+13
86.269	2.29474E+13
86.2889	2.2997E+13
86.3088	2.30186E+13
86.3287	2.30177E+13
86.3486	2.29935E+13
86.3685	2.29487E+13
86.3884	2.28863E+13
86.4083	2.28101E+13
86.4282	2.27249E+13
86.4481	2.26362E+13
86.468	2.25495E+13
86.4879	2.24705E+13
86.5078	2.24059E+13
86.5277	2.23583E+13
86.5476	2.23382E+13
86.5675	2.23472E+13
86.5874	2.2391E+13
86.6073	2.247E+13
86.6272	2.25821E+13
86.6471	2.27255E+13
86.667	2.28983E+13
86.6869	2.30916E+13
86.7068	2.32866E+13
86.7267	2.34677E+13
86.7466	2.36395E+13
86.7665	2.38036E+13
86.7864	2.39509E+13
86.8063	2.4062E+13
86.8262	2.41139E+13
86.8461	2.40883E+13
86.866	2.39809E+13
86.8859	2.37973E+13
86.9058	2.35397E+13
86.9257	2.32121E+13
86.9456	2.28488E+13
86.9655	2.24961E+13
86.9854	2.21875E+13
87.0053	2.19552E+13
87.0252	2.1852E+13
87.0451	2.19085E+13
87.065	2.20935E+13
87.0849	2.23942E+13
87.1048	2.28662E+13
87.1247	2.34306E+13
87.1446	2.3649E+13
87.1645	2.29994E+13
87.1844	2.14945E+13
87.2043	1.9851E+13
87.2242	1.88325E+13
87.2441	1.85555E+13
87.264	1.85895E+13
87.2839	1.85729E+13
87.3038	1.84934E+13
87.3237	1.84548E+13
87.3436	1.8452E+13
87.3635	1.84378E+13
87.3834	1.84166E+13
87.4033	1.8413E+13
87.4232	1.84174E+13
87.4431	1.84151E+13
87.463	1.8414E+13
87.4829	1.84217E+13
87.5028	1.84301E+13
87.5227	1.8434E+13
87.5426	1.84388E+13
87.5625	1.84446E+13
87.5824	1.84503E+13
87.6023	1.84453E+13
87.6222	1.84178E+13
87.6421	1.83654E+13
87.662	1.83068E+13
87.6819	1.82674E+13
87.7018	1.82508E+13
87.7217	1.82403E+13
87.7416	1.82222E+13
87.7615	1.81984E+13
87.7814	1.81754E+13
87.8013	1.81486E+13
87.8212	1.81171E+13
87.8411	1.80815E+13
87.861	1.80425E+13
87.8809	1.8E+13
87.9008	1.79541E+13
87.9207	1.79056E+13
87.9406	1.78547E+13
87.9605	1.78021E+13
87.9804	1.77459E+13
88.0003	1.76909E+13
88.0202	1.76359E+13
88.0401	1.75825E+13
88.06	1.75316E+13
88.0799	1.74831E+13
88.0998	1.74387E+13
88.1197	1.74012E+13
88.1396	1.73699E+13
88.1595	1.7343E+13
88.1794	1.73266E+13
88.1993	1.73419E+13
88.2192	1.73936E+13
88.2391	1.74627E+13
88.259	1.75231E+13
88.2789	1.75681E+13
88.2988	1.76109E+13
88.3187	1.76641E+13
88.3386	1.77313E+13
88.3585	1.78111E+13
88.3784	1.78978E+13
88.3983	1.79763E+13
88.4182	1.80453E+13
88.4381	1.81166E+13
88.458	1.82128E+13
88.4779	1.83412E+13
88.4978	1.84892E+13
88.5177	1.8643E+13
88.5376	1.87994E+13
88.5575	1.89598E+13
88.5774	1.91221E+13
88.5973	1.92803E+13
88.6172	1.94366E+13
88.6371	1.95882E+13
88.657	1.97328E+13
88.6769	1.9868E+13
88.6968	1.99922E+13
88.7167	2.01041E+13
88.7366	2.02014E+13
88.7565	2.02828E+13
88.7764	2.03474E+13
88.7963	2.03941E+13
88.8162	2.04192E+13
88.8361	2.04271E+13
88.856	2.0416E+13
88.8759	2.03862E+13
88.8958	2.03382E+13
88.9157	2.02734E+13
88.9356	2.01932E+13
88.9555	2.00994E+13
88.9754	1.99942E+13
88.9953	1.988E+13
89.0152	1.97574E+13
89.0351	1.9633E+13
89.055	1.95084E+13
89.0749	1.93869E+13
89.0948	1.92718E+13
89.1147	1.91662E+13
89.1346	1.9073E+13
89.1545	1.89948E+13
89.1744	1.8934E+13
89.1943	1.88921E+13
89.2142	1.88705E+13
89.2341	1.88671E+13
89.254	1.88859E+13
89.2739	1.89243E+13
89.2938	1.89805E+13
89.3137	1.90519E+13
89.3336	1.91352E+13
89.3535	1.9226E+13
89.3734	1.93198E+13
89.3933	1.94112E+13
89.4132	1.94946E+13
89.4331	1.95617E+13
89.453	1.9611E+13
89.4729	1.96357E+13
89.4928	1.96325E+13
89.5127	1.95969E+13
89.5326	1.95291E+13
89.5525	1.94297E+13
89.5724	1.9298E+13
89.5923	1.91382E+13
89.6122	1.89542E+13
89.6321	1.87504E+13
89.652	1.85376E+13
89.6719	1.83374E+13
89.6918	1.81591E+13
89.7117	1.80117E+13
89.7316	1.79134E+13
89.7515	1.78806E+13
89.7714	1.79155E+13
89.7913	1.80198E+13
89.8112	1.8201E+13
89.8311	1.84508E+13
89.851	1.87381E+13
89.8709	1.90416E+13
89.8908	1.93373E+13
89.9107	1.95735E+13
89.9306	1.9693E+13
89.9505	1.96706E+13
89.9704	1.94718E+13
89.9903	1.90421E+13
90.0102	1.84758E+13
90.0301	1.81098E+13
90.05	1.81871E+13
90.0699	1.84149E+13
90.0898	1.81725E+13
90.1097	1.72603E+13
90.1296	1.62001E+13
90.1495	1.56116E+13
90.1694	1.55413E+13
90.1893	1.56086E+13
90.2092	1.55828E+13
90.2291	1.55329E+13
90.249	1.55404E+13
90.2689	1.55568E+13
90.2888	1.55432E+13
90.3087	1.55303E+13
90.3286	1.55374E+13
90.3485	1.5539E+13
90.3684	1.55272E+13
90.3883	1.55214E+13
90.4082	1.55233E+13
90.4281	1.55185E+13
90.448	1.55094E+13
90.4679	1.55072E+13
90.4878	1.55053E+13
90.5077	1.55007E+13
90.5276	1.54979E+13
90.5475	1.55019E+13
90.5674	1.55074E+13
90.5873	1.55127E+13
90.6072	1.55236E+13
90.6271	1.55413E+13
90.647	1.55604E+13
90.6669	1.55824E+13
90.6868	1.56094E+13
90.7067	1.56429E+13
90.7266	1.56815E+13
90.7465	1.57255E+13
90.7664	1.57748E+13
90.7863	1.58296E+13
90.8062	1.58896E+13
90.8261	1.59548E+13
90.846	1.60249E+13
90.8659	1.60994E+13
90.8858	1.61781E+13
90.9057	1.62579E+13
90.9256	1.63424E+13
90.9455	1.64291E+13
90.9654	1.65174E+13
90.9853	1.66065E+13
91.0052	1.66955E+13
91.0251	1.67835E+13
91.045	1.68694E+13
91.0649	1.69523E+13
91.0848	1.70312E+13
91.1047	1.7103E+13
91.1246	1.71699E+13
91.1445	1.72297E+13
91.1644	1.72813E+13
91.1843	1.73239E+13
91.2042	1.7357E+13
91.2241	1.73795E+13
91.244	1.73906E+13
91.2639	1.73903E+13
91.2838	1.73794E+13
91.3037	1.73585E+13
91.3236	1.73239E+13
91.3435	1.72774E+13
91.3634	1.72165E+13
91.3833	1.71426E+13
91.4032	1.70576E+13
91.4231	1.69628E+13
91.443	1.68588E+13
91.4629	1.67469E+13
91.4828	1.66285E+13
91.5027	1.6505E+13
91.5226	1.63759E+13
91.5425	1.62464E+13
91.5624	1.6117E+13
91.5823	1.59896E+13
91.6022	1.58661E+13
91.6221	1.57486E+13
91.642	1.56388E+13
91.6619	1.55386E+13
91.6818	1.54495E+13
91.7017	1.53729E+13
91.7216	1.53086E+13
91.7415	1.52601E+13
91.7614	1.52273E+13
91.7813	1.52107E+13
91.8012	1.52106E+13
91.8211	1.52266E+13
91.841	1.52582E+13
91.8609	1.53046E+13
91.8808	1.53645E+13
91.9007	1.54362E+13
91.9206	1.55179E+13
91.9405	1.5605E+13
91.9604	1.56987E+13
91.9803	1.57947E+13
92.0002	1.58902E+13
92.0201	1.59826E+13
92.04	1.60688E+13
92.0599	1.61463E+13
92.0798	1.62123E+13
92.0997	1.62646E+13
92.1196	1.63015E+13
92.1395	1.63196E+13
92.1594	1.63215E+13
92.1793	1.63059E+13
92.1992	1.62736E+13
92.2191	1.62262E+13
92.239	1.61657E+13
92.2589	1.60953E+13
92.2788	1.60188E+13
92.2987	1.59405E+13
92.3186	1.58655E+13
92.3385	1.5799E+13
92.3584	1.57442E+13
92.3783	1.57096E+13
92.3982	1.56999E+13
92.4181	1.57175E+13
92.438	1.57649E+13
92.4579	1.58448E+13
92.4778	1.59581E+13
92.4977	1.61035E+13
92.5176	1.62757E+13
92.5375	1.6469E+13
92.5574	1.66752E+13
92.5773	1.68859E+13
92.5972	1.70866E+13
92.6171	1.72658E+13
92.637	1.74116E+13
92.6569	1.75089E+13
92.6768	1.75461E+13
92.6967	1.75196E+13
92.7166	1.74267E+13
92.7365	1.72669E+13
92.7564	1.70554E+13
92.7763	1.68166E+13
92.7962	1.65756E+13
92.8161	1.63631E+13
92.836	1.62383E+13
92.8559	1.62442E+13
92.8758	1.63619E+13
92.8957	1.65736E+13
92.9156	1.69322E+13
92.9355	1.74192E+13
92.9554	1.77271E+13
92.9753	1.74004E+13
92.9952	1.63494E+13
93.0151	1.50721E+13
93.035	1.42106E+13
93.0549	1.39472E+13
93.0748	1.39804E+13
93.0947	1.39961E+13
93.1146	1.3952E+13
93.1345	1.39324E+13
93.1544	1.39471E+13
93.1743	1.39547E+13
93.1942	1.39519E+13
93.2141	1.39633E+13
93.234	1.39833E+13
93.2539	1.39986E+13
93.2738	1.40145E+13
93.2937	1.40381E+13
93.3136	1.40636E+13
93.3335	1.40866E+13
93.3534	1.41121E+13
93.3733	1.41413E+13
93.3932	1.41677E+13
93.4131	1.41934E+13
93.433	1.42204E+13
93.4529	1.42475E+13
93.4728	1.42714E+13
93.4927	1.42932E+13
93.5126	1.43141E+13
93.5325	1.43324E+13
93.5524	1.43454E+13
93.5723	1.43552E+13
93.5922	1.43626E+13
93.6121	1.43634E+13
93.632	1.43603E+13
93.6519	1.43517E+13
93.6718	1.43375E+13
93.6917	1.43174E+13
93.7116	1.42912E+13
93.7315	1.42588E+13
93.7514	1.42203E+13
93.7713	1.41756E+13
93.7912	1.41249E+13
93.8111	1.40668E+13
93.831	1.40042E+13
93.8509	1.39364E+13
93.8708	1.3864E+13
93.8907	1.37875E+13
93.9106	1.37076E+13
93.9305	1.3625E+13
93.9504	1.35406E+13
93.9703	1.34553E+13
93.9902	1.33698E+13
94.0101	1.32854E+13
94.03	1.32009E+13
94.0499	1.31207E+13
94.0698	1.30447E+13
94.0897	1.29737E+13
94.1096	1.2909E+13
94.1295	1.28515E+13
94.1494	1.28023E+13
94.1693	1.27621E+13
94.1892	1.27318E+13
94.2091	1.27121E+13
94.229	1.27018E+13
94.2489	1.27041E+13
94.2688	1.27183E+13
94.2887	1.27445E+13
94.3086	1.27826E+13
94.3285	1.28326E+13
94.3484	1.28941E+13
94.3683	1.29664E+13
94.3882	1.30487E+13
94.4081	1.31402E+13
94.428	1.32397E+13
94.4479	1.33438E+13
94.4678	1.34545E+13
94.4877	1.35691E+13
94.5076	1.36859E+13
94.5275	1.38031E+13
94.5474	1.3919E+13
94.5673	1.40319E+13
94.5872	1.41402E+13
94.6071	1.4242E+13
94.627	1.43358E+13
94.6469	1.44184E+13
94.6668	1.44915E+13
94.6867	1.45528E+13
94.7066	1.46016E+13
94.7265	1.46378E+13
94.7464	1.4662E+13
94.7663	1.46739E+13
94.7862	1.46732E+13
94.8061	1.46598E+13
94.826	1.4635E+13
94.8459	1.46009E+13
94.8658	1.45575E+13
94.8857	1.45105E+13
94.9056	1.44606E+13
94.9255	1.44104E+13
94.9454	1.43624E+13
94.9653	1.43193E+13
94.9852	1.42837E+13
95.0051	1.42579E+13
95.025	1.42441E+13
95.0449	1.42441E+13
95.0648	1.42574E+13
95.0847	1.42877E+13
95.1046	1.43339E+13
95.1245	1.43956E+13
95.1444	1.44715E+13
95.1643	1.45597E+13
95.1842	1.46573E+13
95.2041	1.47607E+13
95.224	1.48658E+13
95.2439	1.49679E+13
95.2638	1.50622E+13
95.2837	1.5141E+13
95.3036	1.5204E+13
95.3235	1.52444E+13
95.3434	1.52581E+13
95.3633	1.52425E+13
95.3832	1.51943E+13
95.4031	1.51156E+13
95.423	1.50092E+13
95.4429	1.4876E+13
95.4628	1.47218E+13
95.4827	1.45568E+13
95.5026	1.43925E+13
95.5225	1.42355E+13
95.5424	1.41005E+13
95.5623	1.40038E+13
95.5822	1.39527E+13
95.6021	1.39526E+13
95.622	1.40145E+13
95.6419	1.41399E+13
95.6618	1.43132E+13
95.6817	1.45185E+13
95.7016	1.47393E+13
95.7215	1.49422E+13
95.7414	1.50779E+13
95.7613	1.51165E+13
95.7812	1.50239E+13
95.8011	1.47452E+13
95.821	1.43184E+13
95.8409	1.39734E+13
95.8608	1.39296E+13
95.8807	1.40484E+13
95.9006	1.38908E+13
95.9205	1.32514E+13
95.9404	1.24501E+13
95.9603	1.19554E+13
95.9802	1.18577E+13
96.0001	1.18948E+13
96.02	1.187E+13
96.0399	1.18154E+13
96.0598	1.18007E+13
96.0797	1.18002E+13
96.0996	1.17765E+13
96.1195	1.17466E+13
96.1394	1.17321E+13
96.1593	1.17152E+13
96.1792	1.16861E+13
96.1991	1.16583E+13
96.219	1.16355E+13
96.2389	1.16071E+13
96.2588	1.15726E+13
96.2787	1.15409E+13
96.2986	1.15102E+13
96.3185	1.14731E+13
96.3384	1.14352E+13
96.3583	1.14008E+13
96.3782	1.1367E+13
96.3981	1.13319E+13
96.418	1.12988E+13
96.4379	1.12691E+13
96.4578	1.12387E+13
96.4777	1.1209E+13
96.4976	1.1184E+13
96.5175	1.11615E+13
96.5374	1.11436E+13
96.5573	1.11301E+13
96.5772	1.11217E+13
96.5971	1.11187E+13
96.617	1.11215E+13
96.6369	1.11304E+13
96.6568	1.11459E+13
96.6767	1.11682E+13
96.6966	1.11974E+13
96.7165	1.12337E+13
96.7364	1.12753E+13
96.7563	1.1325E+13
96.7762	1.13816E+13
96.7961	1.14448E+13
96.816	1.15142E+13
96.8359	1.15895E+13
96.8558	1.16701E+13
96.8757	1.17554E+13
96.8956	1.18447E+13
96.9155	1.19373E+13
96.9354	1.20309E+13
96.9553	1.21267E+13
96.9752	1.22229E+13
96.9951	1.23187E+13
97.015	1.24129E+13
97.0349	1.25047E+13
97.0548	1.25927E+13
97.0747	1.26761E+13
97.0946	1.27538E+13
97.1145	1.28249E+13
97.1344	1.28883E+13
97.1543	1.2942E+13
97.1742	1.29882E+13
97.1941	1.30254E+13
97.214	1.30527E+13
97.2339	1.3069E+13
97.2538	1.3074E+13
97.2737	1.3068E+13
97.2936	1.30516E+13
97.3135	1.30252E+13
97.3334	1.29893E+13
97.3533	1.29432E+13
97.3732	1.28901E+13
97.3931	1.28301E+13
97.413	1.27645E+13
97.4329	1.26945E+13
97.4528	1.26217E+13
97.4727	1.25474E+13
97.4926	1.24733E+13
97.5125	1.24009E+13
97.5324	1.23318E+13
97.5523	1.22675E+13
97.5722	1.22077E+13
97.5921	1.21565E+13
97.612	1.21139E+13
97.6319	1.20808E+13
97.6518	1.2058E+13
97.6717	1.20457E+13
97.6916	1.20443E+13
97.7115	1.20535E+13
97.7314	1.20727E+13
97.7513	1.21011E+13
97.7712	1.21361E+13
97.7911	1.21785E+13
97.811	1.22256E+13
97.8309	1.22754E+13
97.8508	1.23257E+13
97.8707	1.23741E+13
97.8906	1.24183E+13
97.9105	1.2456E+13
97.9304	1.24851E+13
97.9503	1.25033E+13
97.9702	1.25091E+13
97.9901	1.24991E+13
98.01	1.24754E+13
98.0299	1.24368E+13
98.0498	1.23835E+13
98.0697	1.23168E+13
98.0896	1.22383E+13
98.1095	1.21508E+13
98.1294	1.20577E+13
98.1493	1.19635E+13
98.1692	1.18722E+13
98.1891	1.1786E+13
98.209	1.17127E+13
98.2289	1.16553E+13
98.2488	1.16178E+13
98.2687	1.16048E+13
98.2886	1.16193E+13
98.3085	1.16632E+13
98.3284	1.17356E+13
98.3483	1.18341E+13
98.3682	1.1956E+13
98.3881	1.20951E+13
98.408	1.22403E+13
98.4279	1.23849E+13
98.4478	1.25181E+13
98.4677	1.26268E+13
98.4876	1.26982E+13
98.5075	1.27252E+13
98.5274	1.27012E+13
98.5473	1.26204E+13
98.5672	1.24873E+13
98.5871	1.23177E+13
98.607	1.21252E+13
98.6269	1.19332E+13
98.6468	1.17852E+13
98.6667	1.17236E+13
98.6866	1.17489E+13
98.7065	1.1855E+13
98.7264	1.20878E+13
98.7463	1.24564E+13
98.7662	1.27544E+13
98.7861	1.26208E+13
98.806	1.19158E+13
98.8259	1.09577E+13
98.8458	1.02516E+13
98.8657	9.99869E+12
98.8856	1.00072E+13
98.9055	1.00237E+13
98.9254	9.99076E+12
98.9453	9.97017E+12
98.9652	9.9788E+12
98.9851	9.98578E+12
99.005	9.98546E+12
99.0249	9.9934E+12
99.0448	1.00114E+13
99.0647	1.00283E+13
99.0846	1.00466E+13
99.1045	1.00728E+13
99.1244	1.01026E+13
99.1443	1.01321E+13
99.1642	1.01651E+13
99.1841	1.02037E+13
99.204	1.02447E+13
99.2239	1.0287E+13
99.2438	1.03314E+13
99.2637	1.03803E+13
99.2836	1.04301E+13
99.3035	1.04811E+13
99.3234	1.05345E+13
99.3433	1.05892E+13
99.3632	1.06429E+13
99.3831	1.06965E+13
99.403	1.07511E+13
99.4229	1.08045E+13
99.4428	1.0855E+13
99.4627	1.0904E+13
99.4826	1.09502E+13
99.5025	1.0993E+13
99.5224	1.1032E+13
99.5423	1.10666E+13
99.5622	1.10961E+13
99.5821	1.11203E+13
99.602	1.11386E+13
99.6219	1.11506E+13
99.6418	1.11562E+13
99.6617	1.11534E+13
99.6816	1.11446E+13
99.7015	1.11288E+13
99.7214	1.11059E+13
99.7413	1.10759E+13
99.7612	1.1039E+13
99.7811	1.09956E+13
99.801	1.0946E+13
99.8209	1.08906E+13
99.8408	1.08299E+13
99.8607	1.07634E+13
99.8806	1.06937E+13
99.9005	1.06209E+13
99.9204	1.05458E+13
99.9403	1.04693E+13
99.9602	1.03923E+13
99.9801	1.0316E+13
100	1.02411E+13
