500	4.94953E+14
519.904	5.07987E+14
539.808	5.20837E+14
559.712	5.3351E+14
579.616	5.46013E+14
599.52	5.58354E+14
619.424	5.70536E+14
639.328	5.82567E+14
659.232	5.94452E+14
679.136	6.06194E+14
699.04	6.17799E+14
718.944	6.2927E+14
738.848	6.40612E+14
758.752	6.51828E+14
778.656	6.62922E+14
798.56	6.73896E+14
818.464	6.84755E+14
838.368	6.955E+14
858.272	7.06134E+14
878.176	7.16661E+14
898.08	7.27083E+14
917.984	7.37401E+14
937.888	7.47618E+14
957.792	7.57737E+14
977.696	7.67759E+14
997.6	7.77686E+14
1017.5	7.8752E+14
1037.41	7.97263E+14
1057.31	8.06917E+14
1077.21	8.16482E+14
1097.12	8.25962E+14
1117.02	8.35356E+14
1136.93	8.44667E+14
1156.83	8.53897E+14
1176.73	8.63045E+14
1196.64	8.72115E+14
1216.54	8.81106E+14
1236.45	8.9002E+14
1256.35	8.98859E+14
1276.26	9.07623E+14
1296.16	9.16313E+14
1316.06	9.24931E+14
1335.97	9.33478E+14
1355.87	9.41954E+14
1375.78	9.5036E+14
1395.68	9.58698E+14
1415.58	9.66968E+14
1435.49	9.75171E+14
1455.39	9.83308E+14
1475.3	9.91381E+14
1495.2	9.99388E+14
1515.1	1.00733E+15
1535.01	1.01521E+15
1554.91	1.02303E+15
1574.82	1.03079E+15
1594.72	1.03849E+15
1614.62	1.04613E+15
1634.53	1.0537E+15
1654.43	1.06122E+15
1674.34	1.06868E+15
1694.24	1.07609E+15
1714.14	1.08343E+15
1734.05	1.09073E+15
1753.95	1.09796E+15
1773.86	1.10514E+15
1793.76	1.11227E+15
1813.66	1.11934E+15
1833.57	1.12636E+15
1853.47	1.13332E+15
1873.38	1.14023E+15
1893.28	1.1471E+15
1913.18	1.15391E+15
1933.09	1.16066E+15
1952.99	1.16737E+15
1972.9	1.17403E+15
1992.8	1.18064E+15
2012.7	1.1872E+15
2032.61	1.19371E+15
2052.51	1.20017E+15
2072.41	1.20659E+15
2092.32	1.21296E+15
2112.22	1.21928E+15
2132.13	1.22555E+15
2152.03	1.23178E+15
2171.93	1.23796E+15
2191.84	1.2441E+15
2211.74	1.25019E+15
2231.65	1.25624E+15
2251.55	1.26224E+15
2271.45	1.2682E+15
2291.36	1.27411E+15
2311.26	1.27998E+15
2331.17	1.28581E+15
2351.07	1.2916E+15
2370.97	1.29734E+15
2390.88	1.30305E+15
2410.78	1.30871E+15
2430.69	1.31433E+15
2450.59	1.31991E+15
2470.49	1.32544E+15
2490.4	1.33094E+15
2510.3	1.3364E+15
2530.21	1.34182E+15
2550.11	1.34719E+15
2570.01	1.35253E+15
2589.92	1.35783E+15
2609.82	1.36309E+15
2629.73	1.36832E+15
2649.63	1.3735E+15
2669.53	1.37865E+15
2689.44	1.38376E+15
2709.34	1.38883E+15
2729.25	1.39387E+15
2749.15	1.39887E+15
2769.05	1.40383E+15
2788.96	1.40875E+15
2808.86	1.41364E+15
2828.77	1.4185E+15
2848.67	1.42332E+15
2868.57	1.4281E+15
2888.48	1.43285E+15
2908.38	1.43756E+15
2928.29	1.44224E+15
2948.19	1.44689E+15
2968.09	1.4515E+15
2988	1.45607E+15
3007.9	1.46062E+15
3027.81	1.46513E+15
3047.71	1.4696E+15
3067.61	1.47405E+15
3087.52	1.47846E+15
3107.42	1.48284E+15
3127.32	1.48718E+15
3147.23	1.49149E+15
3167.13	1.49578E+15
3187.04	1.50003E+15
3206.94	1.50424E+15
3226.84	1.50843E+15
3246.75	1.51259E+15
3266.65	1.51671E+15
3286.56	1.52081E+15
3306.46	1.52487E+15
3326.36	1.5289E+15
3346.27	1.5329E+15
3366.17	1.53688E+15
3386.08	1.54082E+15
3405.98	1.54473E+15
3425.89	1.54862E+15
3445.79	1.55247E+15
3465.69	1.55629E+15
3485.6	1.56009E+15
3505.5	1.56386E+15
3525.41	1.5676E+15
3545.31	1.57131E+15
3565.21	1.57499E+15
3585.12	1.57864E+15
3605.02	1.58227E+15
3624.93	1.58587E+15
3644.83	1.58944E+15
3664.73	1.59298E+15
3684.64	1.5965E+15
3704.54	1.59999E+15
3724.45	1.60345E+15
3744.35	1.60688E+15
3764.25	1.61029E+15
3784.16	1.61367E+15
3804.06	1.61703E+15
3823.97	1.62036E+15
3843.87	1.62366E+15
3863.77	1.62694E+15
3883.68	1.63019E+15
3903.58	1.63341E+15
3923.49	1.63661E+15
3943.39	1.63979E+15
3963.29	1.64294E+15
3983.2	1.64606E+15
4003.1	1.64916E+15
4023.01	1.65224E+15
4042.91	1.65529E+15
4062.81	1.65832E+15
4082.72	1.66132E+15
4102.62	1.6643E+15
4122.52	1.66725E+15
4142.43	1.67018E+15
4162.33	1.67308E+15
4182.24	1.67597E+15
4202.14	1.67883E+15
4222.04	1.68166E+15
4241.95	1.68447E+15
4261.85	1.68726E+15
4281.76	1.69003E+15
4301.66	1.69277E+15
4321.56	1.69549E+15
4341.47	1.69819E+15
4361.37	1.70086E+15
4381.28	1.70352E+15
4401.18	1.70615E+15
4421.08	1.70875E+15
4440.99	1.71134E+15
4460.89	1.71391E+15
4480.8	1.71645E+15
4500.7	1.71897E+15
4520.6	1.72147E+15
4540.51	1.72395E+15
4560.41	1.7264E+15
4580.32	1.72884E+15
4600.22	1.73125E+15
4620.12	1.73365E+15
4640.03	1.73602E+15
4659.93	1.73837E+15
4679.84	1.7407E+15
4699.74	1.74301E+15
4719.64	1.7453E+15
4739.55	1.74757E+15
4759.45	1.74982E+15
4779.36	1.75205E+15
4799.26	1.75426E+15
4819.16	1.75645E+15
4839.07	1.75862E+15
4858.97	1.76077E+15
4878.88	1.7629E+15
4898.78	1.76501E+15
4918.68	1.7671E+15
4938.59	1.76918E+15
4958.49	1.77123E+15
4978.4	1.77327E+15
4998.3	1.77528E+15
5018.2	1.77728E+15
5038.11	1.77926E+15
5058.01	1.78122E+15
5077.92	1.78316E+15
5097.82	1.78508E+15
5117.72	1.78698E+15
5137.63	1.78887E+15
5157.53	1.79074E+15
5177.44	1.79259E+15
5197.34	1.79442E+15
5217.24	1.79623E+15
5237.15	1.79803E+15
5257.05	1.7998E+15
5276.95	1.80157E+15
5296.86	1.80331E+15
5316.76	1.80503E+15
5336.67	1.80674E+15
5356.57	1.80843E+15
5376.48	1.81011E+15
5396.38	1.81176E+15
5416.28	1.8134E+15
5436.19	1.81503E+15
5456.09	1.81663E+15
5475.99	1.81822E+15
5495.9	1.8198E+15
5515.8	1.82135E+15
5535.71	1.82289E+15
5555.61	1.82442E+15
5575.52	1.82592E+15
5595.42	1.82742E+15
5615.32	1.82889E+15
5635.23	1.83035E+15
5655.13	1.83179E+15
5675.03	1.83322E+15
5694.94	1.83463E+15
5714.84	1.83603E+15
5734.75	1.83741E+15
5754.65	1.83877E+15
5774.56	1.84012E+15
5794.46	1.84146E+15
5814.36	1.84277E+15
5834.27	1.84408E+15
5854.17	1.84537E+15
5874.07	1.84664E+15
5893.98	1.8479E+15
5913.88	1.84914E+15
5933.79	1.85037E+15
5953.69	1.85158E+15
5973.6	1.85278E+15
5993.5	1.85397E+15
6013.4	1.85514E+15
6033.31	1.85629E+15
6053.21	1.85743E+15
6073.11	1.85856E+15
6093.02	1.85967E+15
6112.92	1.86077E+15
6132.83	1.86186E+15
6152.73	1.86293E+15
6172.64	1.86398E+15
6192.54	1.86503E+15
6212.44	1.86606E+15
6232.35	1.86707E+15
6252.25	1.86807E+15
6272.15	1.86906E+15
6292.06	1.87003E+15
6311.96	1.871E+15
6331.87	1.87194E+15
6351.77	1.87288E+15
6371.67	1.8738E+15
6391.58	1.87471E+15
6411.48	1.8756E+15
6431.39	1.87648E+15
6451.29	1.87735E+15
6471.19	1.87821E+15
6491.1	1.87905E+15
6511	1.87988E+15
6530.91	1.8807E+15
6550.81	1.8815E+15
6570.71	1.8823E+15
6590.62	1.88308E+15
6610.52	1.88384E+15
6630.43	1.8846E+15
6650.33	1.88534E+15
6670.23	1.88607E+15
6690.14	1.88679E+15
6710.04	1.8875E+15
6729.95	1.88819E+15
6749.85	1.88887E+15
6769.75	1.88954E+15
6789.66	1.8902E+15
6809.56	1.89085E+15
6829.47	1.89148E+15
6849.37	1.89211E+15
6869.27	1.89272E+15
6889.18	1.89332E+15
6909.08	1.89391E+15
6928.99	1.89448E+15
6948.89	1.89505E+15
6968.79	1.8956E+15
6988.7	1.89615E+15
7008.6	1.89668E+15
7028.51	1.8972E+15
7048.41	1.89771E+15
7068.31	1.89821E+15
7088.22	1.89869E+15
7108.12	1.89917E+15
7128.03	1.89963E+15
7147.93	1.90009E+15
7167.83	1.90053E+15
7187.74	1.90097E+15
7207.64	1.90139E+15
7227.55	1.9018E+15
7247.45	1.9022E+15
7267.35	1.90259E+15
7287.26	1.90297E+15
7307.16	1.90334E+15
7327.06	1.9037E+15
7346.97	1.90405E+15
7366.87	1.90439E+15
7386.78	1.90472E+15
7406.68	1.90504E+15
7426.59	1.90535E+15
7446.49	1.90565E+15
7466.39	1.90594E+15
7486.3	1.90621E+15
7506.2	1.90648E+15
7526.1	1.90674E+15
7546.01	1.90699E+15
7565.91	1.90723E+15
7585.82	1.90746E+15
7605.72	1.90768E+15
7625.63	1.90789E+15
7645.53	1.90809E+15
7665.43	1.90829E+15
7685.34	1.90847E+15
7705.24	1.90864E+15
7725.15	1.90881E+15
7745.05	1.90896E+15
7764.95	1.9091E+15
7784.86	1.90924E+15
7804.76	1.90937E+15
7824.67	1.90949E+15
7844.57	1.90959E+15
7864.47	1.90969E+15
7884.38	1.90979E+15
7904.28	1.90987E+15
7924.19	1.90994E+15
7944.09	1.91E+15
7963.99	1.91006E+15
7983.9	1.91011E+15
8003.8	1.91015E+15
8023.7	1.91017E+15
8043.61	1.9102E+15
8063.51	1.91021E+15
8083.42	1.91021E+15
8103.32	1.91021E+15
8123.23	1.91019E+15
8143.13	1.91017E+15
8163.03	1.91014E+15
8182.94	1.91011E+15
8202.84	1.91006E+15
8222.75	1.91001E+15
8242.65	1.90994E+15
8262.55	1.90987E+15
8282.46	1.90979E+15
8302.36	1.90971E+15
8322.26	1.90961E+15
8342.17	1.90951E+15
8362.07	1.9094E+15
8381.98	1.90928E+15
8401.88	1.90916E+15
8421.78	1.90902E+15
8441.69	1.90888E+15
8461.59	1.90873E+15
8481.5	1.90858E+15
8501.4	1.90841E+15
8521.3	1.90824E+15
8541.21	1.90806E+15
8561.11	1.90787E+15
8581.02	1.90768E+15
8600.92	1.90748E+15
8620.82	1.90727E+15
8640.73	1.90705E+15
8660.63	1.90683E+15
8680.54	1.9066E+15
8700.44	1.90636E+15
8720.34	1.90611E+15
8740.25	1.90586E+15
8760.15	1.9056E+15
8780.06	1.90534E+15
8799.96	1.90506E+15
8819.86	1.90478E+15
8839.77	1.90449E+15
8859.67	1.9042E+15
8879.58	1.9039E+15
8899.48	1.90359E+15
8919.38	1.90327E+15
8939.29	1.90295E+15
8959.19	1.90262E+15
8979.1	1.90229E+15
8999	1.90195E+15
9018.9	1.9016E+15
9038.81	1.90124E+15
9058.71	1.90088E+15
9078.62	1.90051E+15
9098.52	1.90014E+15
9118.42	1.89976E+15
9138.33	1.89937E+15
9158.23	1.89898E+15
9178.14	1.89858E+15
9198.04	1.89817E+15
9217.94	1.89776E+15
9237.85	1.89734E+15
9257.75	1.89692E+15
9277.66	1.89648E+15
9297.56	1.89605E+15
9317.46	1.8956E+15
9337.37	1.89515E+15
9357.27	1.8947E+15
9377.17	1.89424E+15
9397.08	1.89377E+15
9416.98	1.8933E+15
9436.89	1.89282E+15
9456.79	1.89233E+15
9476.69	1.89184E+15
9496.6	1.89134E+15
9516.5	1.89084E+15
9536.41	1.89033E+15
9556.31	1.88982E+15
9576.22	1.8893E+15
9596.12	1.88877E+15
9616.02	1.88824E+15
9635.93	1.88771E+15
9655.83	1.88716E+15
9675.74	1.88662E+15
9695.64	1.88606E+15
9715.54	1.8855E+15
9735.45	1.88494E+15
9755.35	1.88437E+15
9775.25	1.88379E+15
9795.16	1.88321E+15
9815.06	1.88263E+15
9834.97	1.88204E+15
9854.87	1.88144E+15
9874.77	1.88084E+15
9894.68	1.88023E+15
9914.58	1.87962E+15
9934.49	1.87901E+15
9954.39	1.87838E+15
9974.3	1.87776E+15
9994.2	1.87712E+15
10014.1	1.87649E+15
10034	1.87585E+15
10053.9	1.8752E+15
10073.8	1.87455E+15
10093.7	1.87389E+15
10113.6	1.87323E+15
10133.5	1.87256E+15
10153.4	1.87189E+15
10173.3	1.87121E+15
10193.2	1.87053E+15
10213.1	1.86985E+15
10233	1.86916E+15
10253	1.86846E+15
10272.9	1.86776E+15
10292.8	1.86706E+15
10312.7	1.86635E+15
10332.6	1.86563E+15
10352.5	1.86491E+15
10372.4	1.86419E+15
10392.3	1.86346E+15
10412.2	1.86273E+15
10432.1	1.862E+15
10452	1.86126E+15
10471.9	1.86051E+15
10491.8	1.85976E+15
10511.7	1.85901E+15
10531.6	1.85825E+15
10551.5	1.85749E+15
10571.4	1.85672E+15
10591.3	1.85595E+15
10611.2	1.85517E+15
10631.1	1.85439E+15
10651	1.85361E+15
10670.9	1.85282E+15
10690.8	1.85203E+15
10710.7	1.85123E+15
10730.6	1.85043E+15
10750.5	1.84963E+15
10770.5	1.84882E+15
10790.4	1.84801E+15
10810.3	1.84719E+15
10830.2	1.84637E+15
10850.1	1.84555E+15
10870	1.84472E+15
10889.9	1.84389E+15
10909.8	1.84305E+15
10929.7	1.84221E+15
10949.6	1.84137E+15
10969.5	1.84052E+15
10989.4	1.83967E+15
11009.3	1.83882E+15
11029.2	1.83796E+15
11049.1	1.83709E+15
11069	1.83623E+15
11088.9	1.83536E+15
11108.8	1.83449E+15
11128.7	1.83361E+15
11148.6	1.83273E+15
11168.5	1.83184E+15
11188.4	1.83096E+15
11208.3	1.83006E+15
11228.2	1.82917E+15
11248.2	1.82827E+15
11268.1	1.82737E+15
11288	1.82646E+15
11307.9	1.82556E+15
11327.8	1.82464E+15
11347.7	1.82373E+15
11367.6	1.82281E+15
11387.5	1.82189E+15
11407.4	1.82096E+15
11427.3	1.82003E+15
11447.2	1.8191E+15
11467.1	1.81817E+15
11487	1.81723E+15
11506.9	1.81629E+15
11526.8	1.81534E+15
11546.7	1.81439E+15
11566.6	1.81344E+15
11586.5	1.81249E+15
11606.4	1.81153E+15
11626.3	1.81057E+15
11646.2	1.8096E+15
11666.1	1.80864E+15
11686	1.80767E+15
11705.9	1.80669E+15
11725.8	1.80572E+15
11745.7	1.80474E+15
11765.7	1.80376E+15
11785.6	1.80277E+15
11805.5	1.80179E+15
11825.4	1.80079E+15
11845.3	1.7998E+15
11865.2	1.7988E+15
11885.1	1.7978E+15
11905	1.7968E+15
11924.9	1.7958E+15
11944.8	1.79479E+15
11964.7	1.79378E+15
11984.6	1.79277E+15
12004.5	1.79175E+15
12024.4	1.79073E+15
12044.3	1.78971E+15
12064.2	1.78869E+15
12084.1	1.78766E+15
12104	1.78663E+15
12123.9	1.7856E+15
12143.8	1.78456E+15
12163.7	1.78352E+15
12183.6	1.78248E+15
12203.5	1.78144E+15
12223.4	1.7804E+15
12243.3	1.77935E+15
12263.3	1.7783E+15
12283.2	1.77725E+15
12303.1	1.77619E+15
12323	1.77513E+15
12342.9	1.77407E+15
12362.8	1.77301E+15
12382.7	1.77194E+15
12402.6	1.77088E+15
12422.5	1.76981E+15
12442.4	1.76874E+15
12462.3	1.76766E+15
12482.2	1.76658E+15
12502.1	1.7655E+15
12522	1.76442E+15
12541.9	1.76334E+15
12561.8	1.76225E+15
12581.7	1.76116E+15
12601.6	1.76007E+15
12621.5	1.75898E+15
12641.4	1.75789E+15
12661.3	1.75679E+15
12681.2	1.75569E+15
12701.1	1.75459E+15
12721	1.75348E+15
12740.9	1.75238E+15
12760.9	1.75127E+15
12780.8	1.75016E+15
12800.7	1.74905E+15
12820.6	1.74793E+15
12840.5	1.74682E+15
12860.4	1.7457E+15
12880.3	1.74458E+15
12900.2	1.74346E+15
12920.1	1.74233E+15
12940	1.74121E+15
12959.9	1.74008E+15
12979.8	1.73895E+15
12999.7	1.73782E+15
13019.6	1.73668E+15
13039.5	1.73555E+15
13059.4	1.73441E+15
13079.3	1.73327E+15
13099.2	1.73213E+15
13119.1	1.73098E+15
13139	1.72984E+15
13158.9	1.72869E+15
13178.8	1.72754E+15
13198.7	1.72639E+15
13218.6	1.72524E+15
13238.5	1.72408E+15
13258.5	1.72293E+15
13278.4	1.72177E+15
13298.3	1.72061E+15
13318.2	1.71945E+15
13338.1	1.71829E+15
13358	1.71712E+15
13377.9	1.71595E+15
13397.8	1.71479E+15
13417.7	1.71362E+15
13437.6	1.71244E+15
13457.5	1.71127E+15
13477.4	1.7101E+15
13497.3	1.70892E+15
13517.2	1.70774E+15
13537.1	1.70656E+15
13557	1.70538E+15
13576.9	1.7042E+15
13596.8	1.70302E+15
13616.7	1.70183E+15
13636.6	1.70064E+15
13656.5	1.69945E+15
13676.4	1.69826E+15
13696.3	1.69707E+15
13716.2	1.69588E+15
13736.1	1.69469E+15
13756.1	1.69349E+15
13776	1.69229E+15
13795.9	1.69109E+15
13815.8	1.68989E+15
13835.7	1.68869E+15
13855.6	1.68749E+15
13875.5	1.68628E+15
13895.4	1.68508E+15
13915.3	1.68387E+15
13935.2	1.68266E+15
13955.1	1.68145E+15
13975	1.68024E+15
13994.9	1.67903E+15
14014.8	1.67782E+15
14034.7	1.6766E+15
14054.6	1.67539E+15
14074.5	1.67417E+15
14094.4	1.67295E+15
14114.3	1.67173E+15
14134.2	1.67051E+15
14154.1	1.66929E+15
14174	1.66806E+15
14193.9	1.66684E+15
14213.8	1.66561E+15
14233.7	1.66439E+15
14253.7	1.66316E+15
14273.6	1.66193E+15
14293.5	1.6607E+15
14313.4	1.65947E+15
14333.3	1.65824E+15
14353.2	1.657E+15
14373.1	1.65577E+15
14393	1.65453E+15
14412.9	1.65329E+15
14432.8	1.65206E+15
14452.7	1.65082E+15
14472.6	1.64958E+15
14492.5	1.64834E+15
14512.4	1.64709E+15
14532.3	1.64585E+15
14552.2	1.64461E+15
14572.1	1.64336E+15
14592	1.64212E+15
14611.9	1.64087E+15
14631.8	1.63962E+15
14651.7	1.63837E+15
14671.6	1.63712E+15
14691.5	1.63587E+15
14711.4	1.63462E+15
14731.3	1.63337E+15
14751.3	1.63211E+15
14771.2	1.63086E+15
14791.1	1.6296E+15
14811	1.62835E+15
14830.9	1.62709E+15
14850.8	1.62583E+15
14870.7	1.62457E+15
14890.6	1.62331E+15
14910.5	1.62205E+15
14930.4	1.62079E+15
14950.3	1.61953E+15
14970.2	1.61827E+15
14990.1	1.617E+15
15010	1.61574E+15
15029.9	1.61447E+15
15049.8	1.61321E+15
15069.7	1.61194E+15
15089.6	1.61067E+15
15109.5	1.60941E+15
15129.4	1.60814E+15
15149.3	1.60687E+15
15169.2	1.6056E+15
15189.1	1.60433E+15
15209	1.60306E+15
15228.9	1.60178E+15
15248.9	1.60051E+15
15268.8	1.59924E+15
15288.7	1.59796E+15
15308.6	1.59669E+15
15328.5	1.59541E+15
15348.4	1.59414E+15
15368.3	1.59286E+15
15388.2	1.59158E+15
15408.1	1.5903E+15
15428	1.58902E+15
15447.9	1.58775E+15
15467.8	1.58647E+15
15487.7	1.58519E+15
15507.6	1.5839E+15
15527.5	1.58262E+15
15547.4	1.58134E+15
15567.3	1.58006E+15
15587.2	1.57878E+15
15607.1	1.57749E+15
15627	1.57621E+15
15646.9	1.57492E+15
15666.8	1.57364E+15
15686.7	1.57235E+15
15706.6	1.57107E+15
15726.5	1.56978E+15
15746.4	1.56849E+15
15766.4	1.5672E+15
15786.3	1.56592E+15
15806.2	1.56463E+15
15826.1	1.56334E+15
15846	1.56205E+15
15865.9	1.56076E+15
15885.8	1.55947E+15
15905.7	1.55818E+15
15925.6	1.55689E+15
15945.5	1.5556E+15
15965.4	1.55431E+15
15985.3	1.55301E+15
16005.2	1.55172E+15
16025.1	1.55043E+15
16045	1.54914E+15
16064.9	1.54784E+15
16084.8	1.54655E+15
16104.7	1.54525E+15
16124.6	1.54396E+15
16144.5	1.54266E+15
16164.4	1.54137E+15
16184.3	1.54007E+15
16204.2	1.53878E+15
16224.1	1.53748E+15
16244	1.53619E+15
16264	1.53489E+15
16283.9	1.53359E+15
16303.8	1.5323E+15
16323.7	1.531E+15
16343.6	1.5297E+15
16363.5	1.5284E+15
16383.4	1.5271E+15
16403.3	1.52581E+15
16423.2	1.52451E+15
16443.1	1.52321E+15
16463	1.52191E+15
16482.9	1.52061E+15
16502.8	1.51931E+15
16522.7	1.51801E+15
16542.6	1.51671E+15
16562.5	1.51541E+15
16582.4	1.51411E+15
16602.3	1.51281E+15
16622.2	1.51151E+15
16642.1	1.51021E+15
16662	1.50891E+15
16681.9	1.50761E+15
16701.8	1.50631E+15
16721.7	1.505E+15
16741.6	1.5037E+15
16761.6	1.5024E+15
16781.5	1.5011E+15
16801.4	1.4998E+15
16821.3	1.4985E+15
16841.2	1.49719E+15
16861.1	1.49589E+15
16881	1.49459E+15
16900.9	1.49329E+15
16920.8	1.49199E+15
16940.7	1.49068E+15
16960.6	1.48938E+15
16980.5	1.48808E+15
17000.4	1.48678E+15
17020.3	1.48547E+15
17040.2	1.48417E+15
17060.1	1.48287E+15
17080	1.48157E+15
17099.9	1.48026E+15
17119.8	1.47896E+15
17139.7	1.47766E+15
17159.6	1.47635E+15
17179.5	1.47505E+15
17199.4	1.47375E+15
17219.3	1.47245E+15
17239.2	1.47114E+15
17259.2	1.46984E+15
17279.1	1.46854E+15
17299	1.46724E+15
17318.9	1.46593E+15
17338.8	1.46463E+15
17358.7	1.46333E+15
17378.6	1.46203E+15
17398.5	1.46072E+15
17418.4	1.45942E+15
17438.3	1.45812E+15
17458.2	1.45682E+15
17478.1	1.45551E+15
17498	1.45421E+15
17517.9	1.45291E+15
17537.8	1.45161E+15
17557.7	1.45031E+15
17577.6	1.449E+15
17597.5	1.4477E+15
17617.4	1.4464E+15
17637.3	1.4451E+15
17657.2	1.4438E+15
17677.1	1.4425E+15
17697	1.4412E+15
17716.9	1.4399E+15
17736.8	1.4386E+15
17756.8	1.43729E+15
17776.7	1.43599E+15
17796.6	1.43469E+15
17816.5	1.43339E+15
17836.4	1.43209E+15
17856.3	1.43079E+15
17876.2	1.42949E+15
17896.1	1.42819E+15
17916	1.4269E+15
17935.9	1.4256E+15
17955.8	1.4243E+15
17975.7	1.423E+15
17995.6	1.4217E+15
18015.5	1.4204E+15
18035.4	1.4191E+15
18055.3	1.41781E+15
18075.2	1.41651E+15
18095.1	1.41521E+15
18115	1.41391E+15
18134.9	1.41262E+15
18154.8	1.41132E+15
18174.7	1.41002E+15
18194.6	1.40873E+15
18214.5	1.40743E+15
18234.4	1.40614E+15
18254.4	1.40484E+15
18274.3	1.40354E+15
18294.2	1.40225E+15
18314.1	1.40096E+15
18334	1.39966E+15
18353.9	1.39837E+15
18373.8	1.39707E+15
18393.7	1.39578E+15
18413.6	1.39449E+15
18433.5	1.39319E+15
18453.4	1.3919E+15
18473.3	1.39061E+15
18493.2	1.38932E+15
18513.1	1.38802E+15
18533	1.38673E+15
18552.9	1.38544E+15
18572.8	1.38415E+15
18592.7	1.38286E+15
18612.6	1.38157E+15
18632.5	1.38028E+15
18652.4	1.37899E+15
18672.3	1.3777E+15
18692.2	1.37641E+15
18712.1	1.37512E+15
18732	1.37383E+15
18752	1.37255E+15
18771.9	1.37126E+15
18791.8	1.36997E+15
18811.7	1.36868E+15
18831.6	1.3674E+15
18851.5	1.36611E+15
18871.4	1.36483E+15
18891.3	1.36354E+15
18911.2	1.36226E+15
18931.1	1.36097E+15
18951	1.35969E+15
18970.9	1.3584E+15
18990.8	1.35712E+15
19010.7	1.35584E+15
19030.6	1.35455E+15
19050.5	1.35327E+15
19070.4	1.35199E+15
19090.3	1.35071E+15
19110.2	1.34943E+15
19130.1	1.34815E+15
19150	1.34687E+15
19169.9	1.34559E+15
19189.8	1.34431E+15
19209.7	1.34303E+15
19229.6	1.34175E+15
19249.5	1.34047E+15
19269.5	1.3392E+15
19289.4	1.33792E+15
19309.3	1.33664E+15
19329.2	1.33537E+15
19349.1	1.33409E+15
19369	1.33281E+15
19388.9	1.33154E+15
19408.8	1.33027E+15
19428.7	1.32899E+15
19448.6	1.32772E+15
19468.5	1.32644E+15
19488.4	1.32517E+15
19508.3	1.3239E+15
19528.2	1.32263E+15
19548.1	1.32136E+15
19568	1.32009E+15
19587.9	1.31882E+15
19607.8	1.31755E+15
19627.7	1.31628E+15
19647.6	1.31501E+15
19667.5	1.31374E+15
19687.4	1.31247E+15
19707.3	1.31121E+15
19727.2	1.30994E+15
19747.1	1.30867E+15
19767.1	1.30741E+15
19787	1.30614E+15
19806.9	1.30488E+15
19826.8	1.30361E+15
19846.7	1.30235E+15
19866.6	1.30109E+15
19886.5	1.29982E+15
19906.4	1.29856E+15
19926.3	1.2973E+15
19946.2	1.29604E+15
19966.1	1.29478E+15
19986	1.29352E+15
20005.9	1.29226E+15
20025.8	1.291E+15
20045.7	1.28974E+15
20065.6	1.28849E+15
20085.5	1.28723E+15
20105.4	1.28597E+15
20125.3	1.28472E+15
20145.2	1.28346E+15
20165.1	1.28221E+15
20185	1.28095E+15
20204.9	1.2797E+15
20224.8	1.27845E+15
20244.7	1.27719E+15
20264.7	1.27594E+15
20284.6	1.27469E+15
20304.5	1.27344E+15
20324.4	1.27219E+15
20344.3	1.27094E+15
20364.2	1.26969E+15
20384.1	1.26844E+15
20404	1.26719E+15
20423.9	1.26595E+15
20443.8	1.2647E+15
20463.7	1.26345E+15
20483.6	1.26221E+15
20503.5	1.26096E+15
20523.4	1.25972E+15
20543.3	1.25848E+15
20563.2	1.25723E+15
20583.1	1.25599E+15
20603	1.25475E+15
20622.9	1.25351E+15
20642.8	1.25227E+15
20662.7	1.25103E+15
20682.6	1.24979E+15
20702.5	1.24855E+15
20722.4	1.24731E+15
20742.3	1.24607E+15
20762.3	1.24484E+15
20782.2	1.2436E+15
20802.1	1.24236E+15
20822	1.24113E+15
20841.9	1.2399E+15
20861.8	1.23866E+15
20881.7	1.23743E+15
20901.6	1.2362E+15
20921.5	1.23496E+15
20941.4	1.23373E+15
20961.3	1.2325E+15
20981.2	1.23127E+15
21001.1	1.23004E+15
21021	1.22882E+15
21040.9	1.22759E+15
21060.8	1.22636E+15
21080.7	1.22514E+15
21100.6	1.22391E+15
21120.5	1.22268E+15
21140.4	1.22146E+15
21160.3	1.22024E+15
21180.2	1.21901E+15
21200.1	1.21779E+15
21220	1.21657E+15
21239.9	1.21535E+15
21259.9	1.21413E+15
21279.8	1.21291E+15
21299.7	1.21169E+15
21319.6	1.21047E+15
21339.5	1.20925E+15
21359.4	1.20804E+15
21379.3	1.20682E+15
21399.2	1.2056E+15
21419.1	1.20439E+15
21439	1.20317E+15
21458.9	1.20196E+15
21478.8	1.20075E+15
21498.7	1.19954E+15
21518.6	1.19833E+15
21538.5	1.19711E+15
21558.4	1.1959E+15
21578.3	1.1947E+15
21598.2	1.19349E+15
21618.1	1.19228E+15
21638	1.19107E+15
21657.9	1.18987E+15
21677.8	1.18866E+15
21697.7	1.18745E+15
21717.6	1.18625E+15
21737.5	1.18505E+15
21757.5	1.18384E+15
21777.4	1.18264E+15
21797.3	1.18144E+15
21817.2	1.18024E+15
21837.1	1.17904E+15
21857	1.17784E+15
21876.9	1.17664E+15
21896.8	1.17544E+15
21916.7	1.17425E+15
21936.6	1.17305E+15
21956.5	1.17186E+15
21976.4	1.17066E+15
21996.3	1.16947E+15
22016.2	1.16827E+15
22036.1	1.16708E+15
22056	1.16589E+15
22075.9	1.1647E+15
22095.8	1.16351E+15
22115.7	1.16232E+15
22135.6	1.16113E+15
22155.5	1.15994E+15
22175.4	1.15875E+15
22195.3	1.15757E+15
22215.2	1.15638E+15
22235.1	1.1552E+15
22255.1	1.15401E+15
22275	1.15283E+15
22294.9	1.15165E+15
22314.8	1.15046E+15
22334.7	1.14928E+15
22354.6	1.1481E+15
22374.5	1.14692E+15
22394.4	1.14574E+15
22414.3	1.14456E+15
22434.2	1.14339E+15
22454.1	1.14221E+15
22474	1.14103E+15
22493.9	1.13986E+15
22513.8	1.13868E+15
22533.7	1.13751E+15
22553.6	1.13634E+15
22573.5	1.13517E+15
22593.4	1.13399E+15
22613.3	1.13282E+15
22633.2	1.13165E+15
22653.1	1.13048E+15
22673	1.12932E+15
22692.9	1.12815E+15
22712.8	1.12698E+15
22732.7	1.12582E+15
22752.7	1.12465E+15
22772.6	1.12349E+15
22792.5	1.12232E+15
22812.4	1.12116E+15
22832.3	1.12E+15
22852.2	1.11884E+15
22872.1	1.11768E+15
22892	1.11652E+15
22911.9	1.11536E+15
22931.8	1.1142E+15
22951.7	1.11304E+15
22971.6	1.11189E+15
22991.5	1.11073E+15
23011.4	1.10958E+15
23031.3	1.10842E+15
23051.2	1.10727E+15
23071.1	1.10612E+15
23091	1.10497E+15
23110.9	1.10381E+15
23130.8	1.10266E+15
23150.7	1.10152E+15
23170.6	1.10037E+15
23190.5	1.09922E+15
23210.4	1.09807E+15
23230.3	1.09693E+15
23250.3	1.09578E+15
23270.2	1.09464E+15
23290.1	1.09349E+15
23310	1.09235E+15
23329.9	1.09121E+15
23349.8	1.09007E+15
23369.7	1.08893E+15
23389.6	1.08779E+15
23409.5	1.08665E+15
23429.4	1.08551E+15
23449.3	1.08437E+15
23469.2	1.08324E+15
23489.1	1.0821E+15
23509	1.08097E+15
23528.9	1.07983E+15
23548.8	1.0787E+15
23568.7	1.07757E+15
23588.6	1.07644E+15
23608.5	1.07531E+15
23628.4	1.07418E+15
23648.3	1.07305E+15
23668.2	1.07192E+15
23688.1	1.07079E+15
23708	1.06967E+15
23727.9	1.06854E+15
23747.8	1.06742E+15
23767.8	1.06629E+15
23787.7	1.06517E+15
23807.6	1.06405E+15
23827.5	1.06293E+15
23847.4	1.06181E+15
23867.3	1.06069E+15
23887.2	1.05957E+15
23907.1	1.05845E+15
23927	1.05733E+15
23946.9	1.05622E+15
23966.8	1.0551E+15
23986.7	1.05399E+15
24006.6	1.05287E+15
24026.5	1.05176E+15
24046.4	1.05065E+15
24066.3	1.04953E+15
24086.2	1.04842E+15
24106.1	1.04731E+15
24126	1.04621E+15
24145.9	1.0451E+15
24165.8	1.04399E+15
24185.7	1.04288E+15
24205.6	1.04178E+15
24225.5	1.04067E+15
24245.4	1.03957E+15
24265.4	1.03847E+15
24285.3	1.03736E+15
24305.2	1.03626E+15
24325.1	1.03516E+15
24345	1.03406E+15
24364.9	1.03296E+15
24384.8	1.03187E+15
24404.7	1.03077E+15
24424.6	1.02967E+15
24444.5	1.02858E+15
24464.4	1.02748E+15
24484.3	1.02639E+15
24504.2	1.0253E+15
24524.1	1.0242E+15
24544	1.02311E+15
24563.9	1.02202E+15
24583.8	1.02093E+15
24603.7	1.01985E+15
24623.6	1.01876E+15
24643.5	1.01767E+15
24663.4	1.01658E+15
24683.3	1.0155E+15
24703.2	1.01442E+15
24723.1	1.01333E+15
24743	1.01225E+15
24763	1.01117E+15
24782.9	1.01009E+15
24802.8	1.00901E+15
24822.7	1.00793E+15
24842.6	1.00685E+15
24862.5	1.00577E+15
24882.4	1.00469E+15
24902.3	1.00362E+15
24922.2	1.00254E+15
24942.1	1.00147E+15
24962	1.0004E+15
24981.9	9.99324E+14
25001.8	9.98252E+14
25021.7	9.97182E+14
25041.6	9.96112E+14
25061.5	9.95043E+14
25081.4	9.93975E+14
25101.3	9.92908E+14
25121.2	9.91841E+14
25141.1	9.90776E+14
25161	9.89711E+14
25180.9	9.88648E+14
25200.8	9.87585E+14
25220.7	9.86523E+14
25240.6	9.85461E+14
25260.6	9.84401E+14
25280.5	9.83342E+14
25300.4	9.82283E+14
25320.3	9.81225E+14
25340.2	9.80169E+14
25360.1	9.79113E+14
25380	9.78057E+14
25399.9	9.77003E+14
25419.8	9.7595E+14
25439.7	9.74897E+14
25459.6	9.73846E+14
25479.5	9.72795E+14
25499.4	9.71745E+14
25519.3	9.70696E+14
25539.2	9.69648E+14
25559.1	9.686E+14
25579	9.67554E+14
25598.9	9.66508E+14
25618.8	9.65463E+14
25638.7	9.6442E+14
25658.6	9.63377E+14
25678.5	9.62334E+14
25698.4	9.61293E+14
25718.3	9.60253E+14
25738.2	9.59213E+14
25758.2	9.58174E+14
25778.1	9.57137E+14
25798	9.561E+14
25817.9	9.55064E+14
25837.8	9.54028E+14
25857.7	9.52994E+14
25877.6	9.51961E+14
25897.5	9.50928E+14
25917.4	9.49896E+14
25937.3	9.48865E+14
25957.2	9.47835E+14
25977.1	9.46806E+14
25997	9.45778E+14
26016.9	9.44751E+14
26036.8	9.43724E+14
26056.7	9.42699E+14
26076.6	9.41674E+14
26096.5	9.4065E+14
26116.4	9.39627E+14
26136.3	9.38605E+14
26156.2	9.37583E+14
26176.1	9.36563E+14
26196	9.35543E+14
26215.9	9.34525E+14
26235.8	9.33507E+14
26255.8	9.3249E+14
26275.7	9.31474E+14
26295.6	9.30459E+14
26315.5	9.29444E+14
26335.4	9.28431E+14
26355.3	9.27418E+14
26375.2	9.26406E+14
26395.1	9.25396E+14
26415	9.24386E+14
26434.9	9.23377E+14
26454.8	9.22368E+14
26474.7	9.21361E+14
26494.6	9.20354E+14
26514.5	9.19349E+14
26534.4	9.18344E+14
26554.3	9.1734E+14
26574.2	9.16337E+14
26594.1	9.15335E+14
26614	9.14334E+14
26633.9	9.13333E+14
26653.8	9.12334E+14
26673.7	9.11335E+14
26693.6	9.10337E+14
26713.5	9.0934E+14
26733.4	9.08344E+14
26753.4	9.07349E+14
26773.3	9.06355E+14
26793.2	9.05361E+14
26813.1	9.04369E+14
26833	9.03377E+14
26852.9	9.02386E+14
26872.8	9.01396E+14
26892.7	9.00407E+14
26912.6	8.99419E+14
26932.5	8.98432E+14
26952.4	8.97445E+14
26972.3	8.9646E+14
26992.2	8.95475E+14
27012.1	8.94491E+14
27032	8.93508E+14
27051.9	8.92526E+14
27071.8	8.91545E+14
27091.7	8.90564E+14
27111.6	8.89585E+14
27131.5	8.88606E+14
27151.4	8.87628E+14
27171.3	8.86651E+14
27191.2	8.85675E+14
27211.1	8.847E+14
27231	8.83726E+14
27251	8.82752E+14
27270.9	8.8178E+14
27290.8	8.80808E+14
27310.7	8.79837E+14
27330.6	8.78867E+14
27350.5	8.77898E+14
27370.4	8.7693E+14
27390.3	8.75963E+14
27410.2	8.74996E+14
27430.1	8.74031E+14
27450	8.73066E+14
27469.9	8.72102E+14
27489.8	8.71139E+14
27509.7	8.70177E+14
27529.6	8.69215E+14
27549.5	8.68255E+14
27569.4	8.67295E+14
27589.3	8.66337E+14
27609.2	8.65379E+14
27629.1	8.64422E+14
27649	8.63466E+14
27668.9	8.62511E+14
27688.8	8.61556E+14
27708.7	8.60603E+14
27728.6	8.5965E+14
27748.5	8.58698E+14
27768.5	8.57748E+14
27788.4	8.56798E+14
27808.3	8.55848E+14
27828.2	8.549E+14
27848.1	8.53953E+14
27868	8.53006E+14
27887.9	8.5206E+14
27907.8	8.51116E+14
27927.7	8.50172E+14
27947.6	8.49228E+14
27967.5	8.48286E+14
27987.4	8.47345E+14
28007.3	8.46404E+14
28027.2	8.45465E+14
28047.1	8.44526E+14
28067	8.43588E+14
28086.9	8.42651E+14
28106.8	8.41715E+14
28126.7	8.40779E+14
28146.6	8.39845E+14
28166.5	8.38911E+14
28186.4	8.37978E+14
28206.3	8.37046E+14
28226.2	8.36115E+14
28246.1	8.35185E+14
28266.1	8.34256E+14
28286	8.33327E+14
28305.9	8.324E+14
28325.8	8.31473E+14
28345.7	8.30547E+14
28365.6	8.29622E+14
28385.5	8.28698E+14
28405.4	8.27775E+14
28425.3	8.26852E+14
28445.2	8.25931E+14
28465.1	8.2501E+14
28485	8.2409E+14
28504.9	8.23171E+14
28524.8	8.22253E+14
28544.7	8.21335E+14
28564.6	8.20419E+14
28584.5	8.19503E+14
28604.4	8.18589E+14
28624.3	8.17675E+14
28644.2	8.16762E+14
28664.1	8.1585E+14
28684	8.14938E+14
28703.9	8.14028E+14
28723.8	8.13118E+14
28743.7	8.12209E+14
28763.7	8.11301E+14
28783.6	8.10394E+14
28803.5	8.09488E+14
28823.4	8.08583E+14
28843.3	8.07678E+14
28863.2	8.06775E+14
28883.1	8.05872E+14
28903	8.0497E+14
28922.9	8.04069E+14
28942.8	8.03169E+14
28962.7	8.02269E+14
28982.6	8.01371E+14
29002.5	8.00473E+14
29022.4	7.99576E+14
29042.3	7.9868E+14
29062.2	7.97785E+14
29082.1	7.96891E+14
29102	7.95997E+14
29121.9	7.95105E+14
29141.8	7.94213E+14
29161.7	7.93322E+14
29181.6	7.92432E+14
29201.5	7.91543E+14
29221.4	7.90654E+14
29241.3	7.89767E+14
29261.3	7.8888E+14
29281.2	7.87994E+14
29301.1	7.87109E+14
29321	7.86225E+14
29340.9	7.85342E+14
29360.8	7.84459E+14
29380.7	7.83578E+14
29400.6	7.82697E+14
29420.5	7.81817E+14
29440.4	7.80938E+14
29460.3	7.8006E+14
29480.2	7.79182E+14
29500.1	7.78306E+14
29520	7.7743E+14
29539.9	7.76555E+14
29559.8	7.75681E+14
29579.7	7.74808E+14
29599.6	7.73936E+14
29619.5	7.73064E+14
29639.4	7.72194E+14
29659.3	7.71324E+14
29679.2	7.70455E+14
29699.1	7.69587E+14
29719	7.68719E+14
29738.9	7.67853E+14
29758.9	7.66987E+14
29778.8	7.66122E+14
29798.7	7.65258E+14
29818.6	7.64395E+14
29838.5	7.63533E+14
29858.4	7.62671E+14
29878.3	7.61811E+14
29898.2	7.60951E+14
29918.1	7.60092E+14
29938	7.59234E+14
29957.9	7.58376E+14
29977.8	7.5752E+14
29997.7	7.56664E+14
30017.6	7.5581E+14
30037.5	7.54956E+14
30057.4	7.54102E+14
30077.3	7.5325E+14
30097.2	7.52399E+14
30117.1	7.51548E+14
30137	7.50698E+14
30156.9	7.49849E+14
30176.8	7.49001E+14
30196.7	7.48154E+14
30216.6	7.47307E+14
30236.5	7.46461E+14
30256.5	7.45617E+14
30276.4	7.44772E+14
30296.3	7.43929E+14
30316.2	7.43087E+14
30336.1	7.42245E+14
30356	7.41405E+14
30375.9	7.40565E+14
30395.8	7.39726E+14
30415.7	7.38887E+14
30435.6	7.3805E+14
30455.5	7.37213E+14
30475.4	7.36377E+14
30495.3	7.35542E+14
30515.2	7.34708E+14
30535.1	7.33875E+14
30555	7.33042E+14
30574.9	7.32211E+14
30594.8	7.3138E+14
30614.7	7.3055E+14
30634.6	7.29721E+14
30654.5	7.28892E+14
30674.4	7.28065E+14
30694.3	7.27238E+14
30714.2	7.26412E+14
30734.1	7.25587E+14
30754.1	7.24762E+14
30774	7.23939E+14
30793.9	7.23116E+14
30813.8	7.22294E+14
30833.7	7.21473E+14
30853.6	7.20653E+14
30873.5	7.19833E+14
30893.4	7.19015E+14
30913.3	7.18197E+14
30933.2	7.1738E+14
30953.1	7.16564E+14
30973	7.15748E+14
30992.9	7.14934E+14
31012.8	7.1412E+14
31032.7	7.13307E+14
31052.6	7.12495E+14
31072.5	7.11684E+14
31092.4	7.10873E+14
31112.3	7.10063E+14
31132.2	7.09254E+14
31152.1	7.08446E+14
31172	7.07639E+14
31191.9	7.06833E+14
31211.8	7.06027E+14
31231.7	7.05222E+14
31251.7	7.04418E+14
31271.6	7.03615E+14
31291.5	7.02812E+14
31311.4	7.0201E+14
31331.3	7.0121E+14
31351.2	7.0041E+14
31371.1	6.9961E+14
31391	6.98812E+14
31410.9	6.98014E+14
31430.8	6.97217E+14
31450.7	6.96421E+14
31470.6	6.95626E+14
31490.5	6.94831E+14
31510.4	6.94038E+14
31530.3	6.93245E+14
31550.2	6.92453E+14
31570.1	6.91662E+14
31590	6.90871E+14
31609.9	6.90081E+14
31629.8	6.89293E+14
31649.7	6.88504E+14
31669.6	6.87717E+14
31689.5	6.86931E+14
31709.4	6.86145E+14
31729.3	6.8536E+14
31749.3	6.84576E+14
31769.2	6.83793E+14
31789.1	6.8301E+14
31809	6.82228E+14
31828.9	6.81447E+14
31848.8	6.80667E+14
31868.7	6.79888E+14
31888.6	6.79109E+14
31908.5	6.78331E+14
31928.4	6.77554E+14
31948.3	6.76778E+14
31968.2	6.76003E+14
31988.1	6.75228E+14
32008	6.74454E+14
32027.9	6.73681E+14
32047.8	6.72909E+14
32067.7	6.72137E+14
32087.6	6.71367E+14
32107.5	6.70597E+14
32127.4	6.69828E+14
32147.3	6.69059E+14
32167.2	6.68292E+14
32187.1	6.67525E+14
32207	6.66759E+14
32226.9	6.65994E+14
32246.8	6.65229E+14
32266.8	6.64465E+14
32286.7	6.63702E+14
32306.6	6.6294E+14
32326.5	6.62179E+14
32346.4	6.61418E+14
32366.3	6.60659E+14
32386.2	6.599E+14
32406.1	6.59141E+14
32426	6.58384E+14
32445.9	6.57627E+14
32465.8	6.56871E+14
32485.7	6.56116E+14
32505.6	6.55362E+14
32525.5	6.54608E+14
32545.4	6.53855E+14
32565.3	6.53103E+14
32585.2	6.52352E+14
32605.1	6.51601E+14
32625	6.50852E+14
32644.9	6.50103E+14
32664.8	6.49354E+14
32684.7	6.48607E+14
32704.6	6.4786E+14
32724.5	6.47114E+14
32744.4	6.46369E+14
32764.4	6.45625E+14
32784.3	6.44881E+14
32804.2	6.44138E+14
32824.1	6.43396E+14
32844	6.42655E+14
32863.9	6.41915E+14
32883.8	6.41175E+14
32903.7	6.40436E+14
32923.6	6.39698E+14
32943.5	6.3896E+14
32963.4	6.38223E+14
32983.3	6.37487E+14
33003.2	6.36752E+14
33023.1	6.36018E+14
33043	6.35284E+14
33062.9	6.34551E+14
33082.8	6.33819E+14
33102.7	6.33087E+14
33122.6	6.32357E+14
33142.5	6.31627E+14
33162.4	6.30898E+14
33182.3	6.30169E+14
33202.2	6.29442E+14
33222.1	6.28715E+14
33242	6.27989E+14
33262	6.27263E+14
33281.9	6.26539E+14
33301.8	6.25815E+14
33321.7	6.25092E+14
33341.6	6.24369E+14
33361.5	6.23648E+14
33381.4	6.22927E+14
33401.3	6.22207E+14
33421.2	6.21487E+14
33441.1	6.20769E+14
33461	6.20051E+14
33480.9	6.19334E+14
33500.8	6.18617E+14
33520.7	6.17902E+14
33540.6	6.17187E+14
33560.5	6.16473E+14
33580.4	6.15759E+14
33600.3	6.15046E+14
33620.2	6.14335E+14
33640.1	6.13623E+14
33660	6.12913E+14
33679.9	6.12203E+14
33699.8	6.11494E+14
33719.7	6.10786E+14
33739.6	6.10079E+14
33759.6	6.09372E+14
33779.5	6.08666E+14
33799.4	6.07961E+14
33819.3	6.07256E+14
33839.2	6.06552E+14
33859.1	6.05849E+14
33879	6.05147E+14
33898.9	6.04446E+14
33918.8	6.03745E+14
33938.7	6.03045E+14
33958.6	6.02345E+14
33978.5	6.01647E+14
33998.4	6.00949E+14
34018.3	6.00252E+14
34038.2	5.99555E+14
34058.1	5.98859E+14
34078	5.98164E+14
34097.9	5.9747E+14
34117.8	5.96777E+14
34137.7	5.96084E+14
34157.6	5.95392E+14
34177.5	5.94701E+14
34197.4	5.9401E+14
34217.3	5.9332E+14
34237.2	5.92631E+14
34257.2	5.91943E+14
34277.1	5.91255E+14
34297	5.90568E+14
34316.9	5.89882E+14
34336.8	5.89196E+14
34356.7	5.88511E+14
34376.6	5.87827E+14
34396.5	5.87144E+14
34416.4	5.86461E+14
34436.3	5.85779E+14
34456.2	5.85098E+14
34476.1	5.84418E+14
34496	5.83738E+14
34515.9	5.83059E+14
34535.8	5.82381E+14
34555.7	5.81703E+14
34575.6	5.81026E+14
34595.5	5.8035E+14
34615.4	5.79674E+14
34635.3	5.79E+14
34655.2	5.78326E+14
34675.1	5.77652E+14
34695	5.7698E+14
34714.9	5.76308E+14
34734.8	5.75637E+14
34754.8	5.74966E+14
34774.7	5.74297E+14
34794.6	5.73628E+14
34814.5	5.72959E+14
34834.4	5.72292E+14
34854.3	5.71625E+14
34874.2	5.70958E+14
34894.1	5.70293E+14
34914	5.69628E+14
34933.9	5.68964E+14
34953.8	5.68301E+14
34973.7	5.67638E+14
34993.6	5.66976E+14
35013.5	5.66315E+14
35033.4	5.65654E+14
35053.3	5.64994E+14
35073.2	5.64335E+14
35093.1	5.63677E+14
35113	5.63019E+14
35132.9	5.62362E+14
35152.8	5.61706E+14
35172.7	5.6105E+14
35192.6	5.60395E+14
35212.5	5.59741E+14
35232.4	5.59087E+14
35252.3	5.58435E+14
35272.3	5.57782E+14
35292.2	5.57131E+14
35312.1	5.5648E+14
35332	5.5583E+14
35351.9	5.55181E+14
35371.8	5.54532E+14
35391.7	5.53884E+14
35411.6	5.53237E+14
35431.5	5.5259E+14
35451.4	5.51944E+14
35471.3	5.51299E+14
35491.2	5.50655E+14
35511.1	5.50011E+14
35531	5.49368E+14
35550.9	5.48725E+14
35570.8	5.48083E+14
35590.7	5.47442E+14
35610.6	5.46802E+14
35630.5	5.46162E+14
35650.4	5.45523E+14
35670.3	5.44885E+14
35690.2	5.44247E+14
35710.1	5.4361E+14
35730	5.42974E+14
35749.9	5.42338E+14
35769.9	5.41703E+14
35789.8	5.41069E+14
35809.7	5.40436E+14
35829.6	5.39803E+14
35849.5	5.39171E+14
35869.4	5.38539E+14
35889.3	5.37908E+14
35909.2	5.37278E+14
35929.1	5.36649E+14
35949	5.3602E+14
35968.9	5.35392E+14
35988.8	5.34764E+14
36008.7	5.34138E+14
36028.6	5.33512E+14
36048.5	5.32886E+14
36068.4	5.32261E+14
36088.3	5.31637E+14
36108.2	5.31014E+14
36128.1	5.30391E+14
36148	5.29769E+14
36167.9	5.29148E+14
36187.8	5.28527E+14
36207.7	5.27907E+14
36227.6	5.27288E+14
36247.6	5.26669E+14
36267.5	5.26051E+14
36287.4	5.25434E+14
36307.3	5.24817E+14
36327.2	5.24201E+14
36347.1	5.23586E+14
36367	5.22971E+14
36386.9	5.22357E+14
36406.8	5.21743E+14
36426.7	5.21131E+14
36446.6	5.20519E+14
36466.5	5.19907E+14
36486.4	5.19297E+14
36506.3	5.18687E+14
36526.2	5.18077E+14
36546.1	5.17468E+14
36566	5.1686E+14
36585.9	5.16253E+14
36605.8	5.15646E+14
36625.7	5.1504E+14
36645.6	5.14435E+14
36665.5	5.1383E+14
36685.4	5.13226E+14
36705.3	5.12622E+14
36725.2	5.1202E+14
36745.1	5.11417E+14
36765.1	5.10816E+14
36785	5.10215E+14
36804.9	5.09615E+14
36824.8	5.09015E+14
36844.7	5.08416E+14
36864.6	5.07818E+14
36884.5	5.07221E+14
36904.4	5.06624E+14
36924.3	5.06027E+14
36944.2	5.05432E+14
36964.1	5.04837E+14
36984	5.04242E+14
37003.9	5.03649E+14
37023.8	5.03056E+14
37043.7	5.02463E+14
37063.6	5.01872E+14
37083.5	5.0128E+14
37103.4	5.0069E+14
37123.3	5.001E+14
37143.2	4.99511E+14
37163.1	4.98922E+14
37183	4.98335E+14
37202.9	4.97747E+14
37222.8	4.97161E+14
37242.7	4.96575E+14
37262.7	4.95989E+14
37282.6	4.95405E+14
37302.5	4.94821E+14
37322.4	4.94237E+14
37342.3	4.93655E+14
37362.2	4.93072E+14
37382.1	4.92491E+14
37402	4.9191E+14
37421.9	4.9133E+14
37441.8	4.9075E+14
37461.7	4.90171E+14
37481.6	4.89593E+14
37501.5	4.89015E+14
37521.4	4.88438E+14
37541.3	4.87862E+14
37561.2	4.87286E+14
37581.1	4.86711E+14
37601	4.86136E+14
37620.9	4.85562E+14
37640.8	4.84989E+14
37660.7	4.84416E+14
37680.6	4.83844E+14
37700.5	4.83273E+14
37720.4	4.82702E+14
37740.3	4.82132E+14
37760.3	4.81563E+14
37780.2	4.80994E+14
37800.1	4.80426E+14
37820	4.79858E+14
37839.9	4.79291E+14
37859.8	4.78724E+14
37879.7	4.78159E+14
37899.6	4.77594E+14
37919.5	4.77029E+14
37939.4	4.76465E+14
37959.3	4.75902E+14
37979.2	4.75339E+14
37999.1	4.74777E+14
38019	4.74216E+14
38038.9	4.73655E+14
38058.8	4.73095E+14
38078.7	4.72535E+14
38098.6	4.71976E+14
38118.5	4.71418E+14
38138.4	4.7086E+14
38158.3	4.70303E+14
38178.2	4.69747E+14
38198.1	4.69191E+14
38218	4.68635E+14
38237.9	4.68081E+14
38257.9	4.67527E+14
38277.8	4.66973E+14
38297.7	4.6642E+14
38317.6	4.65868E+14
38337.5	4.65317E+14
38357.4	4.64766E+14
38377.3	4.64215E+14
38397.2	4.63665E+14
38417.1	4.63116E+14
38437	4.62568E+14
38456.9	4.6202E+14
38476.8	4.61472E+14
38496.7	4.60926E+14
38516.6	4.6038E+14
38536.5	4.59834E+14
38556.4	4.59289E+14
38576.3	4.58745E+14
38596.2	4.58201E+14
38616.1	4.57658E+14
38636	4.57115E+14
38655.9	4.56573E+14
38675.8	4.56032E+14
38695.7	4.55491E+14
38715.6	4.54951E+14
38735.5	4.54412E+14
38755.5	4.53873E+14
38775.4	4.53334E+14
38795.3	4.52797E+14
38815.2	4.5226E+14
38835.1	4.51723E+14
38855	4.51187E+14
38874.9	4.50652E+14
38894.8	4.50117E+14
38914.7	4.49583E+14
38934.6	4.49049E+14
38954.5	4.48516E+14
38974.4	4.47984E+14
38994.3	4.47452E+14
39014.2	4.46921E+14
39034.1	4.4639E+14
39054	4.4586E+14
39073.9	4.45331E+14
39093.8	4.44802E+14
39113.7	4.44274E+14
39133.6	4.43746E+14
39153.5	4.43219E+14
39173.4	4.42692E+14
39193.3	4.42166E+14
39213.2	4.41641E+14
39233.1	4.41116E+14
39253.1	4.40592E+14
39273	4.40069E+14
39292.9	4.39546E+14
39312.8	4.39023E+14
39332.7	4.38501E+14
39352.6	4.3798E+14
39372.5	4.37459E+14
39392.4	4.36939E+14
39412.3	4.3642E+14
39432.2	4.35901E+14
39452.1	4.35382E+14
39472	4.34865E+14
39491.9	4.34348E+14
39511.8	4.33831E+14
39531.7	4.33315E+14
39551.6	4.32799E+14
39571.5	4.32284E+14
39591.4	4.3177E+14
39611.3	4.31256E+14
39631.2	4.30743E+14
39651.1	4.30231E+14
39671	4.29719E+14
39690.9	4.29207E+14
39710.8	4.28696E+14
39730.7	4.28186E+14
39750.7	4.27676E+14
39770.6	4.27167E+14
39790.5	4.26658E+14
39810.4	4.2615E+14
39830.3	4.25643E+14
39850.2	4.25136E+14
39870.1	4.2463E+14
39890	4.24124E+14
39909.9	4.23619E+14
39929.8	4.23114E+14
39949.7	4.2261E+14
39969.6	4.22106E+14
39989.5	4.21604E+14
40009.4	4.21101E+14
40029.3	4.20599E+14
40049.2	4.20098E+14
40069.1	4.19597E+14
40089	4.19097E+14
40108.9	4.18598E+14
40128.8	4.18099E+14
40148.7	4.176E+14
40168.6	4.17102E+14
40188.5	4.16605E+14
40208.4	4.16108E+14
40228.3	4.15612E+14
40248.3	4.15116E+14
40268.2	4.14621E+14
40288.1	4.14127E+14
40308	4.13633E+14
40327.9	4.13139E+14
40347.8	4.12646E+14
40367.7	4.12154E+14
40387.6	4.11662E+14
40407.5	4.11171E+14
40427.4	4.1068E+14
40447.3	4.1019E+14
40467.2	4.09701E+14
40487.1	4.09212E+14
40507	4.08723E+14
40526.9	4.08235E+14
40546.8	4.07748E+14
40566.7	4.07261E+14
40586.6	4.06775E+14
40606.5	4.06289E+14
40626.4	4.05804E+14
40646.3	4.05319E+14
40666.2	4.04835E+14
40686.1	4.04351E+14
40706	4.03868E+14
40725.9	4.03386E+14
40745.8	4.02904E+14
40765.8	4.02423E+14
40785.7	4.01942E+14
40805.6	4.01462E+14
40825.5	4.00982E+14
40845.4	4.00503E+14
40865.3	4.00024E+14
40885.2	3.99546E+14
40905.1	3.99068E+14
40925	3.98591E+14
40944.9	3.98115E+14
40964.8	3.97639E+14
40984.7	3.97163E+14
41004.6	3.96688E+14
41024.5	3.96214E+14
41044.4	3.9574E+14
41064.3	3.95267E+14
41084.2	3.94794E+14
41104.1	3.94322E+14
41124	3.9385E+14
41143.9	3.93379E+14
41163.8	3.92908E+14
41183.7	3.92438E+14
41203.6	3.91969E+14
41223.5	3.915E+14
41243.4	3.91031E+14
41263.4	3.90563E+14
41283.3	3.90096E+14
41303.2	3.89629E+14
41323.1	3.89162E+14
41343	3.88697E+14
41362.9	3.88231E+14
41382.8	3.87766E+14
41402.7	3.87302E+14
41422.6	3.86838E+14
41442.5	3.86375E+14
41462.4	3.85912E+14
41482.3	3.8545E+14
41502.2	3.84989E+14
41522.1	3.84527E+14
41542	3.84067E+14
41561.9	3.83607E+14
41581.8	3.83147E+14
41601.7	3.82688E+14
41621.6	3.82229E+14
41641.5	3.81771E+14
41661.4	3.81314E+14
41681.3	3.80857E+14
41701.2	3.80401E+14
41721.1	3.79945E+14
41741	3.79489E+14
41761	3.79034E+14
41780.9	3.7858E+14
41800.8	3.78126E+14
41820.7	3.77673E+14
41840.6	3.7722E+14
41860.5	3.76767E+14
41880.4	3.76316E+14
41900.3	3.75864E+14
41920.2	3.75414E+14
41940.1	3.74963E+14
41960	3.74513E+14
41979.9	3.74064E+14
41999.8	3.73615E+14
42019.7	3.73167E+14
42039.6	3.72719E+14
42059.5	3.72272E+14
42079.4	3.71826E+14
42099.3	3.71379E+14
42119.2	3.70934E+14
42139.1	3.70488E+14
42159	3.70044E+14
42178.9	3.696E+14
42198.8	3.69156E+14
42218.7	3.68713E+14
42238.6	3.6827E+14
42258.6	3.67828E+14
42278.5	3.67386E+14
42298.4	3.66945E+14
42318.3	3.66504E+14
42338.2	3.66064E+14
42358.1	3.65625E+14
42378	3.65186E+14
42397.9	3.64747E+14
42417.8	3.64309E+14
42437.7	3.63871E+14
42457.6	3.63434E+14
42477.5	3.62997E+14
42497.4	3.62561E+14
42517.3	3.62125E+14
42537.2	3.6169E+14
42557.1	3.61256E+14
42577	3.60821E+14
42596.9	3.60388E+14
42616.8	3.59955E+14
42636.7	3.59522E+14
42656.6	3.5909E+14
42676.5	3.58658E+14
42696.4	3.58227E+14
42716.3	3.57796E+14
42736.2	3.57366E+14
42756.2	3.56936E+14
42776.1	3.56507E+14
42796	3.56078E+14
42815.9	3.5565E+14
42835.8	3.55222E+14
42855.7	3.54795E+14
42875.6	3.54368E+14
42895.5	3.53942E+14
42915.4	3.53516E+14
42935.3	3.53091E+14
42955.2	3.52666E+14
42975.1	3.52241E+14
42995	3.51818E+14
43014.9	3.51394E+14
43034.8	3.50971E+14
43054.7	3.50549E+14
43074.6	3.50127E+14
43094.5	3.49706E+14
43114.4	3.49285E+14
43134.3	3.48864E+14
43154.2	3.48444E+14
43174.1	3.48025E+14
43194	3.47605E+14
43213.9	3.47187E+14
43233.8	3.46769E+14
43253.8	3.46351E+14
43273.7	3.45934E+14
43293.6	3.45517E+14
43313.5	3.45101E+14
43333.4	3.44686E+14
43353.3	3.4427E+14
43373.2	3.43856E+14
43393.1	3.43441E+14
43413	3.43028E+14
43432.9	3.42614E+14
43452.8	3.42201E+14
43472.7	3.41789E+14
43492.6	3.41377E+14
43512.5	3.40966E+14
43532.4	3.40555E+14
43552.3	3.40144E+14
43572.2	3.39734E+14
43592.1	3.39325E+14
43612	3.38916E+14
43631.9	3.38507E+14
43651.8	3.38099E+14
43671.7	3.37691E+14
43691.6	3.37284E+14
43711.5	3.36877E+14
43731.4	3.36471E+14
43751.3	3.36065E+14
43771.3	3.3566E+14
43791.2	3.35255E+14
43811.1	3.34851E+14
43831	3.34447E+14
43850.9	3.34043E+14
43870.8	3.3364E+14
43890.7	3.33238E+14
43910.6	3.32836E+14
43930.5	3.32434E+14
43950.4	3.32033E+14
43970.3	3.31632E+14
43990.2	3.31232E+14
44010.1	3.30832E+14
44030	3.30433E+14
44049.9	3.30034E+14
44069.8	3.29635E+14
44089.7	3.29238E+14
44109.6	3.2884E+14
44129.5	3.28443E+14
44149.4	3.28046E+14
44169.3	3.2765E+14
44189.2	3.27255E+14
44209.1	3.2686E+14
44229	3.26465E+14
44248.9	3.2607E+14
44268.9	3.25677E+14
44288.8	3.25283E+14
44308.7	3.2489E+14
44328.6	3.24498E+14
44348.5	3.24106E+14
44368.4	3.23714E+14
44388.3	3.23323E+14
44408.2	3.22933E+14
44428.1	3.22542E+14
44448	3.22153E+14
44467.9	3.21763E+14
44487.8	3.21374E+14
44507.7	3.20986E+14
44527.6	3.20598E+14
44547.5	3.2021E+14
44567.4	3.19823E+14
44587.3	3.19437E+14
44607.2	3.19051E+14
44627.1	3.18665E+14
44647	3.1828E+14
44666.9	3.17895E+14
44686.8	3.1751E+14
44706.7	3.17126E+14
44726.6	3.16743E+14
44746.5	3.1636E+14
44766.5	3.15977E+14
44786.4	3.15595E+14
44806.3	3.15213E+14
44826.2	3.14832E+14
44846.1	3.14451E+14
44866	3.14071E+14
44885.9	3.13691E+14
44905.8	3.13311E+14
44925.7	3.12932E+14
44945.6	3.12553E+14
44965.5	3.12175E+14
44985.4	3.11797E+14
45005.3	3.1142E+14
45025.2	3.11043E+14
45045.1	3.10667E+14
45065	3.1029E+14
45084.9	3.09915E+14
45104.8	3.0954E+14
45124.7	3.09165E+14
45144.6	3.08791E+14
45164.5	3.08417E+14
45184.4	3.08043E+14
45204.3	3.0767E+14
45224.2	3.07298E+14
45244.1	3.06926E+14
45264.1	3.06554E+14
45284	3.06183E+14
45303.9	3.05812E+14
45323.8	3.05441E+14
45343.7	3.05071E+14
45363.6	3.04702E+14
45383.5	3.04333E+14
45403.4	3.03964E+14
45423.3	3.03596E+14
45443.2	3.03228E+14
45463.1	3.0286E+14
45483	3.02493E+14
45502.9	3.02127E+14
45522.8	3.01761E+14
45542.7	3.01395E+14
45562.6	3.0103E+14
45582.5	3.00665E+14
45602.4	3.003E+14
45622.3	2.99936E+14
45642.2	2.99573E+14
45662.1	2.99209E+14
45682	2.98847E+14
45701.9	2.98484E+14
45721.8	2.98122E+14
45741.7	2.97761E+14
45761.7	2.974E+14
45781.6	2.97039E+14
45801.5	2.96679E+14
45821.4	2.96319E+14
45841.3	2.9596E+14
45861.2	2.95601E+14
45881.1	2.95242E+14
45901	2.94884E+14
45920.9	2.94526E+14
45940.8	2.94169E+14
45960.7	2.93812E+14
45980.6	2.93455E+14
46000.5	2.93099E+14
46020.4	2.92744E+14
46040.3	2.92388E+14
46060.2	2.92034E+14
46080.1	2.91679E+14
46100	2.91325E+14
46119.9	2.90971E+14
46139.8	2.90618E+14
46159.7	2.90266E+14
46179.6	2.89913E+14
46199.5	2.89561E+14
46219.4	2.8921E+14
46239.3	2.88858E+14
46259.3	2.88508E+14
46279.2	2.88157E+14
46299.1	2.87807E+14
46319	2.87458E+14
46338.9	2.87109E+14
46358.8	2.8676E+14
46378.7	2.86412E+14
46398.6	2.86064E+14
46418.5	2.85717E+14
46438.4	2.85369E+14
46458.3	2.85023E+14
46478.2	2.84677E+14
46498.1	2.84331E+14
46518	2.83985E+14
46537.9	2.8364E+14
46557.8	2.83295E+14
46577.7	2.82951E+14
46597.6	2.82607E+14
46617.5	2.82264E+14
46637.4	2.81921E+14
46657.3	2.81578E+14
46677.2	2.81236E+14
46697.1	2.80894E+14
46717	2.80553E+14
46736.9	2.80212E+14
46756.9	2.79871E+14
46776.8	2.79531E+14
46796.7	2.79191E+14
46816.6	2.78851E+14
46836.5	2.78512E+14
46856.4	2.78174E+14
46876.3	2.77835E+14
46896.2	2.77497E+14
46916.1	2.7716E+14
46936	2.76823E+14
46955.9	2.76486E+14
46975.8	2.7615E+14
46995.7	2.75814E+14
47015.6	2.75478E+14
47035.5	2.75143E+14
47055.4	2.74809E+14
47075.3	2.74474E+14
47095.2	2.7414E+14
47115.1	2.73807E+14
47135	2.73473E+14
47154.9	2.73141E+14
47174.8	2.72808E+14
47194.7	2.72476E+14
47214.6	2.72145E+14
47234.5	2.71813E+14
47254.5	2.71483E+14
47274.4	2.71152E+14
47294.3	2.70822E+14
47314.2	2.70492E+14
47334.1	2.70163E+14
47354	2.69834E+14
47373.9	2.69506E+14
47393.8	2.69177E+14
47413.7	2.6885E+14
47433.6	2.68522E+14
47453.5	2.68195E+14
47473.4	2.67869E+14
47493.3	2.67543E+14
47513.2	2.67217E+14
47533.1	2.66891E+14
47553	2.66566E+14
47572.9	2.66241E+14
47592.8	2.65917E+14
47612.7	2.65593E+14
47632.6	2.6527E+14
47652.5	2.64946E+14
47672.4	2.64624E+14
47692.3	2.64301E+14
47712.2	2.63979E+14
47732.1	2.63657E+14
47752.1	2.63336E+14
47772	2.63015E+14
47791.9	2.62695E+14
47811.8	2.62374E+14
47831.7	2.62055E+14
47851.6	2.61735E+14
47871.5	2.61416E+14
47891.4	2.61098E+14
47911.3	2.60779E+14
47931.2	2.60461E+14
47951.1	2.60144E+14
47971	2.59827E+14
47990.9	2.5951E+14
48010.8	2.59193E+14
48030.7	2.58877E+14
48050.6	2.58562E+14
48070.5	2.58246E+14
48090.4	2.57931E+14
48110.3	2.57617E+14
48130.2	2.57303E+14
48150.1	2.56989E+14
48170	2.56675E+14
48189.9	2.56362E+14
48209.8	2.56049E+14
48229.7	2.55737E+14
48249.7	2.55425E+14
48269.6	2.55113E+14
48289.5	2.54802E+14
48309.4	2.54491E+14
48329.3	2.54181E+14
48349.2	2.53871E+14
48369.1	2.53561E+14
48389	2.53251E+14
48408.9	2.52942E+14
48428.8	2.52633E+14
48448.7	2.52325E+14
48468.6	2.52017E+14
48488.5	2.51709E+14
48508.4	2.51402E+14
48528.3	2.51095E+14
48548.2	2.50789E+14
48568.1	2.50483E+14
48588	2.50177E+14
48607.9	2.49871E+14
48627.8	2.49566E+14
48647.7	2.49261E+14
48667.6	2.48957E+14
48687.5	2.48653E+14
48707.4	2.48349E+14
48727.3	2.48046E+14
48747.2	2.47743E+14
48767.2	2.4744E+14
48787.1	2.47138E+14
48807	2.46836E+14
48826.9	2.46535E+14
48846.8	2.46234E+14
48866.7	2.45933E+14
48886.6	2.45632E+14
48906.5	2.45332E+14
48926.4	2.45032E+14
48946.3	2.44733E+14
48966.2	2.44434E+14
48986.1	2.44135E+14
49006	2.43837E+14
49025.9	2.43539E+14
49045.8	2.43241E+14
49065.7	2.42944E+14
49085.6	2.42647E+14
49105.5	2.4235E+14
49125.4	2.42054E+14
49145.3	2.41758E+14
49165.2	2.41463E+14
49185.1	2.41167E+14
49205	2.40873E+14
49224.9	2.40578E+14
49244.8	2.40284E+14
49264.8	2.3999E+14
49284.7	2.39697E+14
49304.6	2.39404E+14
49324.5	2.39111E+14
49344.4	2.38818E+14
49364.3	2.38526E+14
49384.2	2.38235E+14
49404.1	2.37943E+14
49424	2.37652E+14
49443.9	2.37361E+14
49463.8	2.37071E+14
49483.7	2.36781E+14
49503.6	2.36491E+14
49523.5	2.36202E+14
49543.4	2.35913E+14
49563.3	2.35624E+14
49583.2	2.35336E+14
49603.1	2.35048E+14
49623	2.3476E+14
49642.9	2.34473E+14
49662.8	2.34186E+14
49682.7	2.339E+14
49702.6	2.33613E+14
49722.5	2.33327E+14
49742.4	2.33042E+14
49762.4	2.32756E+14
49782.3	2.32472E+14
49802.2	2.32187E+14
49822.1	2.31903E+14
49842	2.31619E+14
49861.9	2.31335E+14
49881.8	2.31052E+14
49901.7	2.30769E+14
49921.6	2.30486E+14
49941.5	2.30204E+14
49961.4	2.29922E+14
49981.3	2.29641E+14
50001.2	2.29359E+14
50021.1	2.29079E+14
50041	2.28798E+14
50060.9	2.28518E+14
50080.8	2.28238E+14
50100.7	2.27958E+14
50120.6	2.27679E+14
50140.5	2.274E+14
50160.4	2.27121E+14
50180.3	2.26843E+14
50200.2	2.26565E+14
50220.1	2.26288E+14
50240	2.2601E+14
50260	2.25733E+14
50279.9	2.25457E+14
50299.8	2.25181E+14
50319.7	2.24905E+14
50339.6	2.24629E+14
50359.5	2.24354E+14
50379.4	2.24079E+14
50399.3	2.23804E+14
50419.2	2.2353E+14
50439.1	2.23256E+14
50459	2.22982E+14
50478.9	2.22709E+14
50498.8	2.22436E+14
50518.7	2.22163E+14
50538.6	2.21891E+14
50558.5	2.21618E+14
50578.4	2.21347E+14
50598.3	2.21075E+14
50618.2	2.20804E+14
50638.1	2.20533E+14
50658	2.20263E+14
50677.9	2.19993E+14
50697.8	2.19723E+14
50717.7	2.19454E+14
50737.6	2.19184E+14
50757.6	2.18915E+14
50777.5	2.18647E+14
50797.4	2.18379E+14
50817.3	2.18111E+14
50837.2	2.17843E+14
50857.1	2.17576E+14
50877	2.17309E+14
50896.9	2.17042E+14
50916.8	2.16776E+14
50936.7	2.1651E+14
50956.6	2.16244E+14
50976.5	2.15979E+14
50996.4	2.15714E+14
51016.3	2.15449E+14
51036.2	2.15185E+14
51056.1	2.14921E+14
51076	2.14657E+14
51095.9	2.14393E+14
51115.8	2.1413E+14
51135.7	2.13867E+14
51155.6	2.13605E+14
51175.5	2.13343E+14
51195.4	2.13081E+14
51215.3	2.12819E+14
51235.2	2.12558E+14
51255.2	2.12297E+14
51275.1	2.12036E+14
51295	2.11776E+14
51314.9	2.11516E+14
51334.8	2.11256E+14
51354.7	2.10997E+14
51374.6	2.10737E+14
51394.5	2.10479E+14
51414.4	2.1022E+14
51434.3	2.09962E+14
51454.2	2.09704E+14
51474.1	2.09446E+14
51494	2.09189E+14
51513.9	2.08932E+14
51533.8	2.08675E+14
51553.7	2.08419E+14
51573.6	2.08163E+14
51593.5	2.07907E+14
51613.4	2.07652E+14
51633.3	2.07397E+14
51653.2	2.07142E+14
51673.1	2.06887E+14
51693	2.06633E+14
51712.9	2.06379E+14
51732.8	2.06125E+14
51752.8	2.05872E+14
51772.7	2.05619E+14
51792.6	2.05366E+14
51812.5	2.05114E+14
51832.4	2.04862E+14
51852.3	2.0461E+14
51872.2	2.04358E+14
51892.1	2.04107E+14
51912	2.03856E+14
51931.9	2.03606E+14
51951.8	2.03355E+14
51971.7	2.03105E+14
51991.6	2.02855E+14
52011.5	2.02606E+14
52031.4	2.02357E+14
52051.3	2.02108E+14
52071.2	2.01859E+14
52091.1	2.01611E+14
52111	2.01363E+14
52130.9	2.01116E+14
52150.8	2.00868E+14
52170.7	2.00621E+14
52190.6	2.00374E+14
52210.5	2.00128E+14
52230.4	1.99882E+14
52250.3	1.99636E+14
52270.3	1.9939E+14
52290.2	1.99145E+14
52310.1	1.989E+14
52330	1.98655E+14
52349.9	1.98411E+14
52369.8	1.98167E+14
52389.7	1.97923E+14
52409.6	1.97679E+14
52429.5	1.97436E+14
52449.4	1.97193E+14
52469.3	1.9695E+14
52489.2	1.96708E+14
52509.1	1.96466E+14
52529	1.96224E+14
52548.9	1.95982E+14
52568.8	1.95741E+14
52588.7	1.955E+14
52608.6	1.95259E+14
52628.5	1.95019E+14
52648.4	1.94779E+14
52668.3	1.94539E+14
52688.2	1.943E+14
52708.1	1.9406E+14
52728	1.93821E+14
52747.9	1.93583E+14
52767.9	1.93344E+14
52787.8	1.93106E+14
52807.7	1.92868E+14
52827.6	1.92631E+14
52847.5	1.92394E+14
52867.4	1.92157E+14
52887.3	1.9192E+14
52907.2	1.91684E+14
52927.1	1.91448E+14
52947	1.91212E+14
52966.9	1.90976E+14
52986.8	1.90741E+14
53006.7	1.90506E+14
53026.6	1.90271E+14
53046.5	1.90037E+14
53066.4	1.89803E+14
53086.3	1.89569E+14
53106.2	1.89335E+14
53126.1	1.89102E+14
53146	1.88869E+14
53165.9	1.88636E+14
53185.8	1.88404E+14
53205.7	1.88171E+14
53225.6	1.8794E+14
53245.5	1.87708E+14
53265.5	1.87477E+14
53285.4	1.87245E+14
53305.3	1.87015E+14
53325.2	1.86784E+14
53345.1	1.86554E+14
53365	1.86324E+14
53384.9	1.86094E+14
53404.8	1.85865E+14
53424.7	1.85636E+14
53444.6	1.85407E+14
53464.5	1.85178E+14
53484.4	1.8495E+14
53504.3	1.84722E+14
53524.2	1.84494E+14
53544.1	1.84266E+14
53564	1.84039E+14
53583.9	1.83812E+14
53603.8	1.83586E+14
53623.7	1.83359E+14
53643.6	1.83133E+14
53663.5	1.82907E+14
53683.4	1.82681E+14
53703.3	1.82456E+14
53723.2	1.82231E+14
53743.1	1.82006E+14
53763.1	1.81782E+14
53783	1.81557E+14
53802.9	1.81333E+14
53822.8	1.8111E+14
53842.7	1.80886E+14
53862.6	1.80663E+14
53882.5	1.8044E+14
53902.4	1.80218E+14
53922.3	1.79995E+14
53942.2	1.79773E+14
53962.1	1.79551E+14
53982	1.7933E+14
54001.9	1.79108E+14
54021.8	1.78887E+14
54041.7	1.78666E+14
54061.6	1.78446E+14
54081.5	1.78226E+14
54101.4	1.78006E+14
54121.3	1.77786E+14
54141.2	1.77566E+14
54161.1	1.77347E+14
54181	1.77128E+14
54200.9	1.7691E+14
54220.8	1.76691E+14
54240.7	1.76473E+14
54260.7	1.76255E+14
54280.6	1.76037E+14
54300.5	1.7582E+14
54320.4	1.75603E+14
54340.3	1.75386E+14
54360.2	1.75169E+14
54380.1	1.74953E+14
54400	1.74737E+14
54419.9	1.74521E+14
54439.8	1.74306E+14
54459.7	1.7409E+14
54479.6	1.73875E+14
54499.5	1.73661E+14
54519.4	1.73446E+14
54539.3	1.73232E+14
54559.2	1.73018E+14
54579.1	1.72804E+14
54599	1.72591E+14
54618.9	1.72377E+14
54638.8	1.72164E+14
54658.7	1.71952E+14
54678.6	1.71739E+14
54698.5	1.71527E+14
54718.4	1.71315E+14
54738.3	1.71103E+14
54758.3	1.70892E+14
54778.2	1.70681E+14
54798.1	1.7047E+14
54818	1.70259E+14
54837.9	1.70049E+14
54857.8	1.69838E+14
54877.7	1.69628E+14
54897.6	1.69419E+14
54917.5	1.69209E+14
54937.4	1.69E+14
54957.3	1.68791E+14
54977.2	1.68583E+14
54997.1	1.68374E+14
55017	1.68166E+14
55036.9	1.67958E+14
55056.8	1.6775E+14
55076.7	1.67543E+14
55096.6	1.67336E+14
55116.5	1.67129E+14
55136.4	1.66922E+14
55156.3	1.66716E+14
55176.2	1.6651E+14
55196.1	1.66304E+14
55216	1.66098E+14
55235.9	1.65893E+14
55255.9	1.65687E+14
55275.8	1.65482E+14
55295.7	1.65278E+14
55315.6	1.65073E+14
55335.5	1.64869E+14
55355.4	1.64665E+14
55375.3	1.64462E+14
55395.2	1.64258E+14
55415.1	1.64055E+14
55435	1.63852E+14
55454.9	1.63649E+14
55474.8	1.63447E+14
55494.7	1.63244E+14
55514.6	1.63042E+14
55534.5	1.62841E+14
55554.4	1.62639E+14
55574.3	1.62438E+14
55594.2	1.62237E+14
55614.1	1.62036E+14
55634	1.61836E+14
55653.9	1.61635E+14
55673.8	1.61435E+14
55693.7	1.61235E+14
55713.6	1.61036E+14
55733.5	1.60836E+14
55753.5	1.60637E+14
55773.4	1.60439E+14
55793.3	1.6024E+14
55813.2	1.60042E+14
55833.1	1.59843E+14
55853	1.59645E+14
55872.9	1.59448E+14
55892.8	1.5925E+14
55912.7	1.59053E+14
55932.6	1.58856E+14
55952.5	1.5866E+14
55972.4	1.58463E+14
55992.3	1.58267E+14
56012.2	1.58071E+14
56032.1	1.57875E+14
56052	1.5768E+14
56071.9	1.57484E+14
56091.8	1.57289E+14
56111.7	1.57094E+14
56131.6	1.569E+14
56151.5	1.56705E+14
56171.4	1.56511E+14
56191.3	1.56317E+14
56211.2	1.56124E+14
56231.1	1.5593E+14
56251.1	1.55737E+14
56271	1.55544E+14
56290.9	1.55352E+14
56310.8	1.55159E+14
56330.7	1.54967E+14
56350.6	1.54775E+14
56370.5	1.54583E+14
56390.4	1.54392E+14
56410.3	1.542E+14
56430.2	1.54009E+14
56450.1	1.53818E+14
56470	1.53628E+14
56489.9	1.53437E+14
56509.8	1.53247E+14
56529.7	1.53057E+14
56549.6	1.52867E+14
56569.5	1.52678E+14
56589.4	1.52489E+14
56609.3	1.523E+14
56629.2	1.52111E+14
56649.1	1.51922E+14
56669	1.51734E+14
56688.9	1.51546E+14
56708.8	1.51358E+14
56728.7	1.5117E+14
56748.7	1.50983E+14
56768.6	1.50796E+14
56788.5	1.50609E+14
56808.4	1.50422E+14
56828.3	1.50235E+14
56848.2	1.50049E+14
56868.1	1.49863E+14
56888	1.49677E+14
56907.9	1.49492E+14
56927.8	1.49306E+14
56947.7	1.49121E+14
56967.6	1.48936E+14
56987.5	1.48751E+14
57007.4	1.48567E+14
57027.3	1.48383E+14
57047.2	1.48198E+14
57067.1	1.48015E+14
57087	1.47831E+14
57106.9	1.47648E+14
57126.8	1.47464E+14
57146.7	1.47281E+14
57166.6	1.47099E+14
57186.5	1.46916E+14
57206.4	1.46734E+14
57226.3	1.46552E+14
57246.2	1.4637E+14
57266.2	1.46188E+14
57286.1	1.46007E+14
57306	1.45826E+14
57325.9	1.45645E+14
57345.8	1.45464E+14
57365.7	1.45284E+14
57385.6	1.45103E+14
57405.5	1.44923E+14
57425.4	1.44743E+14
57445.3	1.44564E+14
57465.2	1.44384E+14
57485.1	1.44205E+14
57505	1.44026E+14
57524.9	1.43847E+14
57544.8	1.43669E+14
57564.7	1.4349E+14
57584.6	1.43312E+14
57604.5	1.43134E+14
57624.4	1.42956E+14
57644.3	1.42779E+14
57664.2	1.42602E+14
57684.1	1.42425E+14
57704	1.42248E+14
57723.9	1.42071E+14
57743.8	1.41895E+14
57763.8	1.41719E+14
57783.7	1.41543E+14
57803.6	1.41367E+14
57823.5	1.41191E+14
57843.4	1.41016E+14
57863.3	1.40841E+14
57883.2	1.40666E+14
57903.1	1.40491E+14
57923	1.40317E+14
57942.9	1.40142E+14
57962.8	1.39968E+14
57982.7	1.39794E+14
58002.6	1.39621E+14
58022.5	1.39447E+14
58042.4	1.39274E+14
58062.3	1.39101E+14
58082.2	1.38928E+14
58102.1	1.38755E+14
58122	1.38583E+14
58141.9	1.38411E+14
58161.8	1.38239E+14
58181.7	1.38067E+14
58201.6	1.37896E+14
58221.5	1.37724E+14
58241.4	1.37553E+14
58261.4	1.37382E+14
58281.3	1.37211E+14
58301.2	1.37041E+14
58321.1	1.3687E+14
58341	1.367E+14
58360.9	1.3653E+14
58380.8	1.36361E+14
58400.7	1.36191E+14
58420.6	1.36022E+14
58440.5	1.35853E+14
58460.4	1.35684E+14
58480.3	1.35515E+14
58500.2	1.35347E+14
58520.1	1.35179E+14
58540	1.35011E+14
58559.9	1.34843E+14
58579.8	1.34675E+14
58599.7	1.34508E+14
58619.6	1.3434E+14
58639.5	1.34173E+14
58659.4	1.34006E+14
58679.3	1.3384E+14
58699.2	1.33673E+14
58719.1	1.33507E+14
58739	1.33341E+14
58759	1.33175E+14
58778.9	1.3301E+14
58798.8	1.32844E+14
58818.7	1.32679E+14
58838.6	1.32514E+14
58858.5	1.32349E+14
58878.4	1.32184E+14
58898.3	1.3202E+14
58918.2	1.31856E+14
58938.1	1.31692E+14
58958	1.31528E+14
58977.9	1.31364E+14
58997.8	1.31201E+14
59017.7	1.31038E+14
59037.6	1.30875E+14
59057.5	1.30712E+14
59077.4	1.30549E+14
59097.3	1.30387E+14
59117.2	1.30224E+14
59137.1	1.30062E+14
59157	1.29901E+14
59176.9	1.29739E+14
59196.8	1.29577E+14
59216.7	1.29416E+14
59236.6	1.29255E+14
59256.6	1.29094E+14
59276.5	1.28934E+14
59296.4	1.28773E+14
59316.3	1.28613E+14
59336.2	1.28453E+14
59356.1	1.28293E+14
59376	1.28133E+14
59395.9	1.27974E+14
59415.8	1.27814E+14
59435.7	1.27655E+14
59455.6	1.27496E+14
59475.5	1.27338E+14
59495.4	1.27179E+14
59515.3	1.27021E+14
59535.2	1.26863E+14
59555.1	1.26705E+14
59575	1.26547E+14
59594.9	1.26389E+14
59614.8	1.26232E+14
59634.7	1.26075E+14
59654.6	1.25918E+14
59674.5	1.25761E+14
59694.4	1.25604E+14
59714.3	1.25448E+14
59734.2	1.25292E+14
59754.2	1.25136E+14
59774.1	1.2498E+14
59794	1.24824E+14
59813.9	1.24669E+14
59833.8	1.24513E+14
59853.7	1.24358E+14
59873.6	1.24203E+14
59893.5	1.24049E+14
59913.4	1.23894E+14
59933.3	1.2374E+14
59953.2	1.23586E+14
59973.1	1.23432E+14
59993	1.23278E+14
60012.9	1.23124E+14
60032.8	1.22971E+14
60052.7	1.22818E+14
60072.6	1.22665E+14
60092.5	1.22512E+14
60112.4	1.22359E+14
60132.3	1.22207E+14
60152.2	1.22054E+14
60172.1	1.21902E+14
60192	1.2175E+14
60211.9	1.21598E+14
60231.8	1.21447E+14
60251.8	1.21296E+14
60271.7	1.21144E+14
60291.6	1.20993E+14
60311.5	1.20843E+14
60331.4	1.20692E+14
60351.3	1.20542E+14
60371.2	1.20391E+14
60391.1	1.20241E+14
60411	1.20091E+14
60430.9	1.19942E+14
60450.8	1.19792E+14
60470.7	1.19643E+14
60490.6	1.19494E+14
60510.5	1.19345E+14
60530.4	1.19196E+14
60550.3	1.19047E+14
60570.2	1.18899E+14
60590.1	1.1875E+14
60610	1.18602E+14
60629.9	1.18454E+14
60649.8	1.18307E+14
60669.7	1.18159E+14
60689.6	1.18012E+14
60709.5	1.17865E+14
60729.4	1.17718E+14
60749.3	1.17571E+14
60769.3	1.17424E+14
60789.2	1.17278E+14
60809.1	1.17132E+14
60829	1.16985E+14
60848.9	1.16839E+14
60868.8	1.16694E+14
60888.7	1.16548E+14
60908.6	1.16403E+14
60928.5	1.16258E+14
60948.4	1.16113E+14
60968.3	1.15968E+14
60988.2	1.15823E+14
61008.1	1.15679E+14
61028	1.15534E+14
61047.9	1.1539E+14
61067.8	1.15246E+14
61087.7	1.15102E+14
61107.6	1.14959E+14
61127.5	1.14815E+14
61147.4	1.14672E+14
61167.3	1.14529E+14
61187.2	1.14386E+14
61207.1	1.14243E+14
61227	1.14101E+14
61246.9	1.13958E+14
61266.9	1.13816E+14
61286.8	1.13674E+14
61306.7	1.13532E+14
61326.6	1.1339E+14
61346.5	1.13249E+14
61366.4	1.13107E+14
61386.3	1.12966E+14
61406.2	1.12825E+14
61426.1	1.12684E+14
61446	1.12544E+14
61465.9	1.12403E+14
61485.8	1.12263E+14
61505.7	1.12123E+14
61525.6	1.11983E+14
61545.5	1.11843E+14
61565.4	1.11703E+14
61585.3	1.11564E+14
61605.2	1.11424E+14
61625.1	1.11285E+14
61645	1.11146E+14
61664.9	1.11008E+14
61684.8	1.10869E+14
61704.7	1.10731E+14
61724.6	1.10592E+14
61744.5	1.10454E+14
61764.5	1.10316E+14
61784.4	1.10178E+14
61804.3	1.10041E+14
61824.2	1.09903E+14
61844.1	1.09766E+14
61864	1.09629E+14
61883.9	1.09492E+14
61903.8	1.09355E+14
61923.7	1.09219E+14
61943.6	1.09082E+14
61963.5	1.08946E+14
61983.4	1.0881E+14
62003.3	1.08674E+14
62023.2	1.08538E+14
62043.1	1.08403E+14
62063	1.08267E+14
62082.9	1.08132E+14
62102.8	1.07997E+14
62122.7	1.07862E+14
62142.6	1.07727E+14
62162.5	1.07592E+14
62182.4	1.07458E+14
62202.3	1.07324E+14
62222.2	1.0719E+14
62242.1	1.07056E+14
62262.1	1.06922E+14
62282	1.06788E+14
62301.9	1.06655E+14
62321.8	1.06521E+14
62341.7	1.06388E+14
62361.6	1.06255E+14
62381.5	1.06123E+14
62401.4	1.0599E+14
62421.3	1.05857E+14
62441.2	1.05725E+14
62461.1	1.05593E+14
62481	1.05461E+14
62500.9	1.05329E+14
62520.8	1.05197E+14
62540.7	1.05066E+14
62560.6	1.04935E+14
62580.5	1.04803E+14
62600.4	1.04672E+14
62620.3	1.04541E+14
62640.2	1.04411E+14
62660.1	1.0428E+14
62680	1.0415E+14
62699.9	1.0402E+14
62719.8	1.0389E+14
62739.7	1.0376E+14
62759.7	1.0363E+14
62779.6	1.035E+14
62799.5	1.03371E+14
62819.4	1.03242E+14
62839.3	1.03112E+14
62859.2	1.02983E+14
62879.1	1.02855E+14
62899	1.02726E+14
62918.9	1.02598E+14
62938.8	1.02469E+14
62958.7	1.02341E+14
62978.6	1.02213E+14
62998.5	1.02085E+14
63018.4	1.01957E+14
63038.3	1.0183E+14
63058.2	1.01703E+14
63078.1	1.01575E+14
63098	1.01448E+14
63117.9	1.01321E+14
63137.8	1.01195E+14
63157.7	1.01068E+14
63177.6	1.00941E+14
63197.5	1.00815E+14
63217.4	1.00689E+14
63237.3	1.00563E+14
63257.3	1.00437E+14
63277.2	1.00312E+14
63297.1	1.00186E+14
63317	1.00061E+14
63336.9	9.99354E+13
63356.8	9.98103E+13
63376.7	9.96854E+13
63396.6	9.95607E+13
63416.5	9.94361E+13
63436.4	9.93116E+13
63456.3	9.91873E+13
63476.2	9.90632E+13
63496.1	9.89392E+13
63516	9.88153E+13
63535.9	9.86916E+13
63555.8	9.85681E+13
63575.7	9.84447E+13
63595.6	9.83215E+13
63615.5	9.81984E+13
63635.4	9.80755E+13
63655.3	9.79527E+13
63675.2	9.783E+13
63695.1	9.77076E+13
63715	9.75852E+13
63734.9	9.7463E+13
63754.9	9.7341E+13
63774.8	9.72191E+13
63794.7	9.70974E+13
63814.6	9.69758E+13
63834.5	9.68544E+13
63854.4	9.67331E+13
63874.3	9.6612E+13
63894.2	9.6491E+13
63914.1	9.63701E+13
63934	9.62495E+13
63953.9	9.61289E+13
63973.8	9.60085E+13
63993.7	9.58883E+13
64013.6	9.57682E+13
64033.5	9.56482E+13
64053.4	9.55284E+13
64073.3	9.54088E+13
64093.2	9.52893E+13
64113.1	9.51699E+13
64133	9.50507E+13
64152.9	9.49316E+13
64172.8	9.48127E+13
64192.7	9.46939E+13
64212.6	9.45753E+13
64232.5	9.44568E+13
64252.4	9.43385E+13
64272.4	9.42203E+13
64292.3	9.41022E+13
64312.2	9.39843E+13
64332.1	9.38666E+13
64352	9.37489E+13
64371.9	9.36315E+13
64391.8	9.35142E+13
64411.7	9.3397E+13
64431.6	9.32799E+13
64451.5	9.3163E+13
64471.4	9.30463E+13
64491.3	9.29297E+13
64511.2	9.28132E+13
64531.1	9.26969E+13
64551	9.25807E+13
64570.9	9.24647E+13
64590.8	9.23488E+13
64610.7	9.22331E+13
64630.6	9.21175E+13
64650.5	9.2002E+13
64670.4	9.18867E+13
64690.3	9.17715E+13
64710.2	9.16565E+13
64730.1	9.15416E+13
64750.1	9.14268E+13
64770	9.13122E+13
64789.9	9.11977E+13
64809.8	9.10834E+13
64829.7	9.09692E+13
64849.6	9.08551E+13
64869.5	9.07412E+13
64889.4	9.06275E+13
64909.3	9.05138E+13
64929.2	9.04003E+13
64949.1	9.0287E+13
64969	9.01738E+13
64988.9	9.00607E+13
65008.8	8.99478E+13
65028.7	8.9835E+13
65048.6	8.97223E+13
65068.5	8.96098E+13
65088.4	8.94974E+13
65108.3	8.93852E+13
65128.2	8.92731E+13
65148.1	8.91611E+13
65168	8.90493E+13
65187.9	8.89376E+13
65207.8	8.8826E+13
65227.7	8.87146E+13
65247.7	8.86033E+13
65267.6	8.84922E+13
65287.5	8.83812E+13
65307.4	8.82703E+13
65327.3	8.81596E+13
65347.2	8.8049E+13
65367.1	8.79386E+13
65387	8.78282E+13
65406.9	8.7718E+13
65426.8	8.7608E+13
65446.7	8.74981E+13
65466.6	8.73883E+13
65486.5	8.72787E+13
65506.4	8.71691E+13
65526.3	8.70598E+13
65546.2	8.69505E+13
65566.1	8.68414E+13
65586	8.67325E+13
65605.9	8.66236E+13
65625.8	8.65149E+13
65645.7	8.64063E+13
65665.6	8.62979E+13
65685.5	8.61896E+13
65705.4	8.60814E+13
65725.3	8.59734E+13
65745.2	8.58655E+13
65765.2	8.57577E+13
65785.1	8.56501E+13
65805	8.55426E+13
65824.9	8.54352E+13
65844.8	8.5328E+13
65864.7	8.52209E+13
65884.6	8.51139E+13
65904.5	8.50071E+13
65924.4	8.49004E+13
65944.3	8.47938E+13
65964.2	8.46873E+13
65984.1	8.4581E+13
66004	8.44748E+13
66023.9	8.43688E+13
66043.8	8.42628E+13
66063.7	8.41571E+13
66083.6	8.40514E+13
66103.5	8.39459E+13
66123.4	8.38405E+13
66143.3	8.37352E+13
66163.2	8.363E+13
66183.1	8.3525E+13
66203	8.34201E+13
66222.9	8.33154E+13
66242.8	8.32108E+13
66262.8	8.31063E+13
66282.7	8.30019E+13
66302.6	8.28977E+13
66322.5	8.27935E+13
66342.4	8.26896E+13
66362.3	8.25857E+13
66382.2	8.2482E+13
66402.1	8.23784E+13
66422	8.22749E+13
66441.9	8.21716E+13
66461.8	8.20684E+13
66481.7	8.19653E+13
66501.6	8.18623E+13
66521.5	8.17595E+13
66541.4	8.16568E+13
66561.3	8.15542E+13
66581.2	8.14517E+13
66601.1	8.13494E+13
66621	8.12472E+13
66640.9	8.11451E+13
66660.8	8.10432E+13
66680.7	8.09414E+13
66700.6	8.08397E+13
66720.5	8.07381E+13
66740.4	8.06367E+13
66760.4	8.05353E+13
66780.3	8.04341E+13
66800.2	8.03331E+13
66820.1	8.02321E+13
66840	8.01313E+13
66859.9	8.00306E+13
66879.8	7.993E+13
66899.7	7.98296E+13
66919.6	7.97293E+13
66939.5	7.96291E+13
66959.4	7.9529E+13
66979.3	7.9429E+13
66999.2	7.93292E+13
67019.1	7.92295E+13
67039	7.91299E+13
67058.9	7.90304E+13
67078.8	7.89311E+13
67098.7	7.88319E+13
67118.6	7.87328E+13
67138.5	7.86338E+13
67158.4	7.8535E+13
67178.3	7.84363E+13
67198.2	7.83377E+13
67218.1	7.82392E+13
67238	7.81408E+13
67258	7.80426E+13
67277.9	7.79445E+13
67297.8	7.78465E+13
67317.7	7.77486E+13
67337.6	7.76508E+13
67357.5	7.75532E+13
67377.4	7.74557E+13
67397.3	7.73583E+13
67417.2	7.7261E+13
67437.1	7.71639E+13
67457	7.70668E+13
67476.9	7.69699E+13
67496.8	7.68731E+13
67516.7	7.67765E+13
67536.6	7.66799E+13
67556.5	7.65835E+13
67576.4	7.64871E+13
67596.3	7.6391E+13
67616.2	7.62949E+13
67636.1	7.61989E+13
67656	7.61031E+13
67675.9	7.60074E+13
67695.8	7.59118E+13
67715.7	7.58163E+13
67735.6	7.57209E+13
67755.6	7.56257E+13
67775.5	7.55305E+13
67795.4	7.54355E+13
67815.3	7.53406E+13
67835.2	7.52458E+13
67855.1	7.51512E+13
67875	7.50566E+13
67894.9	7.49622E+13
67914.8	7.48679E+13
67934.7	7.47737E+13
67954.6	7.46796E+13
67974.5	7.45857E+13
67994.4	7.44918E+13
68014.3	7.43981E+13
68034.2	7.43045E+13
68054.1	7.4211E+13
68074	7.41176E+13
68093.9	7.40243E+13
68113.8	7.39312E+13
68133.7	7.38381E+13
68153.6	7.37452E+13
68173.5	7.36524E+13
68193.4	7.35597E+13
68213.3	7.34671E+13
68233.2	7.33747E+13
68253.2	7.32823E+13
68273.1	7.31901E+13
68293	7.3098E+13
68312.9	7.3006E+13
68332.8	7.29141E+13
68352.7	7.28223E+13
68372.6	7.27307E+13
68392.5	7.26391E+13
68412.4	7.25477E+13
68432.3	7.24563E+13
68452.2	7.23651E+13
68472.1	7.2274E+13
68492	7.2183E+13
68511.9	7.20922E+13
68531.8	7.20014E+13
68551.7	7.19108E+13
68571.6	7.18202E+13
68591.5	7.17298E+13
68611.4	7.16395E+13
68631.3	7.15493E+13
68651.2	7.14592E+13
68671.1	7.13692E+13
68691	7.12794E+13
68710.9	7.11896E+13
68730.8	7.11E+13
68750.8	7.10104E+13
68770.7	7.0921E+13
68790.6	7.08317E+13
68810.5	7.07425E+13
68830.4	7.06534E+13
68850.3	7.05644E+13
68870.2	7.04756E+13
68890.1	7.03868E+13
68910	7.02982E+13
68929.9	7.02096E+13
68949.8	7.01212E+13
68969.7	7.00329E+13
68989.6	6.99447E+13
69009.5	6.98566E+13
69029.4	6.97686E+13
69049.3	6.96807E+13
69069.2	6.95929E+13
69089.1	6.95053E+13
69109	6.94177E+13
69128.9	6.93303E+13
69148.8	6.92429E+13
69168.7	6.91557E+13
69188.6	6.90686E+13
69208.5	6.89815E+13
69228.4	6.88946E+13
69248.4	6.88078E+13
69268.3	6.87211E+13
69288.2	6.86346E+13
69308.1	6.85481E+13
69328	6.84617E+13
69347.9	6.83755E+13
69367.8	6.82893E+13
69387.7	6.82032E+13
69407.6	6.81173E+13
69427.5	6.80315E+13
69447.4	6.79457E+13
69467.3	6.78601E+13
69487.2	6.77746E+13
69507.1	6.76892E+13
69527	6.76039E+13
69546.9	6.75187E+13
69566.8	6.74336E+13
69586.7	6.73486E+13
69606.6	6.72637E+13
69626.5	6.71789E+13
69646.4	6.70943E+13
69666.3	6.70097E+13
69686.2	6.69252E+13
69706.1	6.68409E+13
69726	6.67566E+13
69745.9	6.66725E+13
69765.9	6.65884E+13
69785.8	6.65045E+13
69805.7	6.64207E+13
69825.6	6.63369E+13
69845.5	6.62533E+13
69865.4	6.61698E+13
69885.3	6.60863E+13
69905.2	6.6003E+13
69925.1	6.59198E+13
69945	6.58367E+13
69964.9	6.57537E+13
69984.8	6.56708E+13
70004.7	6.5588E+13
70024.6	6.55053E+13
70044.5	6.54227E+13
70064.4	6.53402E+13
70084.3	6.52578E+13
70104.2	6.51755E+13
70124.1	6.50933E+13
70144	6.50112E+13
70163.9	6.49293E+13
70183.8	6.48474E+13
70203.7	6.47656E+13
70223.6	6.46839E+13
70243.5	6.46023E+13
70263.5	6.45209E+13
70283.4	6.44395E+13
70303.3	6.43582E+13
70323.2	6.4277E+13
70343.1	6.4196E+13
70363	6.4115E+13
70382.9	6.40341E+13
70402.8	6.39533E+13
70422.7	6.38727E+13
70442.6	6.37921E+13
70462.5	6.37116E+13
70482.4	6.36313E+13
70502.3	6.3551E+13
70522.2	6.34708E+13
70542.1	6.33908E+13
70562	6.33108E+13
70581.9	6.32309E+13
70601.8	6.31511E+13
70621.7	6.30715E+13
70641.6	6.29919E+13
70661.5	6.29124E+13
70681.4	6.2833E+13
70701.3	6.27537E+13
70721.2	6.26746E+13
70741.1	6.25955E+13
70761.1	6.25165E+13
70781	6.24376E+13
70800.9	6.23588E+13
70820.8	6.22801E+13
70840.7	6.22015E+13
70860.6	6.2123E+13
70880.5	6.20446E+13
70900.4	6.19663E+13
70920.3	6.18881E+13
70940.2	6.181E+13
70960.1	6.1732E+13
70980	6.16541E+13
70999.9	6.15763E+13
71019.8	6.14986E+13
71039.7	6.1421E+13
71059.6	6.13434E+13
71079.5	6.1266E+13
71099.4	6.11887E+13
71119.3	6.11114E+13
71139.2	6.10343E+13
71159.1	6.09573E+13
71179	6.08803E+13
71198.9	6.08034E+13
71218.8	6.07267E+13
71238.7	6.065E+13
71258.7	6.05735E+13
71278.6	6.0497E+13
71298.5	6.04206E+13
71318.4	6.03443E+13
71338.3	6.02681E+13
71358.2	6.0192E+13
71378.1	6.01161E+13
71398	6.00401E+13
71417.9	5.99643E+13
71437.8	5.98886E+13
71457.7	5.9813E+13
71477.6	5.97375E+13
71497.5	5.9662E+13
71517.4	5.95867E+13
71537.3	5.95115E+13
71557.2	5.94363E+13
71577.1	5.93612E+13
71597	5.92863E+13
71616.9	5.92114E+13
71636.8	5.91366E+13
71656.7	5.90619E+13
71676.6	5.89874E+13
71696.5	5.89129E+13
71716.4	5.88384E+13
71736.3	5.87641E+13
71756.3	5.86899E+13
71776.2	5.86158E+13
71796.1	5.85417E+13
71816	5.84678E+13
71835.9	5.83939E+13
71855.8	5.83202E+13
71875.7	5.82465E+13
71895.6	5.81729E+13
71915.5	5.80994E+13
71935.4	5.8026E+13
71955.3	5.79527E+13
71975.2	5.78795E+13
71995.1	5.78064E+13
72015	5.77334E+13
72034.9	5.76604E+13
72054.8	5.75876E+13
72074.7	5.75148E+13
72094.6	5.74422E+13
72114.5	5.73696E+13
72134.4	5.72971E+13
72154.3	5.72247E+13
72174.2	5.71524E+13
72194.1	5.70802E+13
72214	5.7008E+13
72233.9	5.6936E+13
72253.9	5.68641E+13
72273.8	5.67922E+13
72293.7	5.67204E+13
72313.6	5.66488E+13
72333.5	5.65772E+13
72353.4	5.65057E+13
72373.3	5.64343E+13
72393.2	5.63629E+13
72413.1	5.62917E+13
72433	5.62206E+13
72452.9	5.61495E+13
72472.8	5.60785E+13
72492.7	5.60076E+13
72512.6	5.59369E+13
72532.5	5.58662E+13
72552.4	5.57955E+13
72572.3	5.5725E+13
72592.2	5.56546E+13
72612.1	5.55842E+13
72632	5.5514E+13
72651.9	5.54438E+13
72671.8	5.53737E+13
72691.7	5.53037E+13
72711.6	5.52338E+13
72731.5	5.51639E+13
72751.4	5.50942E+13
72771.4	5.50245E+13
72791.3	5.4955E+13
72811.2	5.48855E+13
72831.1	5.48161E+13
72851	5.47468E+13
72870.9	5.46776E+13
72890.8	5.46084E+13
72910.7	5.45394E+13
72930.6	5.44704E+13
72950.5	5.44015E+13
72970.4	5.43328E+13
72990.3	5.4264E+13
73010.2	5.41954E+13
73030.1	5.41269E+13
73050	5.40584E+13
73069.9	5.39901E+13
73089.8	5.39218E+13
73109.7	5.38536E+13
73129.6	5.37855E+13
73149.5	5.37175E+13
73169.4	5.36495E+13
73189.3	5.35817E+13
73209.2	5.35139E+13
73229.1	5.34462E+13
73249.1	5.33786E+13
73269	5.33111E+13
73288.9	5.32437E+13
73308.8	5.31763E+13
73328.7	5.31091E+13
73348.6	5.30419E+13
73368.5	5.29748E+13
73388.4	5.29078E+13
73408.3	5.28408E+13
73428.2	5.2774E+13
73448.1	5.27072E+13
73468	5.26406E+13
73487.9	5.2574E+13
73507.8	5.25074E+13
73527.7	5.2441E+13
73547.6	5.23747E+13
73567.5	5.23084E+13
73587.4	5.22422E+13
73607.3	5.21761E+13
73627.2	5.21101E+13
73647.1	5.20442E+13
73667	5.19783E+13
73686.9	5.19125E+13
73706.8	5.18469E+13
73726.7	5.17813E+13
73746.6	5.17157E+13
73766.6	5.16503E+13
73786.5	5.15849E+13
73806.4	5.15196E+13
73826.3	5.14544E+13
73846.2	5.13893E+13
73866.1	5.13243E+13
73886	5.12593E+13
73905.9	5.11945E+13
73925.8	5.11297E+13
73945.7	5.1065E+13
73965.6	5.10003E+13
73985.5	5.09358E+13
74005.4	5.08713E+13
74025.3	5.08069E+13
74045.2	5.07426E+13
74065.1	5.06784E+13
74085	5.06142E+13
74104.9	5.05502E+13
74124.8	5.04862E+13
74144.7	5.04223E+13
74164.6	5.03584E+13
74184.5	5.02947E+13
74204.4	5.0231E+13
74224.3	5.01674E+13
74244.2	5.01039E+13
74264.2	5.00405E+13
74284.1	4.99771E+13
74304	4.99139E+13
74323.9	4.98507E+13
74343.8	4.97875E+13
74363.7	4.97245E+13
74383.6	4.96615E+13
74403.5	4.95987E+13
74423.4	4.95359E+13
74443.3	4.94731E+13
74463.2	4.94105E+13
74483.1	4.93479E+13
74503	4.92854E+13
74522.9	4.9223E+13
74542.8	4.91607E+13
74562.7	4.90984E+13
74582.6	4.90363E+13
74602.5	4.89742E+13
74622.4	4.89122E+13
74642.3	4.88502E+13
74662.2	4.87883E+13
74682.1	4.87266E+13
74702	4.86648E+13
74721.9	4.86032E+13
74741.8	4.85416E+13
74761.8	4.84802E+13
74781.7	4.84188E+13
74801.6	4.83574E+13
74821.5	4.82962E+13
74841.4	4.8235E+13
74861.3	4.81739E+13
74881.2	4.81129E+13
74901.1	4.80519E+13
74921	4.79911E+13
74940.9	4.79303E+13
74960.8	4.78696E+13
74980.7	4.78089E+13
75000.6	4.77484E+13
75020.5	4.76879E+13
75040.4	4.76274E+13
75060.3	4.75671E+13
75080.2	4.75068E+13
75100.1	4.74467E+13
75120	4.73865E+13
75139.9	4.73265E+13
75159.8	4.72665E+13
75179.7	4.72067E+13
75199.6	4.71468E+13
75219.5	4.70871E+13
75239.4	4.70274E+13
75259.4	4.69678E+13
75279.3	4.69083E+13
75299.2	4.68489E+13
75319.1	4.67895E+13
75339	4.67302E+13
75358.9	4.6671E+13
75378.8	4.66119E+13
75398.7	4.65528E+13
75418.6	4.64938E+13
75438.5	4.64349E+13
75458.4	4.6376E+13
75478.3	4.63173E+13
75498.2	4.62586E+13
75518.1	4.61999E+13
75538	4.61414E+13
75557.9	4.60829E+13
75577.8	4.60245E+13
75597.7	4.59661E+13
75617.6	4.59079E+13
75637.5	4.58497E+13
75657.4	4.57916E+13
75677.3	4.57335E+13
75697.2	4.56756E+13
75717.1	4.56177E+13
75737	4.55598E+13
75757	4.55021E+13
75776.9	4.54444E+13
75796.8	4.53868E+13
75816.7	4.53292E+13
75836.6	4.52718E+13
75856.5	4.52144E+13
75876.4	4.51571E+13
75896.3	4.50998E+13
75916.2	4.50426E+13
75936.1	4.49855E+13
75956	4.49285E+13
75975.9	4.48715E+13
75995.8	4.48146E+13
76015.7	4.47578E+13
76035.6	4.4701E+13
76055.5	4.46444E+13
76075.4	4.45878E+13
76095.3	4.45312E+13
76115.2	4.44748E+13
76135.1	4.44184E+13
76155	4.4362E+13
76174.9	4.43058E+13
76194.8	4.42496E+13
76214.7	4.41935E+13
76234.6	4.41374E+13
76254.6	4.40814E+13
76274.5	4.40255E+13
76294.4	4.39697E+13
76314.3	4.39139E+13
76334.2	4.38582E+13
76354.1	4.38026E+13
76374	4.37471E+13
76393.9	4.36916E+13
76413.8	4.36362E+13
76433.7	4.35808E+13
76453.6	4.35255E+13
76473.5	4.34703E+13
76493.4	4.34152E+13
76513.3	4.33601E+13
76533.2	4.33051E+13
76553.1	4.32502E+13
76573	4.31953E+13
76592.9	4.31405E+13
76612.8	4.30858E+13
76632.7	4.30311E+13
76652.6	4.29765E+13
76672.5	4.2922E+13
76692.4	4.28676E+13
76712.3	4.28132E+13
76732.2	4.27588E+13
76752.1	4.27046E+13
76772.1	4.26504E+13
76792	4.25963E+13
76811.9	4.25423E+13
76831.8	4.24883E+13
76851.7	4.24344E+13
76871.6	4.23805E+13
76891.5	4.23267E+13
76911.4	4.2273E+13
76931.3	4.22194E+13
76951.2	4.21658E+13
76971.1	4.21123E+13
76991	4.20589E+13
77010.9	4.20055E+13
77030.8	4.19522E+13
77050.7	4.1899E+13
77070.6	4.18458E+13
77090.5	4.17927E+13
77110.4	4.17396E+13
77130.3	4.16867E+13
77150.2	4.16338E+13
77170.1	4.15809E+13
77190	4.15281E+13
77209.9	4.14754E+13
77229.8	4.14228E+13
77249.8	4.13702E+13
77269.7	4.13177E+13
77289.6	4.12653E+13
77309.5	4.12129E+13
77329.4	4.11606E+13
77349.3	4.11083E+13
77369.2	4.10561E+13
77389.1	4.1004E+13
77409	4.0952E+13
77428.9	4.09E+13
77448.8	4.08481E+13
77468.7	4.07962E+13
77488.6	4.07444E+13
77508.5	4.06927E+13
77528.4	4.0641E+13
77548.3	4.05894E+13
77568.2	4.05379E+13
77588.1	4.04864E+13
77608	4.0435E+13
77627.9	4.03837E+13
77647.8	4.03324E+13
77667.7	4.02812E+13
77687.6	4.023E+13
77707.5	4.0179E+13
77727.4	4.01279E+13
77747.3	4.0077E+13
77767.3	4.00261E+13
77787.2	3.99753E+13
77807.1	3.99245E+13
77827	3.98738E+13
77846.9	3.98232E+13
77866.8	3.97726E+13
77886.7	3.97221E+13
77906.6	3.96717E+13
77926.5	3.96213E+13
77946.4	3.9571E+13
77966.3	3.95207E+13
77986.2	3.94705E+13
78006.1	3.94204E+13
78026	3.93703E+13
78045.9	3.93203E+13
78065.8	3.92704E+13
78085.7	3.92205E+13
78105.6	3.91707E+13
78125.5	3.91209E+13
78145.4	3.90712E+13
78165.3	3.90216E+13
78185.2	3.8972E+13
78205.1	3.89225E+13
78225	3.88731E+13
78244.9	3.88237E+13
78264.9	3.87744E+13
78284.8	3.87251E+13
78304.7	3.86759E+13
78324.6	3.86268E+13
78344.5	3.85777E+13
78364.4	3.85287E+13
78384.3	3.84798E+13
78404.2	3.84309E+13
78424.1	3.83821E+13
78444	3.83333E+13
78463.9	3.82846E+13
78483.8	3.82359E+13
78503.7	3.81874E+13
78523.6	3.81388E+13
78543.5	3.80904E+13
78563.4	3.8042E+13
78583.3	3.79936E+13
78603.2	3.79454E+13
78623.1	3.78972E+13
78643	3.7849E+13
78662.9	3.78009E+13
78682.8	3.77529E+13
78702.7	3.77049E+13
78722.6	3.7657E+13
78742.5	3.76091E+13
78762.5	3.75613E+13
78782.4	3.75136E+13
78802.3	3.74659E+13
78822.2	3.74183E+13
78842.1	3.73707E+13
78862	3.73233E+13
78881.9	3.72758E+13
78901.8	3.72284E+13
78921.7	3.71811E+13
78941.6	3.71339E+13
78961.5	3.70867E+13
78981.4	3.70395E+13
79001.3	3.69924E+13
79021.2	3.69454E+13
79041.1	3.68985E+13
79061	3.68516E+13
79080.9	3.68047E+13
79100.8	3.67579E+13
79120.7	3.67112E+13
79140.6	3.66645E+13
79160.5	3.66179E+13
79180.4	3.65714E+13
79200.3	3.65249E+13
79220.2	3.64785E+13
79240.1	3.64321E+13
79260.1	3.63858E+13
79280	3.63395E+13
79299.9	3.62933E+13
79319.8	3.62472E+13
79339.7	3.62011E+13
79359.6	3.6155E+13
79379.5	3.61091E+13
79399.4	3.60632E+13
79419.3	3.60173E+13
79439.2	3.59715E+13
79459.1	3.59258E+13
79479	3.58801E+13
79498.9	3.58345E+13
79518.8	3.57889E+13
79538.7	3.57434E+13
79558.6	3.56979E+13
79578.5	3.56526E+13
79598.4	3.56072E+13
79618.3	3.55619E+13
79638.2	3.55167E+13
79658.1	3.54715E+13
79678	3.54264E+13
79697.9	3.53814E+13
79717.8	3.53364E+13
79737.7	3.52914E+13
79757.7	3.52466E+13
79777.6	3.52017E+13
79797.5	3.5157E+13
79817.4	3.51122E+13
79837.3	3.50676E+13
79857.2	3.5023E+13
79877.1	3.49784E+13
79897	3.49339E+13
79916.9	3.48895E+13
79936.8	3.48451E+13
79956.7	3.48008E+13
79976.6	3.47565E+13
79996.5	3.47123E+13
80016.4	3.46682E+13
80036.3	3.46241E+13
80056.2	3.458E+13
80076.1	3.4536E+13
80096	3.44921E+13
80115.9	3.44482E+13
80135.8	3.44044E+13
80155.7	3.43606E+13
80175.6	3.43169E+13
80195.5	3.42732E+13
80215.4	3.42296E+13
80235.3	3.41861E+13
80255.3	3.41426E+13
80275.2	3.40992E+13
80295.1	3.40558E+13
80315	3.40124E+13
80334.9	3.39692E+13
80354.8	3.39259E+13
80374.7	3.38828E+13
80394.6	3.38397E+13
80414.5	3.37966E+13
80434.4	3.37536E+13
80454.3	3.37106E+13
80474.2	3.36677E+13
80494.1	3.36249E+13
80514	3.35821E+13
80533.9	3.35394E+13
80553.8	3.34967E+13
80573.7	3.34541E+13
80593.6	3.34115E+13
80613.5	3.3369E+13
80633.4	3.33265E+13
80653.3	3.32841E+13
80673.2	3.32417E+13
80693.1	3.31994E+13
80713	3.31572E+13
80732.9	3.3115E+13
80752.9	3.30728E+13
80772.8	3.30307E+13
80792.7	3.29887E+13
80812.6	3.29467E+13
80832.5	3.29048E+13
80852.4	3.28629E+13
80872.3	3.2821E+13
80892.2	3.27793E+13
80912.1	3.27375E+13
80932	3.26959E+13
80951.9	3.26542E+13
80971.8	3.26127E+13
80991.7	3.25712E+13
81011.6	3.25297E+13
81031.5	3.24883E+13
81051.4	3.24469E+13
81071.3	3.24056E+13
81091.2	3.23644E+13
81111.1	3.23232E+13
81131	3.2282E+13
81150.9	3.22409E+13
81170.8	3.21998E+13
81190.7	3.21589E+13
81210.6	3.21179E+13
81230.5	3.2077E+13
81250.4	3.20362E+13
81270.4	3.19954E+13
81290.3	3.19546E+13
81310.2	3.1914E+13
81330.1	3.18733E+13
81350	3.18327E+13
81369.9	3.17922E+13
81389.8	3.17517E+13
81409.7	3.17113E+13
81429.6	3.16709E+13
81449.5	3.16306E+13
81469.4	3.15903E+13
81489.3	3.15501E+13
81509.2	3.15099E+13
81529.1	3.14697E+13
81549	3.14297E+13
81568.9	3.13896E+13
81588.8	3.13497E+13
81608.7	3.13097E+13
81628.6	3.12699E+13
81648.5	3.123E+13
81668.4	3.11903E+13
81688.3	3.11505E+13
81708.2	3.11109E+13
81728.1	3.10712E+13
81748.1	3.10317E+13
81768	3.09921E+13
81787.9	3.09526E+13
81807.8	3.09132E+13
81827.7	3.08738E+13
81847.6	3.08345E+13
81867.5	3.07952E+13
81887.4	3.0756E+13
81907.3	3.07168E+13
81927.2	3.06777E+13
81947.1	3.06386E+13
81967	3.05996E+13
81986.9	3.05606E+13
82006.8	3.05217E+13
82026.7	3.04828E+13
82046.6	3.0444E+13
82066.5	3.04052E+13
82086.4	3.03664E+13
82106.3	3.03277E+13
82126.2	3.02891E+13
82146.1	3.02505E+13
82166	3.0212E+13
82185.9	3.01735E+13
82205.8	3.0135E+13
82225.7	3.00966E+13
82245.6	3.00583E+13
82265.6	3.002E+13
82285.5	2.99817E+13
82305.4	2.99435E+13
82325.3	2.99054E+13
82345.2	2.98673E+13
82365.1	2.98292E+13
82385	2.97912E+13
82404.9	2.97532E+13
82424.8	2.97153E+13
82444.7	2.96774E+13
82464.6	2.96396E+13
82484.5	2.96018E+13
82504.4	2.95641E+13
82524.3	2.95264E+13
82544.2	2.94888E+13
82564.1	2.94512E+13
82584	2.94137E+13
82603.9	2.93762E+13
82623.8	2.93388E+13
82643.7	2.93014E+13
82663.6	2.9264E+13
82683.5	2.92267E+13
82703.4	2.91895E+13
82723.3	2.91523E+13
82743.2	2.91151E+13
82763.2	2.9078E+13
82783.1	2.90409E+13
82803	2.90039E+13
82822.9	2.89669E+13
82842.8	2.893E+13
82862.7	2.88931E+13
82882.6	2.88563E+13
82902.5	2.88195E+13
82922.4	2.87828E+13
82942.3	2.87461E+13
82962.2	2.87094E+13
82982.1	2.86728E+13
83002	2.86363E+13
83021.9	2.85998E+13
83041.8	2.85633E+13
83061.7	2.85269E+13
83081.6	2.84905E+13
83101.5	2.84542E+13
83121.4	2.84179E+13
83141.3	2.83817E+13
83161.2	2.83455E+13
83181.1	2.83094E+13
83201	2.82733E+13
83220.9	2.82372E+13
83240.8	2.82012E+13
83260.8	2.81652E+13
83280.7	2.81293E+13
83300.6	2.80935E+13
83320.5	2.80576E+13
83340.4	2.80219E+13
83360.3	2.79861E+13
83380.2	2.79504E+13
83400.1	2.79148E+13
83420	2.78792E+13
83439.9	2.78436E+13
83459.8	2.78081E+13
83479.7	2.77727E+13
83499.6	2.77373E+13
83519.5	2.77019E+13
83539.4	2.76665E+13
83559.3	2.76313E+13
83579.2	2.7596E+13
83599.1	2.75608E+13
83619	2.75257E+13
83638.9	2.74906E+13
83658.8	2.74555E+13
83678.7	2.74205E+13
83698.6	2.73855E+13
83718.5	2.73506E+13
83738.4	2.73157E+13
83758.4	2.72808E+13
83778.3	2.7246E+13
83798.2	2.72113E+13
83818.1	2.71766E+13
83838	2.71419E+13
83857.9	2.71073E+13
83877.8	2.70727E+13
83897.7	2.70382E+13
83917.6	2.70037E+13
83937.5	2.69692E+13
83957.4	2.69348E+13
83977.3	2.69005E+13
83997.2	2.68661E+13
84017.1	2.68319E+13
84037	2.67976E+13
84056.9	2.67634E+13
84076.8	2.67293E+13
84096.7	2.66952E+13
84116.6	2.66611E+13
84136.5	2.66271E+13
84156.4	2.65931E+13
84176.3	2.65592E+13
84196.2	2.65253E+13
84216.1	2.64915E+13
84236	2.64577E+13
84256	2.64239E+13
84275.9	2.63902E+13
84295.8	2.63565E+13
84315.7	2.63229E+13
84335.6	2.62893E+13
84355.5	2.62558E+13
84375.4	2.62223E+13
84395.3	2.61888E+13
84415.2	2.61554E+13
84435.1	2.6122E+13
84455	2.60887E+13
84474.9	2.60554E+13
84494.8	2.60221E+13
84514.7	2.59889E+13
84534.6	2.59557E+13
84554.5	2.59226E+13
84574.4	2.58895E+13
84594.3	2.58565E+13
84614.2	2.58235E+13
84634.1	2.57905E+13
84654	2.57576E+13
84673.9	2.57247E+13
84693.8	2.56919E+13
84713.7	2.56591E+13
84733.6	2.56263E+13
84753.6	2.55936E+13
84773.5	2.5561E+13
84793.4	2.55283E+13
84813.3	2.54957E+13
84833.2	2.54632E+13
84853.1	2.54307E+13
84873	2.53982E+13
84892.9	2.53658E+13
84912.8	2.53334E+13
84932.7	2.53011E+13
84952.6	2.52688E+13
84972.5	2.52365E+13
84992.4	2.52043E+13
85012.3	2.51721E+13
85032.2	2.514E+13
85052.1	2.51079E+13
85072	2.50758E+13
85091.9	2.50438E+13
85111.8	2.50119E+13
85131.7	2.49799E+13
85151.6	2.4948E+13
85171.5	2.49162E+13
85191.4	2.48844E+13
85211.3	2.48526E+13
85231.2	2.48209E+13
85251.1	2.47892E+13
85271.1	2.47575E+13
85291	2.47259E+13
85310.9	2.46943E+13
85330.8	2.46628E+13
85350.7	2.46313E+13
85370.6	2.45998E+13
85390.5	2.45684E+13
85410.4	2.45371E+13
85430.3	2.45057E+13
85450.2	2.44744E+13
85470.1	2.44432E+13
85490	2.4412E+13
85509.9	2.43808E+13
85529.8	2.43496E+13
85549.7	2.43185E+13
85569.6	2.42875E+13
85589.5	2.42565E+13
85609.4	2.42255E+13
85629.3	2.41945E+13
85649.2	2.41636E+13
85669.1	2.41328E+13
85689	2.4102E+13
85708.9	2.40712E+13
85728.8	2.40404E+13
85748.8	2.40097E+13
85768.7	2.39791E+13
85788.6	2.39484E+13
85808.5	2.39178E+13
85828.4	2.38873E+13
85848.3	2.38568E+13
85868.2	2.38263E+13
85888.1	2.37959E+13
85908	2.37655E+13
85927.9	2.37351E+13
85947.8	2.37048E+13
85967.7	2.36745E+13
85987.6	2.36443E+13
86007.5	2.36141E+13
86027.4	2.35839E+13
86047.3	2.35538E+13
86067.2	2.35237E+13
86087.1	2.34936E+13
86107	2.34636E+13
86126.9	2.34336E+13
86146.8	2.34037E+13
86166.7	2.33738E+13
86186.6	2.33439E+13
86206.5	2.33141E+13
86226.4	2.32843E+13
86246.3	2.32545E+13
86266.3	2.32248E+13
86286.2	2.31952E+13
86306.1	2.31655E+13
86326	2.31359E+13
86345.9	2.31064E+13
86365.8	2.30768E+13
86385.7	2.30473E+13
86405.6	2.30179E+13
86425.5	2.29885E+13
86445.4	2.29591E+13
86465.3	2.29298E+13
86485.2	2.29005E+13
86505.1	2.28712E+13
86525	2.2842E+13
86544.9	2.28128E+13
86564.8	2.27836E+13
86584.7	2.27545E+13
86604.6	2.27254E+13
86624.5	2.26964E+13
86644.4	2.26674E+13
86664.3	2.26384E+13
86684.2	2.26095E+13
86704.1	2.25806E+13
86724	2.25517E+13
86743.9	2.25229E+13
86763.9	2.24941E+13
86783.8	2.24653E+13
86803.7	2.24366E+13
86823.6	2.2408E+13
86843.5	2.23793E+13
86863.4	2.23507E+13
86883.3	2.23221E+13
86903.2	2.22936E+13
86923.1	2.22651E+13
86943	2.22366E+13
86962.9	2.22082E+13
86982.8	2.21798E+13
87002.7	2.21515E+13
87022.6	2.21232E+13
87042.5	2.20949E+13
87062.4	2.20666E+13
87082.3	2.20384E+13
87102.2	2.20102E+13
87122.1	2.19821E+13
87142	2.1954E+13
87161.9	2.19259E+13
87181.8	2.18979E+13
87201.7	2.18699E+13
87221.6	2.18419E+13
87241.5	2.1814E+13
87261.5	2.17861E+13
87281.4	2.17583E+13
87301.3	2.17305E+13
87321.2	2.17027E+13
87341.1	2.16749E+13
87361	2.16472E+13
87380.9	2.16195E+13
87400.8	2.15919E+13
87420.7	2.15643E+13
87440.6	2.15367E+13
87460.5	2.15092E+13
87480.4	2.14817E+13
87500.3	2.14542E+13
87520.2	2.14268E+13
87540.1	2.13994E+13
87560	2.1372E+13
87579.9	2.13447E+13
87599.8	2.13174E+13
87619.7	2.12901E+13
87639.6	2.12629E+13
87659.5	2.12357E+13
87679.4	2.12085E+13
87699.3	2.11814E+13
87719.2	2.11543E+13
87739.1	2.11273E+13
87759.1	2.11002E+13
87779	2.10732E+13
87798.9	2.10463E+13
87818.8	2.10194E+13
87838.7	2.09925E+13
87858.6	2.09656E+13
87878.5	2.09388E+13
87898.4	2.0912E+13
87918.3	2.08853E+13
87938.2	2.08586E+13
87958.1	2.08319E+13
87978	2.08053E+13
87997.9	2.07786E+13
88017.8	2.07521E+13
88037.7	2.07255E+13
88057.6	2.0699E+13
88077.5	2.06725E+13
88097.4	2.06461E+13
88117.3	2.06197E+13
88137.2	2.05933E+13
88157.1	2.05669E+13
88177	2.05406E+13
88196.9	2.05144E+13
88216.8	2.04881E+13
88236.7	2.04619E+13
88256.7	2.04357E+13
88276.6	2.04096E+13
88296.5	2.03835E+13
88316.4	2.03574E+13
88336.3	2.03313E+13
88356.2	2.03053E+13
88376.1	2.02793E+13
88396	2.02534E+13
88415.9	2.02275E+13
88435.8	2.02016E+13
88455.7	2.01758E+13
88475.6	2.01499E+13
88495.5	2.01242E+13
88515.4	2.00984E+13
88535.3	2.00727E+13
88555.2	2.0047E+13
88575.1	2.00214E+13
88595	1.99957E+13
88614.9	1.99701E+13
88634.8	1.99446E+13
88654.7	1.99191E+13
88674.6	1.98936E+13
88694.5	1.98681E+13
88714.4	1.98427E+13
88734.3	1.98173E+13
88754.3	1.97919E+13
88774.2	1.97666E+13
88794.1	1.97413E+13
88814	1.9716E+13
88833.9	1.96908E+13
88853.8	1.96656E+13
88873.7	1.96404E+13
88893.6	1.96153E+13
88913.5	1.95902E+13
88933.4	1.95651E+13
88953.3	1.95401E+13
88973.2	1.95151E+13
88993.1	1.94901E+13
89013	1.94652E+13
89032.9	1.94402E+13
89052.8	1.94154E+13
89072.7	1.93905E+13
89092.6	1.93657E+13
89112.5	1.93409E+13
89132.4	1.93161E+13
89152.3	1.92914E+13
89172.2	1.92667E+13
89192.1	1.92421E+13
89212	1.92174E+13
89231.9	1.91928E+13
89251.9	1.91682E+13
89271.8	1.91437E+13
89291.7	1.91192E+13
89311.6	1.90947E+13
89331.5	1.90703E+13
89351.4	1.90459E+13
89371.3	1.90215E+13
89391.2	1.89971E+13
89411.1	1.89728E+13
89431	1.89485E+13
89450.9	1.89243E+13
89470.8	1.89E+13
89490.7	1.88758E+13
89510.6	1.88517E+13
89530.5	1.88275E+13
89550.4	1.88034E+13
89570.3	1.87793E+13
89590.2	1.87553E+13
89610.1	1.87313E+13
89630	1.87073E+13
89649.9	1.86833E+13
89669.8	1.86594E+13
89689.7	1.86355E+13
89709.6	1.86117E+13
89729.5	1.85878E+13
89749.4	1.8564E+13
89769.4	1.85403E+13
89789.3	1.85165E+13
89809.2	1.84928E+13
89829.1	1.84691E+13
89849	1.84455E+13
89868.9	1.84219E+13
89888.8	1.83983E+13
89908.7	1.83747E+13
89928.6	1.83512E+13
89948.5	1.83277E+13
89968.4	1.83042E+13
89988.3	1.82807E+13
90008.2	1.82573E+13
90028.1	1.8234E+13
90048	1.82106E+13
90067.9	1.81873E+13
90087.8	1.8164E+13
90107.7	1.81407E+13
90127.6	1.81175E+13
90147.5	1.80943E+13
90167.4	1.80711E+13
90187.3	1.8048E+13
90207.2	1.80248E+13
90227.1	1.80017E+13
90247	1.79787E+13
90267	1.79557E+13
90286.9	1.79327E+13
90306.8	1.79097E+13
90326.7	1.78867E+13
90346.6	1.78638E+13
90366.5	1.7841E+13
90386.4	1.78181E+13
90406.3	1.77953E+13
90426.2	1.77725E+13
90446.1	1.77497E+13
90466	1.7727E+13
90485.9	1.77043E+13
90505.8	1.76816E+13
90525.7	1.76589E+13
90545.6	1.76363E+13
90565.5	1.76137E+13
90585.4	1.75911E+13
90605.3	1.75686E+13
90625.2	1.75461E+13
90645.1	1.75236E+13
90665	1.75012E+13
90684.9	1.74787E+13
90704.8	1.74563E+13
90724.7	1.7434E+13
90744.6	1.74116E+13
90764.6	1.73893E+13
90784.5	1.7367E+13
90804.4	1.73448E+13
90824.3	1.73226E+13
90844.2	1.73004E+13
90864.1	1.72782E+13
90884	1.72561E+13
90903.9	1.7234E+13
90923.8	1.72119E+13
90943.7	1.71898E+13
90963.6	1.71678E+13
90983.5	1.71458E+13
91003.4	1.71238E+13
91023.3	1.71019E+13
91043.2	1.70799E+13
91063.1	1.70581E+13
91083	1.70362E+13
91102.9	1.70144E+13
91122.8	1.69926E+13
91142.7	1.69708E+13
91162.6	1.6949E+13
91182.5	1.69273E+13
91202.4	1.69056E+13
91222.3	1.6884E+13
91242.2	1.68623E+13
91262.2	1.68407E+13
91282.1	1.68191E+13
91302	1.67976E+13
91321.9	1.6776E+13
91341.8	1.67545E+13
91361.7	1.6733E+13
91381.6	1.67116E+13
91401.5	1.66902E+13
91421.4	1.66688E+13
91441.3	1.66474E+13
91461.2	1.66261E+13
91481.1	1.66048E+13
91501	1.65835E+13
91520.9	1.65622E+13
91540.8	1.6541E+13
91560.7	1.65198E+13
91580.6	1.64986E+13
91600.5	1.64775E+13
91620.4	1.64563E+13
91640.3	1.64352E+13
91660.2	1.64142E+13
91680.1	1.63931E+13
91700	1.63721E+13
91719.9	1.63511E+13
91739.8	1.63302E+13
91759.8	1.63092E+13
91779.7	1.62883E+13
91799.6	1.62674E+13
91819.5	1.62466E+13
91839.4	1.62257E+13
91859.3	1.62049E+13
91879.2	1.61842E+13
91899.1	1.61634E+13
91919	1.61427E+13
91938.9	1.6122E+13
91958.8	1.61013E+13
91978.7	1.60807E+13
91998.6	1.60601E+13
92018.5	1.60395E+13
92038.4	1.60189E+13
92058.3	1.59984E+13
92078.2	1.59778E+13
92098.1	1.59574E+13
92118	1.59369E+13
92137.9	1.59165E+13
92157.8	1.5896E+13
92177.7	1.58757E+13
92197.6	1.58553E+13
92217.5	1.5835E+13
92237.4	1.58147E+13
92257.4	1.57944E+13
92277.3	1.57741E+13
92297.2	1.57539E+13
92317.1	1.57337E+13
92337	1.57135E+13
92356.9	1.56934E+13
92376.8	1.56732E+13
92396.7	1.56531E+13
92416.6	1.56331E+13
92436.5	1.5613E+13
92456.4	1.5593E+13
92476.3	1.5573E+13
92496.2	1.5553E+13
92516.1	1.55331E+13
92536	1.55131E+13
92555.9	1.54932E+13
92575.8	1.54734E+13
92595.7	1.54535E+13
92615.6	1.54337E+13
92635.5	1.54139E+13
92655.4	1.53941E+13
92675.3	1.53744E+13
92695.2	1.53547E+13
92715.1	1.5335E+13
92735	1.53153E+13
92755	1.52957E+13
92774.9	1.5276E+13
92794.8	1.52564E+13
92814.7	1.52369E+13
92834.6	1.52173E+13
92854.5	1.51978E+13
92874.4	1.51783E+13
92894.3	1.51588E+13
92914.2	1.51394E+13
92934.1	1.512E+13
92954	1.51006E+13
92973.9	1.50812E+13
92993.8	1.50618E+13
93013.7	1.50425E+13
93033.6	1.50232E+13
93053.5	1.50039E+13
93073.4	1.49847E+13
93093.3	1.49655E+13
93113.2	1.49463E+13
93133.1	1.49271E+13
93153	1.49079E+13
93172.9	1.48888E+13
93192.8	1.48697E+13
93212.7	1.48506E+13
93232.6	1.48316E+13
93252.6	1.48125E+13
93272.5	1.47935E+13
93292.4	1.47745E+13
93312.3	1.47556E+13
93332.2	1.47367E+13
93352.1	1.47177E+13
93372	1.46989E+13
93391.9	1.468E+13
93411.8	1.46612E+13
93431.7	1.46423E+13
93451.6	1.46236E+13
93471.5	1.46048E+13
93491.4	1.4586E+13
93511.3	1.45673E+13
93531.2	1.45486E+13
93551.1	1.453E+13
93571	1.45113E+13
93590.9	1.44927E+13
93610.8	1.44741E+13
93630.7	1.44555E+13
93650.6	1.4437E+13
93670.5	1.44184E+13
93690.4	1.43999E+13
93710.3	1.43814E+13
93730.2	1.4363E+13
93750.1	1.43446E+13
93770.1	1.43261E+13
93790	1.43078E+13
93809.9	1.42894E+13
93829.8	1.4271E+13
93849.7	1.42527E+13
93869.6	1.42344E+13
93889.5	1.42162E+13
93909.4	1.41979E+13
93929.3	1.41797E+13
93949.2	1.41615E+13
93969.1	1.41433E+13
93989	1.41252E+13
94008.9	1.4107E+13
94028.8	1.40889E+13
94048.7	1.40708E+13
94068.6	1.40528E+13
94088.5	1.40347E+13
94108.4	1.40167E+13
94128.3	1.39987E+13
94148.2	1.39807E+13
94168.1	1.39628E+13
94188	1.39449E+13
94207.9	1.3927E+13
94227.8	1.39091E+13
94247.8	1.38912E+13
94267.7	1.38734E+13
94287.6	1.38556E+13
94307.5	1.38378E+13
94327.4	1.382E+13
94347.3	1.38023E+13
94367.2	1.37846E+13
94387.1	1.37669E+13
94407	1.37492E+13
94426.9	1.37315E+13
94446.8	1.37139E+13
94466.7	1.36963E+13
94486.6	1.36787E+13
94506.5	1.36612E+13
94526.4	1.36436E+13
94546.3	1.36261E+13
94566.2	1.36086E+13
94586.1	1.35911E+13
94606	1.35737E+13
94625.9	1.35562E+13
94645.8	1.35388E+13
94665.7	1.35214E+13
94685.6	1.35041E+13
94705.5	1.34867E+13
94725.4	1.34694E+13
94745.3	1.34521E+13
94765.3	1.34348E+13
94785.2	1.34176E+13
94805.1	1.34004E+13
94825	1.33832E+13
94844.9	1.3366E+13
94864.8	1.33488E+13
94884.7	1.33317E+13
94904.6	1.33145E+13
94924.5	1.32974E+13
94944.4	1.32804E+13
94964.3	1.32633E+13
94984.2	1.32463E+13
95004.1	1.32293E+13
95024	1.32123E+13
95043.9	1.31953E+13
95063.8	1.31783E+13
95083.7	1.31614E+13
95103.6	1.31445E+13
95123.5	1.31276E+13
95143.4	1.31108E+13
95163.3	1.30939E+13
95183.2	1.30771E+13
95203.1	1.30603E+13
95223	1.30435E+13
95242.9	1.30268E+13
95262.9	1.301E+13
95282.8	1.29933E+13
95302.7	1.29766E+13
95322.6	1.296E+13
95342.5	1.29433E+13
95362.4	1.29267E+13
95382.3	1.29101E+13
95402.2	1.28935E+13
95422.1	1.28769E+13
95442	1.28604E+13
95461.9	1.28439E+13
95481.8	1.28274E+13
95501.7	1.28109E+13
95521.6	1.27944E+13
95541.5	1.2778E+13
95561.4	1.27616E+13
95581.3	1.27452E+13
95601.2	1.27288E+13
95621.1	1.27125E+13
95641	1.26961E+13
95660.9	1.26798E+13
95680.8	1.26635E+13
95700.7	1.26473E+13
95720.6	1.2631E+13
95740.5	1.26148E+13
95760.5	1.25986E+13
95780.4	1.25824E+13
95800.3	1.25662E+13
95820.2	1.25501E+13
95840.1	1.25339E+13
95860	1.25178E+13
95879.9	1.25018E+13
95899.8	1.24857E+13
95919.7	1.24696E+13
95939.6	1.24536E+13
95959.5	1.24376E+13
95979.4	1.24216E+13
95999.3	1.24057E+13
96019.2	1.23897E+13
96039.1	1.23738E+13
96059	1.23579E+13
96078.9	1.2342E+13
96098.8	1.23262E+13
96118.7	1.23103E+13
96138.6	1.22945E+13
96158.5	1.22787E+13
96178.4	1.22629E+13
96198.3	1.22472E+13
96218.2	1.22314E+13
96238.1	1.22157E+13
96258.1	1.22E+13
96278	1.21843E+13
96297.9	1.21687E+13
96317.8	1.2153E+13
96337.7	1.21374E+13
96357.6	1.21218E+13
96377.5	1.21062E+13
96397.4	1.20907E+13
96417.3	1.20751E+13
96437.2	1.20596E+13
96457.1	1.20441E+13
96477	1.20286E+13
96496.9	1.20132E+13
96516.8	1.19977E+13
96536.7	1.19823E+13
96556.6	1.19669E+13
96576.5	1.19515E+13
96596.4	1.19362E+13
96616.3	1.19208E+13
96636.2	1.19055E+13
96656.1	1.18902E+13
96676	1.18749E+13
96695.9	1.18596E+13
96715.8	1.18444E+13
96735.7	1.18292E+13
96755.7	1.1814E+13
96775.6	1.17988E+13
96795.5	1.17836E+13
96815.4	1.17684E+13
96835.3	1.17533E+13
96855.2	1.17382E+13
96875.1	1.17231E+13
96895	1.1708E+13
96914.9	1.1693E+13
96934.8	1.1678E+13
96954.7	1.16629E+13
96974.6	1.16479E+13
96994.5	1.1633E+13
97014.4	1.1618E+13
97034.3	1.16031E+13
97054.2	1.15882E+13
97074.1	1.15733E+13
97094	1.15584E+13
97113.9	1.15435E+13
97133.8	1.15287E+13
97153.7	1.15139E+13
97173.6	1.1499E+13
97193.5	1.14843E+13
97213.4	1.14695E+13
97233.3	1.14547E+13
97253.3	1.144E+13
97273.2	1.14253E+13
97293.1	1.14106E+13
97313	1.13959E+13
97332.9	1.13813E+13
97352.8	1.13667E+13
97372.7	1.1352E+13
97392.6	1.13374E+13
97412.5	1.13229E+13
97432.4	1.13083E+13
97452.3	1.12938E+13
97472.2	1.12792E+13
97492.1	1.12647E+13
97512	1.12502E+13
97531.9	1.12358E+13
97551.8	1.12213E+13
97571.7	1.12069E+13
97591.6	1.11925E+13
97611.5	1.11781E+13
97631.4	1.11637E+13
97651.3	1.11493E+13
97671.2	1.1135E+13
97691.1	1.11207E+13
97711	1.11064E+13
97730.9	1.10921E+13
97750.9	1.10778E+13
97770.8	1.10636E+13
97790.7	1.10494E+13
97810.6	1.10351E+13
97830.5	1.10209E+13
97850.4	1.10068E+13
97870.3	1.09926E+13
97890.2	1.09785E+13
97910.1	1.09644E+13
97930	1.09502E+13
97949.9	1.09362E+13
97969.8	1.09221E+13
97989.7	1.0908E+13
98009.6	1.0894E+13
98029.5	1.088E+13
98049.4	1.0866E+13
98069.3	1.0852E+13
98089.2	1.08381E+13
98109.1	1.08241E+13
98129	1.08102E+13
98148.9	1.07963E+13
98168.8	1.07824E+13
98188.7	1.07685E+13
98208.6	1.07547E+13
98228.5	1.07408E+13
98248.4	1.0727E+13
98268.4	1.07132E+13
98288.3	1.06994E+13
98308.2	1.06857E+13
98328.1	1.06719E+13
98348	1.06582E+13
98367.9	1.06445E+13
98387.8	1.06308E+13
98407.7	1.06171E+13
98427.6	1.06035E+13
98447.5	1.05898E+13
98467.4	1.05762E+13
98487.3	1.05626E+13
98507.2	1.0549E+13
98527.1	1.05354E+13
98547	1.05219E+13
98566.9	1.05083E+13
98586.8	1.04948E+13
98606.7	1.04813E+13
98626.6	1.04678E+13
98646.5	1.04543E+13
98666.4	1.04409E+13
98686.3	1.04274E+13
98706.2	1.0414E+13
98726.1	1.04006E+13
98746	1.03872E+13
98766	1.03739E+13
98785.9	1.03605E+13
98805.8	1.03472E+13
98825.7	1.03339E+13
98845.6	1.03206E+13
98865.5	1.03073E+13
98885.4	1.0294E+13
98905.3	1.02808E+13
98925.2	1.02676E+13
98945.1	1.02543E+13
98965	1.02411E+13
98984.9	1.0228E+13
99004.8	1.02148E+13
99024.7	1.02017E+13
99044.6	1.01885E+13
99064.5	1.01754E+13
99084.4	1.01623E+13
99104.3	1.01492E+13
99124.2	1.01362E+13
99144.1	1.01231E+13
99164	1.01101E+13
99183.9	1.00971E+13
99203.8	1.00841E+13
99223.7	1.00711E+13
99243.6	1.00581E+13
99263.6	1.00452E+13
99283.5	1.00323E+13
99303.4	1.00194E+13
99323.3	1.00065E+13
99343.2	9.99358E+12
99363.1	9.98071E+12
99383	9.96787E+12
99402.9	9.95503E+12
99422.8	9.94222E+12
99442.7	9.92942E+12
99462.6	9.91664E+12
99482.5	9.90387E+12
99502.4	9.89112E+12
99522.3	9.87839E+12
99542.2	9.86567E+12
99562.1	9.85297E+12
99582	9.84029E+12
99601.9	9.82762E+12
99621.8	9.81497E+12
99641.7	9.80233E+12
99661.6	9.78971E+12
99681.5	9.77711E+12
99701.4	9.76452E+12
99721.3	9.75195E+12
99741.2	9.7394E+12
99761.2	9.72686E+12
99781.1	9.71434E+12
99801	9.70183E+12
99820.9	9.68934E+12
99840.8	9.67686E+12
99860.7	9.6644E+12
99880.6	9.65196E+12
99900.5	9.63953E+12
99920.4	9.62712E+12
99940.3	9.61472E+12
99960.2	9.60234E+12
99980.1	9.58998E+12
100000	9.57763E+12
